1766869200869 0.010235000001557637 0
1766869201873 4.292799999999261 1
1766869202875 15.74971799999912 2
1766869203878 15.77215299999807 3
1766869204881 15.879766999998537 4
1766869205884 15.91700199999832 5
1766869206887 15.942237999999634 6
1766869207902 15.983645000000251 7
1766869200869 0.010235000001557637 0
1766869208912 16.04469600000084 8
1766869209915 16.22678900000028 9
1766869210919 31.855282000000443 10
1766869211922 31.874727999998868 11
1766869212925 31.887148999998317 12
1766869213928 31.896060999999463 13
1766869214932 32.013457000000926 14
