1766869200869 0.010234999997919658 0
1766869201873 4.293392999999924 1
1766869202875 15.738728000000265 2
1766869203878 15.762296000000788 3
1766869204881 15.869910000001255 4
1766869205884 15.907145000001037 5
1766869206887 15.93382500000007 6
1766869207902 15.975232000000688 7
1766869200869 0.010234999997919658 0
1766869208912 16.036208999998053 8
1766869209915 16.212180999998964 9
1766869210919 31.82532799999899 10
1766869211922 31.8405840000014 11
1766869212925 31.85305299999891 12
1766869213928 31.861965000000055 13
1766869214932 31.979361000001518 14
