1766857808425 0.0 9
1766857810718 0.0 19
1766857815511 0.0 29
1766857817313 0.0 39
1766857819086 0.0 49
1766857820895 0.0 59
1766857822696 0.0 69
1766857824461 0.0 79
1766857826265 0.0 89
1766857828061 0.0 99
1766857829828 0.0 109
1766857831632 0.0 119
1766857833436 0.0 129
1766857835204 0.0 139
1766857837005 0.0 149
1766857838802 0.0 159
1766857840552 0.0 169
1766857842319 0.0 179
1766857844140 0.0 189
1766857845920 0.0 199
1766857850655 0.0 209
1766857852469 0.0 219
1766857854252 0.0 229
1766857856067 0.0 239
1766857857879 0.0 249
1766857859658 0.0 259
1766857861468 0.0 269
1766857863275 0.0 279
1766857865074 0.0 289
1766857866862 0.0 299
1766857868672 0.0 309
1766857870458 0.0 319
1766857872265 0.0 329
1766857878355 0.0 334
1766857880266 1.0 339
1766857882068 1.0 349
1766857886793 1.0 359
1766857888582 1.0 369
1766857891103 1.0 379
1766857892907 1.0 389
1766857894688 1.0 399
1766857896476 1.0 409
1766857898283 1.0 419
1766857900056 1.0 429
1766857901860 1.0 439
1766857903663 1.0 449
1766857905436 1.0 459
1766857907241 1.0 469
1766857909044 1.0 479
1766857910821 1.0 489
1766857912622 1.0 499
1766857914431 1.0 509
1766857916208 1.0 519
1766857920945 1.0 529
1766857922743 1.0 539
1766857924519 1.0 549
1766857926310 1.0 559
1766857928111 1.0 569
1766857929890 1.0 579
1766857931692 1.0 589
1766857933511 1.0 599
1766857935303 1.0 609
1766857937112 1.0 619
1766857938909 1.0 629
1766857940694 1.0 639
1766857942491 1.0 649
1766857944292 1.0 659
1766857946279 1.0 669
1766857951255 1.0 669
1766857957058 2.0 679
1766857958868 2.0 689
1766857960652 2.0 699
1766857962467 2.0 709
1766857964276 2.0 719
1766857966066 2.0 729
1766857967878 2.0 739
1766857969688 2.0 749
1766857971482 2.0 759
1766857973303 2.0 769
1766857975105 2.0 779
1766857977611 2.0 789
1766857979451 2.0 799
1766857981262 2.0 809
1766857983053 2.0 819
1766857984865 2.0 829
1766857986683 2.0 839
1766857991414 2.0 849
1766857993234 2.0 859
1766857995055 2.0 869
1766857996846 2.0 879
1766857998649 2.0 889
1766858000471 2.0 899
1766858002265 2.0 909
1766858004074 2.0 919
1766858005888 2.0 929
1766858007679 2.0 939
1766858009484 2.0 949
1766858011297 2.0 959
1766858013089 2.0 969
1766858014902 2.0 979
1766858016718 2.0 989
1766858018512 2.0 999
1766858027597 2.0 1004
1766858029587 3.0 1009
1766858031376 3.0 1019
1766858033898 3.0 1029
1766858035710 3.0 1039
1766858037498 3.0 1049
1766858039306 3.0 1059
1766858041120 3.0 1069
1766858042911 3.0 1079
1766858044725 3.0 1089
1766858046549 3.0 1099
1766858048338 3.0 1109
1766858050154 3.0 1119
1766858051971 3.0 1129
1766858053765 3.0 1139
1766858055578 3.0 1149
1766858057393 3.0 1159
1766858062119 3.0 1169
1766858063931 3.0 1179
1766858066265 3.0 1189
1766858068053 3.0 1199
1766858069875 3.0 1209
1766858071684 3.0 1219
1766858073504 3.0 1229
1766858075316 3.0 1239
1766858077138 3.0 1249
1766858078932 3.0 1259
1766858080754 3.0 1269
1766858082565 3.0 1279
1766858084357 3.0 1289
1766858086181 3.0 1299
1766858087990 3.0 1309
1766858089782 3.0 1319
1766858091608 3.0 1329
1766858093639 3.0 1339
1766858102358 3.0 1339
1766858105268 4.0 1349
1766858107078 4.0 1359
1766858108908 4.0 1369
1766858110704 4.0 1379
1766858112525 4.0 1389
1766858114338 4.0 1399
1766858116132 4.0 1409
1766858117958 4.0 1419
1766858119774 4.0 1429
1766858121568 4.0 1439
1766858123402 4.0 1449
1766858125223 4.0 1459
1766858127019 4.0 1469
1766858128833 4.0 1479
1766858133579 4.0 1489
1766858136105 4.0 1499
1766858137932 4.0 1509
1766858139756 4.0 1519
1766858141555 4.0 1529
1766858143393 4.0 1539
1766858145208 4.0 1549
1766858147029 4.0 1559
1766858148860 4.0 1569
1766858150678 4.0 1579
1766858152475 4.0 1589
1766858154289 4.0 1599
1766858156113 4.0 1609
1766858157910 4.0 1619
1766858159729 4.0 1629
1766858161538 4.0 1639
1766858163334 4.0 1649
1766858168090 4.0 1659
1766858170402 4.0 1669
1766858176516 4.0 1674
1766858178483 5.0 1679
1766858180368 5.0 1689
1766858182159 5.0 1699
1766858183979 5.0 1709
1766858185806 5.0 1719
1766858187601 5.0 1729
1766858189418 5.0 1739
1766858191246 5.0 1749
1766858193044 5.0 1759
1766858194863 5.0 1769
1766858196683 5.0 1779
1766858198620 5.0 1789
1766858204145 5.0 1799
1766858206017 5.0 1809
1766858207812 5.0 1819
1766858209707 5.0 1829
1766858211518 5.0 1839
1766858213344 5.0 1849
1766858215152 5.0 1859
1766858216968 5.0 1869
1766858218793 5.0 1879
1766858220595 5.0 1889
1766858222411 5.0 1899
1766858224210 5.0 1909
1766858226003 5.0 1919
1766858227812 5.0 1929
1766858229629 5.0 1939
1766858231434 5.0 1949
1766858233251 5.0 1959
1766858237997 5.0 1969
1766858239799 5.0 1979
1766858241612 5.0 1989
1766858243432 5.0 1999
1766858245437 5.0 2009
1766858250571 5.0 2009
1766858253429 6.0 2019
1766858255247 6.0 2029
1766858257047 6.0 2039
1766858258856 6.0 2049
1766858260669 6.0 2059
1766858262465 6.0 2069
1766858264287 6.0 2079
1766858266099 6.0 2089
1766858267920 6.0 2099
1766858269762 6.0 2109
1766858274512 6.0 2119
1766858276311 6.0 2129
1766858278130 6.0 2139
1766858279938 6.0 2149
1766858281732 6.0 2159
1766858283541 6.0 2169
1766858285373 6.0 2179
1766858287170 6.0 2189
1766858288981 6.0 2199
1766858290803 6.0 2209
1766858292602 6.0 2219
1766858295153 6.0 2229
1766858296978 6.0 2239
1766858298777 6.0 2249
1766858300594 6.0 2259
1766858302409 6.0 2269
1766858304221 6.0 2279
1766858308965 6.0 2289
1766858310793 6.0 2299
1766858312585 6.0 2309
1766858314407 6.0 2319
1766858316214 6.0 2329
1766858318013 6.0 2339
1766858324226 6.0 2344
1766858326150 7.0 2349
1766858327949 7.0 2359
1766858329767 7.0 2369
1766858331589 7.0 2379
1766858333392 7.0 2389
1766858335204 7.0 2399
1766858337015 7.0 2409
1766858339573 7.0 2419
1766858344335 7.0 2429
1766858346164 7.0 2439
1766858347973 7.0 2449
1766858349788 7.0 2459
1766858351596 7.0 2469
1766858353405 7.0 2479
1766858355231 7.0 2489
1766858357040 7.0 2499
1766858358843 7.0 2509
1766858360658 7.0 2519
1766858362477 7.0 2529
1766858364287 7.0 2539
1766858366117 7.0 2549
1766858367927 7.0 2559
1766858369739 7.0 2569
1766858371543 7.0 2579
1766858373355 7.0 2589
1766858375157 7.0 2599
1766858379914 7.0 2609
1766858381742 7.0 2619
1766858383546 7.0 2629
1766858385366 7.0 2639
1766858387693 7.0 2649
1766858389497 7.0 2659
1766858391317 7.0 2669
1766858393336 7.0 2679
1766858398414 7.0 2679
1766858401325 8.0 2689
1766858403140 8.0 2699
1766858404967 8.0 2709
1766858406785 8.0 2719
1766858408578 8.0 2729
1766858410374 8.0 2739
1766858415113 8.0 2749
1766858416921 8.0 2759
1766858418734 8.0 2769
1766858420543 8.0 2779
1766858422383 8.0 2789
1766858424208 8.0 2799
1766858426014 8.0 2809
1766858428581 8.0 2819
1766858430420 8.0 2829
1766858432233 8.0 2839
1766858434051 8.0 2849
1766858435870 8.0 2859
1766858437684 8.0 2869
1766858439506 8.0 2879
1766858441325 8.0 2889
1766858443127 8.0 2899
1766858444958 8.0 2909
1766858449710 8.0 2919
1766858451519 8.0 2929
1766858453338 8.0 2939
1766858455154 8.0 2949
1766858456961 8.0 2959
1766858458782 8.0 2969
1766858460608 8.0 2979
1766858462418 8.0 2989
1766858464773 8.0 2999
1766858466600 8.0 3009
1766858472886 8.0 3014
1766858474872 9.0 3019
1766858476695 9.0 3029
1766858478496 9.0 3039
1766858480321 9.0 3049
1766858485078 9.0 3059
1766858486881 9.0 3069
1766858488711 9.0 3079
1766858490544 9.0 3089
1766858492357 9.0 3099
1766858494173 9.0 3109
1766858495993 9.0 3119
1766858497791 9.0 3129
1766858500356 9.0 3139
1766858502180 9.0 3149
1766858503979 9.0 3159
1766858505808 9.0 3169
1766858507639 9.0 3179
1766858509443 9.0 3189
1766858511260 9.0 3199
1766858513091 9.0 3209
1766858514899 9.0 3219
1766858519652 9.0 3229
1766858521482 9.0 3239
1766858523286 9.0 3249
1766858525136 9.0 3259
1766858526952 9.0 3269
1766858528756 9.0 3279
1766858530577 9.0 3289
1766858532405 9.0 3299
1766858534208 9.0 3309
1766858536561 9.0 3319
1766858538391 9.0 3329
1766858540193 9.0 3339
1766858542237 9.0 3349
1766858547398 9.0 3349
1766858550248 10.0 3359
1766858554985 10.0 3369
1766858556818 10.0 3379
1766858558647 10.0 3389
1766858560451 10.0 3399
1766858562276 10.0 3409
1766858564095 10.0 3419
1766858565891 10.0 3429
1766858567714 10.0 3439
1766858569534 10.0 3449
1766858571338 10.0 3459
1766858573927 10.0 3469
1766858575748 10.0 3479
1766858577552 10.0 3489
1766858579379 10.0 3499
1766858581205 10.0 3509
1766858583030 10.0 3519
1766858584854 10.0 3529
1766858589600 10.0 3539
1766858591412 10.0 3549
1766858593237 10.0 3559
1766858595104 10.0 3569
1766858596909 10.0 3579
1766858598743 10.0 3589
1766858600559 10.0 3599
1766858602377 10.0 3609
1766858604204 10.0 3619
1766858606028 10.0 3629
1766858607836 10.0 3639
1766858610187 10.0 3649
1766858612018 10.0 3659
1766858613826 10.0 3669
1766858615643 10.0 3679
1766858624860 10.0 3684
1766858626806 11.0 3689
1766858628741 11.0 3699
1766858630566 11.0 3709
1766858632395 11.0 3719
1766858634208 11.0 3729
1766858636031 11.0 3739
1766858637847 11.0 3749
1766858639660 11.0 3759
1766858641507 11.0 3769
1766858643329 11.0 3779
1766858645884 11.0 3789
1766858647708 11.0 3799
1766858649539 11.0 3809
1766858651348 11.0 3819
1766858653182 11.0 3829
1766858655004 11.0 3839
1766858659753 11.0 3849
1766858661583 11.0 3859
1766858663387 11.0 3869
1766858665189 11.0 3879
1766858667001 11.0 3889
1766858668816 11.0 3899
1766858670631 11.0 3909
1766858672480 11.0 3919
1766858674285 11.0 3929
1766858676085 11.0 3939
1766858677890 11.0 3949
1766858679688 11.0 3959
1766858682007 11.0 3969
1766858683833 11.0 3979
1766858685652 11.0 3989
1766858687468 11.0 3999
1766858689282 11.0 4009
1766858691323 11.0 4019
1766858699326 11.0 4019
1766858702220 12.0 4029
1766858704043 12.0 4039
1766858705853 12.0 4049
1766858707680 12.0 4059
1766858709496 12.0 4069
1766858711301 12.0 4079
1766858713130 12.0 4089
1766858714959 12.0 4099
1766858716760 12.0 4109
1766858719335 12.0 4119
1766858721169 12.0 4129
1766858722972 12.0 4139
1766858724801 12.0 4149
1766858726635 12.0 4159
1766858731376 12.0 4169
1766858733209 12.0 4179
1766858735036 12.0 4189
1766858736846 12.0 4199
1766858738674 12.0 4209
1766858740507 12.0 4219
1766858742321 12.0 4229
1766858744146 12.0 4239
1766858745972 12.0 4249
1766858747779 12.0 4259
1766858749613 12.0 4269
1766858751441 12.0 4279
1766858753249 12.0 4289
1766858755608 12.0 4299
1766858757436 12.0 4309
1766858759251 12.0 4319
1766858761076 12.0 4329
1766858765861 12.0 4339
1766858767678 12.0 4349
1766858773965 12.0 4354
1766858775906 13.0 4359
1766858777719 13.0 4369
1766858779552 13.0 4379
1766858781374 13.0 4389
1766858783178 13.0 4399
1766858785018 13.0 4409
1766858786844 13.0 4419
1766858788658 13.0 4429
1766858791173 13.0 4439
1766858793064 13.0 4449
1766858794872 13.0 4459
1766858796706 13.0 4469
1766858801473 13.0 4479
1766858803286 13.0 4489
1766858805115 13.0 4499
1766858806945 13.0 4509
1766858808748 13.0 4519
1766858810581 13.0 4529
1766858812405 13.0 4539
1766858814212 13.0 4549
1766858816042 13.0 4559
1766858817856 13.0 4569
1766858819675 13.0 4579
1766858821515 13.0 4589
1766858823340 13.0 4599
1766858825155 13.0 4609
1766858827497 13.0 4619
1766858829329 13.0 4629
1766858831131 13.0 4639
1766858835903 13.0 4649
1766858837736 13.0 4659
1766858839550 13.0 4669
1766858841380 13.0 4679
1766858843417 13.0 4689
1766858848527 13.0 4689
1766858851439 14.0 4699
1766858853270 14.0 4709
1766858855104 14.0 4719
1766858856922 14.0 4729
1766858858764 14.0 4739
1766858860591 14.0 4749
1766858862409 14.0 4759
1766858865000 14.0 4769
1766858866824 14.0 4779
1766858871573 14.0 4789
1766858873394 14.0 4799
1766858875225 14.0 4809
1766858877032 14.0 4819
1766858878879 14.0 4829
1766858880701 14.0 4839
1766858882521 14.0 4849
1766858884359 14.0 4859
1766858886188 14.0 4869
1766858887995 14.0 4879
1766858889830 14.0 4889
1766858891658 14.0 4899
1766858893475 14.0 4909
1766858895309 14.0 4919
1766858897136 14.0 4929
1766858898947 14.0 4939
1766858901309 14.0 4949
1766858906075 14.0 4959
1766858907891 14.0 4969
1766858909780 14.0 4979
1766858911598 14.0 4989
1766858913408 14.0 4999
1766858915255 14.0 5009
1766858917077 14.0 5019
1766858923389 14.0 5024
