1766857808425 3.2970194816589355 9
1766857810718 3.2851309776306152 19
1766857815511 3.236483097076416 29
1766857817313 3.1503398418426514 39
1766857819086 2.9596447944641113 49
1766857820895 2.7648894786834717 59
1766857822696 3.0719213485717773 69
1766857824461 2.9925756454467773 79
1766857826265 2.7133729457855225 89
1766857828061 2.9868760108947754 99
1766857829828 2.776993989944458 109
1766857831632 2.6989872455596924 119
1766857833436 2.981621265411377 129
1766857835204 2.8896067142486572 139
1766857837005 2.907297372817993 149
1766857838802 2.6549232006073 159
1766857840552 3.067812204360962 169
1766857842319 2.7590885162353516 179
1766857844140 2.6465187072753906 189
1766857845920 2.9853217601776123 199
1766857850655 2.60562801361084 209
1766857852469 2.473799467086792 219
1766857854252 2.7037887573242188 229
1766857856067 2.7095069885253906 239
1766857857879 2.534756660461426 249
1766857859658 2.7753777503967285 259
1766857861468 2.5929179191589355 269
1766857863275 2.680569648742676 279
1766857865074 2.4126834869384766 289
1766857866862 2.717958450317383 299
1766857868672 2.93269419670105 309
1766857870458 2.641108989715576 319
1766857872265 2.911827564239502 329
1766857880266 2.916790723800659 339
1766857882068 2.711930274963379 349
1766857886793 2.8014888763427734 359
1766857888582 2.66538143157959 369
1766857891103 2.523721694946289 379
1766857892907 2.853123903274536 389
1766857894688 2.9090769290924072 399
1766857896476 2.8003225326538086 409
1766857898283 2.466778516769409 419
1766857900056 2.5296194553375244 429
1766857901860 2.630504608154297 439
1766857903663 2.631321907043457 449
1766857905436 2.740851879119873 459
1766857907241 2.67747163772583 469
1766857909044 2.5479073524475098 479
1766857910821 2.414973258972168 489
1766857912622 2.797703504562378 499
1766857914431 2.7950241565704346 509
1766857916208 2.6124074459075928 519
1766857920945 2.42038631439209 529
1766857922743 2.7414333820343018 539
1766857924519 2.741295576095581 549
1766857926310 2.723424196243286 559
1766857928111 2.769651412963867 569
1766857929890 2.4437942504882812 579
1766857931692 2.454573154449463 589
1766857933511 2.709524631500244 599
1766857935303 2.6604881286621094 609
1766857937112 2.286289691925049 619
1766857938909 2.4153761863708496 629
1766857940694 2.682034492492676 639
1766857942491 2.484490394592285 649
1766857944292 2.569369316101074 659
1766857946279 2.5643293857574463 669
1766857957058 2.42972469329834 679
1766857958868 2.788691282272339 689
1766857960652 2.770291805267334 699
1766857962467 2.6376938819885254 709
1766857964276 2.4140775203704834 719
1766857966066 2.5923845767974854 729
1766857967878 2.5647928714752197 739
1766857969688 2.3791310787200928 749
1766857971482 2.398837089538574 759
1766857973303 2.361349105834961 769
1766857975105 2.4673852920532227 779
1766857977611 2.566850423812866 789
1766857979451 2.268068313598633 799
1766857981262 2.7619168758392334 809
1766857983053 2.831630229949951 819
1766857984865 2.4110629558563232 829
1766857986683 2.3744187355041504 839
1766857991414 2.6200640201568604 849
1766857993234 2.636514186859131 859
1766857995055 2.621102809906006 869
1766857996846 2.7654147148132324 879
1766857998649 2.5264945030212402 889
1766858000471 2.4135162830352783 899
1766858002265 2.4036056995391846 909
1766858004074 2.3967275619506836 919
1766858005888 2.4797420501708984 929
1766858007679 2.477055549621582 939
1766858009484 2.1951346397399902 949
1766858011297 2.5182154178619385 959
1766858013089 2.6383249759674072 969
1766858014902 2.6841013431549072 979
1766858016718 2.5149760246276855 989
1766858018512 2.4588117599487305 999
1766858029587 2.292609214782715 1009
1766858031376 2.7485768795013428 1019
1766858033898 2.44978666305542 1029
1766858035710 2.4816489219665527 1039
1766858037498 2.3591480255126953 1049
1766858039306 2.5659027099609375 1059
1766858041120 2.6772077083587646 1069
1766858042911 2.5842926502227783 1079
1766858044725 2.5391032695770264 1089
1766858046549 2.3775696754455566 1099
1766858048338 2.2903552055358887 1109
1766858050154 2.5797340869903564 1119
1766858051971 2.4509973526000977 1129
1766858053765 2.2460691928863525 1139
1766858055578 2.5604088306427 1149
1766858057393 2.573530673980713 1159
1766858062119 2.3342466354370117 1169
1766858063931 2.4682364463806152 1179
1766858066265 2.2851040363311768 1189
1766858068053 2.513579845428467 1199
1766858069875 2.7623517513275146 1209
1766858071684 2.5194430351257324 1219
1766858073504 2.6518101692199707 1229
1766858075316 2.383894681930542 1239
1766858077138 2.144543409347534 1249
1766858078932 2.3445048332214355 1259
1766858080754 2.5022177696228027 1269
1766858082565 2.4743266105651855 1279
1766858084357 2.712829828262329 1289
1766858086181 2.5552783012390137 1299
1766858087990 2.546501636505127 1309
1766858089782 2.2068123817443848 1319
1766858091608 2.6476709842681885 1329
1766858093639 2.623209238052368 1339
1766858105268 2.2976136207580566 1349
1766858107078 2.5818421840667725 1359
1766858108908 2.135042190551758 1369
1766858110704 2.527369260787964 1379
1766858112525 2.5103392601013184 1389
1766858114338 2.3407421112060547 1399
1766858116132 2.5949862003326416 1409
1766858117958 2.2527520656585693 1419
1766858119774 2.3320493698120117 1429
1766858121568 2.500563621520996 1439
1766858123402 2.677846670150757 1449
1766858125223 2.62739896774292 1459
1766858127019 2.44457745552063 1469
1766858128833 2.308450222015381 1479
1766858133579 2.541309356689453 1489
1766858136105 2.6379289627075195 1499
1766858137932 2.3530678749084473 1509
1766858139756 2.4403417110443115 1519
1766858141555 2.4461429119110107 1529
1766858143393 2.574178695678711 1539
1766858145208 2.386606216430664 1549
1766858147029 2.708895444869995 1559
1766858148860 2.5751588344573975 1569
1766858150678 2.512155055999756 1579
1766858152475 2.599846124649048 1589
1766858154289 2.679515838623047 1599
1766858156113 2.681385040283203 1609
1766858157910 2.306288480758667 1619
1766858159729 2.180389881134033 1629
1766858161538 2.19305157661438 1639
1766858163334 2.4802405834198 1649
1766858168090 2.391746759414673 1659
1766858170402 2.2624270915985107 1669
1766858178483 2.3038711547851562 1679
1766858180368 2.5877981185913086 1689
1766858182159 2.258401870727539 1699
1766858183979 2.1996006965637207 1709
1766858185806 2.500169277191162 1719
1766858187601 2.4582934379577637 1729
1766858189418 2.528014659881592 1739
1766858191246 2.603473663330078 1749
1766858193044 2.522963762283325 1759
1766858194863 2.6068177223205566 1769
1766858196683 2.552011489868164 1779
1766858198620 2.3570992946624756 1789
1766858204145 2.545255661010742 1799
1766858206017 2.438066244125366 1809
1766858207812 2.455230236053467 1819
1766858209707 2.5215072631835938 1829
1766858211518 2.8497872352600098 1839
1766858213344 2.604309558868408 1849
1766858215152 2.4683122634887695 1859
1766858216968 2.8582184314727783 1869
1766858218793 2.4809062480926514 1879
1766858220595 2.513930320739746 1889
1766858222411 2.4570441246032715 1899
1766858224210 2.7033441066741943 1909
1766858226003 2.5124454498291016 1919
1766858227812 2.5013890266418457 1929
1766858229629 2.3814730644226074 1939
1766858231434 2.4700396060943604 1949
1766858233251 2.4939513206481934 1959
1766858237997 2.274545669555664 1969
1766858239799 2.338418483734131 1979
1766858241612 2.6155526638031006 1989
1766858243432 2.386458158493042 1999
1766858245437 2.4324910640716553 2009
1766858253429 2.4976980686187744 2019
1766858255247 2.2625715732574463 2029
1766858257047 2.47068452835083 2039
1766858258856 2.6321799755096436 2049
1766858260669 2.360848903656006 2059
1766858262465 2.5665087699890137 2069
1766858264287 2.4469499588012695 2079
1766858266099 2.469921588897705 2089
1766858267920 2.6867117881774902 2099
1766858269762 2.311763286590576 2109
1766858274512 2.423373222351074 2119
1766858276311 2.1726956367492676 2129
1766858278130 2.5458288192749023 2139
1766858279938 2.559328317642212 2149
1766858281732 2.50540828704834 2159
1766858283541 2.5605380535125732 2169
1766858285373 2.492083787918091 2179
1766858287170 2.428788900375366 2189
1766858288981 2.5169944763183594 2199
1766858290803 2.4534988403320312 2209
1766858292602 2.510664939880371 2219
1766858295153 2.509193181991577 2229
1766858296978 2.3921291828155518 2239
1766858298777 2.56941556930542 2249
1766858300594 2.4179375171661377 2259
1766858302409 2.572920560836792 2269
1766858304221 2.2706453800201416 2279
1766858308965 2.211667060852051 2289
1766858310793 2.4438107013702393 2299
1766858312585 2.30338716506958 2309
1766858314407 2.5181431770324707 2319
1766858316214 2.535724639892578 2329
1766858318013 2.2628045082092285 2339
1766858326150 2.672196865081787 2349
1766858327949 2.656275749206543 2359
1766858329767 2.5601348876953125 2369
1766858331589 2.2731523513793945 2379
1766858333392 2.5251333713531494 2389
1766858335204 2.5149426460266113 2399
1766858337015 2.5445656776428223 2409
1766858339573 2.344701051712036 2419
1766858344335 2.2985947132110596 2429
1766858346164 2.5282235145568848 2439
1766858347973 2.477592945098877 2449
1766858349788 2.3293614387512207 2459
1766858351596 2.4169020652770996 2469
1766858353405 2.134000062942505 2479
1766858355231 2.43349027633667 2489
1766858357040 2.4999027252197266 2499
1766858358843 2.246811628341675 2509
1766858360658 2.240321636199951 2519
1766858362477 2.585684299468994 2529
1766858364287 2.396282196044922 2539
1766858366117 2.507941722869873 2549
1766858367927 2.444293975830078 2559
1766858369739 2.481459379196167 2569
1766858371543 2.212139129638672 2579
1766858373355 2.529078722000122 2589
1766858375157 2.400617837905884 2599
1766858379914 2.335505962371826 2609
1766858381742 2.45982027053833 2619
1766858383546 2.345762252807617 2629
1766858385366 2.517123222351074 2639
1766858387693 2.59222412109375 2649
1766858389497 2.4338936805725098 2659
1766858391317 2.223208427429199 2669
1766858393336 2.533357620239258 2679
1766858401325 2.5109941959381104 2689
1766858403140 2.309572458267212 2699
1766858404967 2.3867313861846924 2709
1766858406785 2.313307762145996 2719
1766858408578 2.357941150665283 2729
1766858410374 2.416943311691284 2739
1766858415113 2.6585216522216797 2749
1766858416921 2.4496114253997803 2759
1766858418734 2.52299165725708 2769
1766858420543 2.6932334899902344 2779
1766858422383 2.3974785804748535 2789
1766858424208 2.487394332885742 2799
1766858426014 2.6514811515808105 2809
1766858428581 2.1680352687835693 2819
1766858430420 2.53230357170105 2829
1766858432233 2.3936562538146973 2839
1766858434051 2.5129032135009766 2849
1766858435870 2.355888843536377 2859
1766858437684 2.3710265159606934 2869
1766858439506 2.6090192794799805 2879
1766858441325 2.6264920234680176 2889
1766858443127 2.2598423957824707 2899
1766858444958 2.442455530166626 2909
1766858449710 2.4352688789367676 2919
1766858451519 2.198878049850464 2929
1766858453338 2.411111831665039 2939
1766858455154 2.4090583324432373 2949
1766858456961 2.2250969409942627 2959
1766858458782 2.2240238189697266 2969
1766858460608 2.3200843334198 2979
1766858462418 2.5358901023864746 2989
1766858464773 2.09899640083313 2999
1766858466600 2.404202461242676 3009
1766858474872 2.4569876194000244 3019
1766858476695 2.288292646408081 3029
1766858478496 2.300173759460449 3039
1766858480321 2.2945175170898438 3049
1766858485078 2.276022434234619 3059
1766858486881 2.545567274093628 3069
1766858488711 2.661867618560791 3079
1766858490544 2.548093318939209 3089
1766858492357 2.1554813385009766 3099
1766858494173 2.360407590866089 3109
1766858495993 2.4451987743377686 3119
1766858497791 2.3747544288635254 3129
1766858500356 2.4893341064453125 3139
1766858502180 2.329681873321533 3149
1766858503979 2.2864837646484375 3159
1766858505808 2.290351152420044 3169
1766858507639 2.437554121017456 3179
1766858509443 2.576146125793457 3189
1766858511260 2.3654913902282715 3199
1766858513091 2.288926124572754 3209
1766858514899 2.3030033111572266 3219
1766858519652 2.1318235397338867 3229
1766858521482 2.4694886207580566 3239
1766858523286 2.039278984069824 3249
1766858525136 2.217927932739258 3259
1766858526952 2.3040966987609863 3269
1766858528756 2.334120273590088 3279
1766858530577 2.4688589572906494 3289
1766858532405 2.311552047729492 3299
1766858534208 2.2667124271392822 3309
1766858536561 2.2308285236358643 3319
1766858538391 2.2242937088012695 3329
1766858540193 2.1838254928588867 3339
1766858542237 2.639828681945801 3349
1766858550248 2.652545928955078 3359
1766858554985 2.279989004135132 3369
1766858556818 2.3496949672698975 3379
1766858558647 2.4559314250946045 3389
1766858560451 2.475125789642334 3399
1766858562276 2.3516461849212646 3409
1766858564095 2.3794612884521484 3419
1766858565891 2.2602319717407227 3429
1766858567714 2.2206919193267822 3439
1766858569534 2.1659610271453857 3449
1766858571338 2.4029011726379395 3459
1766858573927 2.45735502243042 3469
1766858575748 2.1288788318634033 3479
1766858577552 2.3976938724517822 3489
1766858579379 2.3222992420196533 3499
1766858581205 2.6232833862304688 3509
1766858583030 2.313041925430298 3519
1766858584854 2.2977700233459473 3529
1766858589600 2.54990291595459 3539
1766858591412 2.5627284049987793 3549
1766858593237 2.6971607208251953 3559
1766858595104 2.6268160343170166 3569
1766858596909 2.417238235473633 3579
1766858598743 2.4189445972442627 3589
1766858600559 2.670583963394165 3599
1766858602377 2.19745135307312 3609
1766858604204 2.324772357940674 3619
1766858606028 2.125047206878662 3629
1766858607836 2.3709604740142822 3639
1766858610187 2.1728687286376953 3649
1766858612018 1.9900665283203125 3659
1766858613826 2.378892660140991 3669
1766858615643 2.292999267578125 3679
1766858626806 2.562027931213379 3689
1766858628741 2.47037410736084 3699
1766858630566 2.253464460372925 3709
1766858632395 2.521331548690796 3719
1766858634208 2.369401216506958 3729
1766858636031 2.5021796226501465 3739
1766858637847 2.2510764598846436 3749
1766858639660 2.348071336746216 3759
1766858641507 2.342212677001953 3769
1766858643329 2.3840620517730713 3779
1766858645884 2.456376552581787 3789
1766858647708 2.4952187538146973 3799
1766858649539 2.419255018234253 3809
1766858651348 2.2026493549346924 3819
1766858653182 2.4503278732299805 3829
1766858655004 2.4391674995422363 3839
1766858659753 2.336186647415161 3849
1766858661583 2.3474323749542236 3859
1766858663387 2.2661375999450684 3869
1766858665189 2.411715507507324 3879
1766858667001 2.3096084594726562 3889
1766858668816 2.512326240539551 3899
1766858670631 2.2670912742614746 3909
1766858672480 2.2446045875549316 3919
1766858674285 2.299386501312256 3929
1766858676085 2.5993082523345947 3939
1766858677890 2.243710517883301 3949
1766858679688 2.4872872829437256 3959
1766858682007 2.1571762561798096 3969
1766858683833 2.235975980758667 3979
1766858685652 2.191359043121338 3989
1766858687468 2.687807083129883 3999
1766858689282 2.0896716117858887 4009
1766858691323 2.3937525749206543 4019
1766858702220 2.5812742710113525 4029
1766858704043 2.2275760173797607 4039
1766858705853 2.311319351196289 4049
1766858707680 2.2138113975524902 4059
1766858709496 2.2209362983703613 4069
1766858711301 2.4320855140686035 4079
1766858713130 2.461775064468384 4089
1766858714959 2.3399229049682617 4099
1766858716760 2.2598509788513184 4109
1766858719335 2.218052864074707 4119
1766858721169 2.10009503364563 4129
1766858722972 2.5041983127593994 4139
1766858724801 2.1914925575256348 4149
1766858726635 2.2444653511047363 4159
1766858731376 2.3407211303710938 4169
1766858733209 2.1939101219177246 4179
1766858735036 2.2969229221343994 4189
1766858736846 2.1745805740356445 4199
1766858738674 2.238941192626953 4209
1766858740507 2.562807559967041 4219
1766858742321 2.521648645401001 4229
1766858744146 2.543382406234741 4239
1766858745972 2.5097877979278564 4249
1766858747779 2.2222299575805664 4259
1766858749613 2.268087387084961 4269
1766858751441 2.216423988342285 4279
1766858753249 2.1513891220092773 4289
1766858755608 2.274160146713257 4299
1766858757436 2.5658538341522217 4309
1766858759251 2.364231824874878 4319
1766858761076 2.3715243339538574 4329
1766858765861 2.442523241043091 4339
1766858767678 2.5859031677246094 4349
1766858775906 2.1268863677978516 4359
1766858777719 2.290334701538086 4369
1766858779552 2.0699265003204346 4379
1766858781374 2.434220790863037 4389
1766858783178 2.222987174987793 4399
1766858785018 2.472853899002075 4409
1766858786844 2.2131309509277344 4419
1766858788658 2.3300766944885254 4429
1766858791173 2.1204354763031006 4439
1766858793064 2.481703281402588 4449
1766858794872 2.662851333618164 4459
1766858796706 2.4273264408111572 4469
1766858801473 2.165924549102783 4479
1766858803286 2.7160370349884033 4489
1766858805115 2.340466260910034 4499
1766858806945 2.3885891437530518 4509
1766858808748 2.5050861835479736 4519
1766858810581 2.395932197570801 4529
1766858812405 2.4676008224487305 4539
1766858814212 2.4838364124298096 4549
1766858816042 2.305629014968872 4559
1766858817856 2.4755325317382812 4569
1766858819675 2.595517158508301 4579
1766858821515 2.4812753200531006 4589
1766858823340 2.34397292137146 4599
1766858825155 2.3400442600250244 4609
1766858827497 2.570692777633667 4619
1766858829329 2.377227306365967 4629
1766858831131 2.3403854370117188 4639
1766858835903 2.2929253578186035 4649
1766858837736 2.165879726409912 4659
1766858839550 2.3918423652648926 4669
1766858841380 2.484898567199707 4679
1766858843417 2.6003711223602295 4689
1766858851439 2.2718143463134766 4699
1766858853270 2.34649395942688 4709
1766858855104 2.2051379680633545 4719
1766858856922 2.318563938140869 4729
1766858858764 2.47725248336792 4739
1766858860591 2.465334892272949 4749
1766858862409 2.234907627105713 4759
1766858865000 2.5583934783935547 4769
1766858866824 2.4276750087738037 4779
1766858871573 2.163057804107666 4789
1766858873394 2.392742395401001 4799
1766858875225 2.1529464721679688 4809
1766858877032 2.295823335647583 4819
1766858878879 2.383009910583496 4829
1766858880701 2.3421285152435303 4839
1766858882521 2.4954404830932617 4849
1766858884359 2.405895709991455 4859
1766858886188 2.5096209049224854 4869
1766858887995 2.458677291870117 4879
1766858889830 2.276080369949341 4889
1766858891658 2.097928047180176 4899
1766858893475 2.1078298091888428 4909
1766858895309 2.4094274044036865 4919
1766858897136 2.4359326362609863 4929
1766858898947 2.4388375282287598 4939
1766858901309 2.3914642333984375 4949
1766858906075 2.5241785049438477 4959
1766858907891 2.549990177154541 4969
1766858909780 2.147484302520752 4979
1766858911598 2.1719465255737305 4989
1766858913408 1.9100258350372314 4999
1766858915255 2.3890719413757324 5009
1766858917077 2.358233690261841 5019
