1766852027637 86789.0 0
1766852028642 86789.3 1
1766852029645 86789.3 2
1766852030648 86789.3 3
1766852031651 86789.3 4
1766852032654 86789.3 5
1766852033658 86789.3 6
1766852034661 86789.3 7
1766852035664 86789.3 8
1766852036667 86789.3 9
1766852037670 86789.3 10
1766852038684 86789.3 11
1766852027637 86789.0 0
1766852039699 86789.3 12
1766852040703 86791.7 13
1766852041706 86791.7 14
1766852042710 86791.7 15
1766852043713 86791.7 16
1766852048046 86791.7 17
1766852049050 86791.7 18
1766852050067 86791.7 19
