1766852027637 939319.8 0
1766852028642 939319.5 1
1766852029645 939319.5 2
1766852030648 939319.5 3
1766852031651 939319.5 4
1766852032654 939319.5 5
1766852033658 939319.5 6
1766852034661 939319.5 7
1766852035664 939319.5 8
1766852036667 939319.5 9
1766852037670 939319.5 10
1766852038684 939319.5 11
1766852027637 939319.8 0
1766852039699 939319.5 12
1766852040703 939317.1 13
1766852041706 939317.1 14
1766852042710 939317.1 15
1766852043713 939317.1 16
1766852048046 939317.1 17
1766852049050 939317.1 18
1766852050067 939317.1 19
