1766852027637 0.016231999998126412 0
1766852028642 0.1580279999980121 1
1766852029645 20.391068999997515 2
1766852030648 20.433469999999943 3
1766852031651 20.46436800000083 4
1766852032654 20.576969999998255 5
1766852033658 20.59972899999775 6
1766852034661 20.61380999999892 7
1766852035664 20.638802999998006 8
1766852036667 20.651066999998875 9
1766852037670 20.751131999997597 10
1766852038684 41.106385999999475 11
1766852027637 0.016231999998126412 0
1766852039699 41.1327280000005 12
1766852040703 41.32562400000097 13
1766852041706 61.816789000000426 14
1766852042710 61.92452899999989 15
1766852043713 61.936258999998245 16
1766852048046 61.94211799999903 17
1766852049050 61.948262999998406 18
1766852050067 61.960651999997935 19
