1766852027637 0.016231999998126412 0
1766852028642 0.15837800000008428 1
1766852029645 20.39556299999822 2
1766852030648 20.437699999998586 3
1766852031651 20.466661999998905 4
1766852032654 20.582515999998577 5
1766852033658 20.59962099999757 6
1766852034661 20.61301800000001 7
1766852035664 20.638010999999096 8
1766852036667 20.650774999998248 9
1766852037670 20.75083999999697 10
1766852038684 41.108666999996785 11
1766852027637 0.016231999998126412 0
1766852039699 41.13778599999932 12
1766852040703 41.3338909999984 13
1766852041706 61.843746999998984 14
1766852042710 61.950464999998076 15
1766852043713 61.968110999998316 16
1766852048046 61.973620999997365 17
1766852049050 61.97957399999723 18
1766852050067 61.993303999999625 19
