1766852027637 22801.7 0
1766852028642 22806.4 1
1766852029645 22918.2 2
1766852030648 22988.3 3
1766852031651 23154.0 4
1766852032654 23202.9 5
1766852033658 23247.4 6
1766852034661 23290.9 7
1766852035664 23301.7 8
1766852036667 23325.4 9
1766852037670 23455.5 10
1766852038684 23464.6 11
1766852027637 22801.7 0
1766852039699 22867.5 12
1766852040703 22969.1 13
1766852041706 23114.8 14
1766852042710 23160.0 15
1766852043713 23230.4 16
1766852048046 23281.1 17
1766852049050 23340.1 18
1766852050067 23442.3 19
