1767290150385 0.0018979999999828578 0
1767290151389 0.0822650000000067 1
1767290155318 16.55622399999993 2
1767290156321 16.59497599999986 3
1767290157324 16.65237799999977 4
1767290158327 16.69873000000007 5
1767290159330 16.70633399999997 6
1767290160332 16.79937999999993 7
1767290161336 16.81089299999985 8
1767290162353 16.81758899999977 9
1767290150385 0.0018979999999828578 0
1767290163363 16.859007999999903 10
1767290164366 16.905494999999974 11
1767290165369 33.39406000000008 12
1767290166373 33.40029299999969 13
1767290167375 33.40889299999981 14
1767290168379 33.45944299999974 15
1767290169383 33.50192199999992 16
