1767290150385 0.0018979999999828578 0
1767290151389 0.0822650000000067 1
1767290155318 16.55622399999993 2
1767290156321 16.6132419999999 3
1767290157324 16.66905799999995 4
1767290158327 16.715410000000247 5
1767290159330 16.723179999999957 6
1767290160332 16.815962000000127 7
1767290161336 16.8286820000003 8
1767290162353 16.83506299999999 9
1767290150385 0.0018979999999828578 0
1767290163363 16.876482000000124 10
1767290164366 16.922969000000194 11
1767290165369 33.41144200000008 12
1767290166373 33.41758299999992 13
1767290167375 33.42609100000027 14
1767290168379 33.4766410000002 15
1767290169383 33.51892799999996 16
