1766846777730 0.0 9
1766846782716 0.0 19
1766846784372 0.0 29
1766846786037 0.0 39
1766846787683 0.0 49
1766846789326 0.0 59
1766846790969 0.0 69
1766846792605 0.0 79
1766846794238 0.0 89
1766846795879 0.0 99
1766846797519 0.0 109
1766846799166 0.0 119
1766846800799 0.0 129
1766846802442 0.0 139
1766846804082 0.0 149
1766846805725 0.0 159
1766846807366 0.0 169
1766846809012 0.0 179
1766846810657 0.0 189
1766846812300 0.0 199
1766846817274 0.0 209
1766846818923 0.0 219
1766846820569 0.0 229
1766846822229 0.0 239
1766846823886 0.0 249
1766846825536 0.0 259
1766846827185 0.0 269
1766846828842 0.0 279
1766846830503 0.0 289
1766846832158 0.0 299
1766846833814 0.0 309
1766846835471 0.0 319
1766846837130 0.0 329
1766846842784 0.0 334
1766846844608 1.0 339
1766846846282 1.0 349
1766846847945 1.0 359
1766846852945 1.0 369
1766846854608 1.0 379
1766846856266 1.0 389
1766846857936 1.0 399
1766846859598 1.0 409
1766846861259 1.0 419
1766846862927 1.0 429
1766846864591 1.0 439
1766846866260 1.0 449
1766846867921 1.0 459
1766846869584 1.0 469
1766846871246 1.0 479
1766846872907 1.0 489
1766846874567 1.0 499
1766846876228 1.0 509
1766846877896 1.0 519
1766846879559 1.0 529
1766846881231 1.0 539
1766846882897 1.0 549
1766846884567 1.0 559
1766846889558 1.0 569
1766846891225 1.0 579
1766846892899 1.0 589
1766846894570 1.0 599
1766846896236 1.0 609
1766846897909 1.0 619
1766846899576 1.0 629
1766846901244 1.0 639
1766846902922 1.0 649
1766846904596 1.0 659
1766846906470 1.0 669
1766846911127 1.0 669
1766846913806 2.0 679
1766846915480 2.0 689
1766846917154 2.0 699
1766846918820 2.0 709
1766846920502 2.0 719
1766846925504 2.0 729
1766846927192 2.0 739
1766846928872 2.0 749
1766846930557 2.0 759
1766846932235 2.0 769
1766846933915 2.0 779
1766846935590 2.0 789
1766846937275 2.0 799
1766846938953 2.0 809
1766846940631 2.0 819
1766846942308 2.0 829
1766846943986 2.0 839
1766846945663 2.0 849
1766846947326 2.0 859
1766846949004 2.0 869
1766846950677 2.0 879
1766846952354 2.0 889
1766846954025 2.0 899
1766846955695 2.0 909
1766846960694 2.0 919
1766846962370 2.0 929
1766846964044 2.0 939
1766846965719 2.0 949
1766846967392 2.0 959
1766846969075 2.0 969
1766846970756 2.0 979
1766846972428 2.0 989
1766846974111 2.0 999
1766846979777 2.0 1004
1766846981620 3.0 1009
1766846983291 3.0 1019
1766846984971 3.0 1029
1766846986644 3.0 1039
1766846988318 3.0 1049
1766846989989 3.0 1059
1766846991664 3.0 1069
1766846996691 3.0 1079
1766846998363 3.0 1089
1766847000040 3.0 1099
1766847001716 3.0 1109
1766847003390 3.0 1119
1766847005063 3.0 1129
1766847006741 3.0 1139
1766847008418 3.0 1149
1766847010103 3.0 1159
1766847011786 3.0 1169
1766847013473 3.0 1179
1766847015152 3.0 1189
1766847016826 3.0 1199
1766847018498 3.0 1209
1766847020171 3.0 1219
1766847021844 3.0 1229
1766847023512 3.0 1239
1766847025190 3.0 1249
1766847026888 3.0 1259
1766847032010 3.0 1269
1766847033734 3.0 1279
1766847035464 3.0 1289
1766847037209 3.0 1299
1766847038946 3.0 1309
1766847040641 3.0 1319
1766847042370 3.0 1329
1766847046785 3.0 1339
1766847052720 3.0 1339
1766847055375 4.0 1349
1766847057080 4.0 1359
1766847058799 4.0 1369
1766847060519 4.0 1379
1766847062196 4.0 1389
1766847067204 4.0 1399
1766847068881 4.0 1409
1766847070572 4.0 1419
1766847072246 4.0 1429
1766847073966 4.0 1439
1766847075687 4.0 1449
1766847077383 4.0 1459
1766847079396 4.0 1469
1766847081142 4.0 1479
1766847082838 4.0 1489
1766847084535 4.0 1499
1766847086303 4.0 1509
1766847088125 4.0 1519
1766847089817 4.0 1529
1766847091514 4.0 1539
1766847093226 4.0 1549
1766847094940 4.0 1559
1766847096627 4.0 1569
1766847098293 4.0 1579
1766847103311 4.0 1589
1766847104992 4.0 1599
1766847106656 4.0 1609
1766847108335 4.0 1619
1766847110017 4.0 1629
1766847111699 4.0 1639
1766847113394 4.0 1649
1766847115099 4.0 1659
1766847116780 4.0 1669
1766847126277 4.0 1674
1766847128142 5.0 1679
1766847129817 5.0 1689
1766847131506 5.0 1699
1766847133260 5.0 1709
1766847138367 5.0 1719
1766847140080 5.0 1729
1766847142027 5.0 1739
1766847143708 5.0 1749
1766847145469 5.0 1759
1766847147177 5.0 1769
1766847148858 5.0 1779
1766847150536 5.0 1789
1766847152204 5.0 1799
1766847153886 5.0 1809
1766847155564 5.0 1819
1766847157250 5.0 1829
1766847158919 5.0 1839
1766847160624 5.0 1849
1766847162725 5.0 1859
1766847165203 5.0 1869
1766847167620 5.0 1879
1766847173111 5.0 1889
1766847176454 5.0 1899
1766847186013 5.0 1909
1766847188435 5.0 1919
1766847191541 5.0 1929
1766847193566 5.0 1939
1766847195533 5.0 1949
1766847197905 5.0 1959
1766847199988 5.0 1969
1766847202249 5.0 1979
1766847209227 5.0 1989
1766847211298 5.0 1999
1766847213253 5.0 2009
1766847218000 5.0 2009
1766847220654 6.0 2019
1766847222370 6.0 2029
1766847224108 6.0 2039
1766847235437 6.0 2049
1766847237292 6.0 2059
1766847239197 6.0 2069
1766847244396 6.0 2079
1766847246279 6.0 2089
1766847248156 6.0 2099
1766847250034 6.0 2109
1766847251911 6.0 2119
1766847253774 6.0 2129
1766847255662 6.0 2139
1766847257533 6.0 2149
1766847259390 6.0 2159
1766847261272 6.0 2169
1766847263149 6.0 2179
1766847265037 6.0 2189
1766847266931 6.0 2199
1766847268824 6.0 2209
1766847270693 6.0 2219
1766847272575 6.0 2229
1766847274439 6.0 2239
1766847276326 6.0 2249
1766847281507 6.0 2259
1766847283349 6.0 2269
1766847292949 6.0 2279
1766847295075 6.0 2289
1766847296784 6.0 2299
1766847298467 6.0 2309
1766847300191 6.0 2319
1766847301886 6.0 2329
1766847303579 6.0 2339
1766847309349 6.0 2344
1766847311213 7.0 2349
1766847316235 7.0 2359
1766847317925 7.0 2369
1766847319599 7.0 2379
1766847321313 7.0 2389
1766847323043 7.0 2399
1766847324787 7.0 2409
1766847326470 7.0 2419
1766847328157 7.0 2429
1766847329869 7.0 2439
1766847331573 7.0 2449
1766847333294 7.0 2459
1766847334995 7.0 2469
1766847336692 7.0 2479
1766847338397 7.0 2489
1766847340096 7.0 2499
1766847341813 7.0 2509
1766847343522 7.0 2519
1766847345210 7.0 2529
1766847346909 7.0 2539
1766847351930 7.0 2549
1766847353631 7.0 2559
1766847355323 7.0 2569
1766847357014 7.0 2579
1766847358706 7.0 2589
1766847360394 7.0 2599
1766847362091 7.0 2609
1766847363779 7.0 2619
1766847365474 7.0 2629
1766847367181 7.0 2639
1766847368878 7.0 2649
1766847370582 7.0 2659
1766847372275 7.0 2669
1766847374177 7.0 2679
1766847378907 7.0 2679
1766847381557 8.0 2689
1766847386587 8.0 2699
1766847388292 8.0 2709
1766847389996 8.0 2719
1766847391688 8.0 2729
1766847393390 8.0 2739
1766847395101 8.0 2749
1766847396800 8.0 2759
1766847398499 8.0 2769
1766847400260 8.0 2779
1766847402028 8.0 2789
1766847412438 8.0 2799
1766847414187 8.0 2809
1766847416703 8.0 2819
1766847418504 8.0 2829
1766847423577 8.0 2839
1766847425311 8.0 2849
1766847427039 8.0 2859
1766847428747 8.0 2869
1766847430435 8.0 2879
1766847432125 8.0 2889
1766847433808 8.0 2899
1766847435489 8.0 2909
1766847437166 8.0 2919
1766847438857 8.0 2929
1766847440545 8.0 2939
1766847442281 8.0 2949
1766847443994 8.0 2959
1766847445739 8.0 2969
1766847450425 8.0 2979
1766847452612 8.0 2989
1766847486990 8.0 2999
1766847504089 8.0 3009
1766847515379 8.0 3014
1766847517605 9.0 3019
1766847519648 9.0 3029
1766847521771 9.0 3039
1766847524454 9.0 3049
1766847530156 9.0 3059
1766847533108 9.0 3069
1766847535074 9.0 3079
1766847538745 9.0 3089
1766847540735 9.0 3099
1766847542787 9.0 3109
1766847545870 9.0 3119
1766847547930 9.0 3129
1766847549632 9.0 3139
1766847551357 9.0 3149
1766847553042 9.0 3159
1766847554741 9.0 3169
1766847556457 9.0 3179
1766847558140 9.0 3189
1766847559826 9.0 3199
1766847564833 9.0 3209
1766847566496 9.0 3219
1766847568159 9.0 3229
1766847569821 9.0 3239
1766847571482 9.0 3249
1766847573145 9.0 3259
1766847574814 9.0 3269
1766847576507 9.0 3279
1766847578188 9.0 3289
1766847579851 9.0 3299
1766847581527 9.0 3309
1766847583214 9.0 3319
1766847584883 9.0 3329
1766847586561 9.0 3339
1766847588432 9.0 3349
1766847593117 9.0 3349
1766847595784 10.0 3359
1766847600834 10.0 3369
1766847602511 10.0 3379
1766847604227 10.0 3389
1766847605906 10.0 3399
1766847607583 10.0 3409
1766847609265 10.0 3419
1766847610948 10.0 3429
1766847612640 10.0 3439
1766847614325 10.0 3449
1766847616003 10.0 3459
1766847617686 10.0 3469
1766847619364 10.0 3479
1766847621057 10.0 3489
1766847622749 10.0 3499
1766847624437 10.0 3509
1766847626114 10.0 3519
1766847627806 10.0 3529
1766847629499 10.0 3539
1766847631185 10.0 3549
1766847636200 10.0 3559
1766847637887 10.0 3569
1766847639576 10.0 3579
1766847641278 10.0 3589
1766847642964 10.0 3599
1766847644657 10.0 3609
1766847646349 10.0 3619
1766847648033 10.0 3629
1766847649717 10.0 3639
1766847651397 10.0 3649
1766847653082 10.0 3659
1766847654773 10.0 3669
1766847656459 10.0 3679
1766847662223 10.0 3684
1766847664053 11.0 3689
1766847665786 11.0 3699
1766847667480 11.0 3709
1766847672535 11.0 3719
1766847674215 11.0 3729
1766847675908 11.0 3739
1766847677620 11.0 3749
1766847679346 11.0 3759
1766847681041 11.0 3769
1766847682730 11.0 3779
1766847684409 11.0 3789
1766847686093 11.0 3799
1766847687788 11.0 3809
1766847689465 11.0 3819
1766847691140 11.0 3829
1766847692830 11.0 3839
1766847694569 11.0 3849
1766847696298 11.0 3859
1766847698007 11.0 3869
1766847699728 11.0 3879
1766847701466 11.0 3889
1766847703225 11.0 3899
1766847708323 11.0 3909
1766847710082 11.0 3919
1766847711849 11.0 3929
1766847713600 11.0 3939
1766847715354 11.0 3949
1766847717095 11.0 3959
1766847718835 11.0 3969
1766847720590 11.0 3979
1766847722342 11.0 3989
1766847724084 11.0 3999
1766847725834 11.0 4009
1766847727801 11.0 4019
1766847732613 11.0 4019
1766847735384 12.0 4029
1766847737102 12.0 4039
1766847738785 12.0 4049
1766847743803 12.0 4059
1766847745519 12.0 4069
1766847747212 12.0 4079
1766847748917 12.0 4089
1766847750623 12.0 4099
1766847752335 12.0 4109
1766847754082 12.0 4119
1766847755772 12.0 4129
1766847757463 12.0 4139
1766847759171 12.0 4149
1766847760959 12.0 4159
1766847762735 12.0 4169
1766847764465 12.0 4179
1766847766161 12.0 4189
1766847767871 12.0 4199
1766847769570 12.0 4209
1766847771307 12.0 4219
1766847773057 12.0 4229
1766847778125 12.0 4239
1766847779866 12.0 4249
1766847781608 12.0 4259
1766847783368 12.0 4269
1766847785125 12.0 4279
1766847786880 12.0 4289
1766847788650 12.0 4299
1766847790372 12.0 4309
1766847792092 12.0 4319
1766847793807 12.0 4329
1766847795543 12.0 4339
1766847797234 12.0 4349
1766847802983 12.0 4354
1766847804822 13.0 4359
1766847806512 13.0 4369
1766847808196 13.0 4379
1766847809875 13.0 4389
1766847814886 13.0 4399
1766847816566 13.0 4409
1766847818258 13.0 4419
1766847819945 13.0 4429
1766847821634 13.0 4439
1766847823319 13.0 4449
1766847825008 13.0 4459
1766847826709 13.0 4469
1766847828444 13.0 4479
1766847830190 13.0 4489
1766847831969 13.0 4499
1766847833744 13.0 4509
1766847835499 13.0 4519
1766847837239 13.0 4529
1766847838984 13.0 4539
1766847840737 13.0 4549
1766847842485 13.0 4559
1766847844223 13.0 4569
1766847849300 13.0 4579
1766847851045 13.0 4589
1766847852773 13.0 4599
1766847854520 13.0 4609
1766847856282 13.0 4619
1766847858019 13.0 4629
1766847860863 13.0 4639
1766847863403 13.0 4649
1766847866199 13.0 4659
1766847869449 13.0 4669
1766847872108 13.0 4679
1766847877808 13.0 4689
1766847889666 13.0 4689
1766847892361 14.0 4699
1766847894038 14.0 4709
1766847896001 14.0 4719
1766847898008 14.0 4729
1766847899990 14.0 4739
1766847901646 14.0 4749
1766847903301 14.0 4759
1766847904965 14.0 4769
1766847906666 14.0 4779
1766847908630 14.0 4789
1766847910296 14.0 4799
1766847911980 14.0 4809
1766847913668 14.0 4819
1766847915353 14.0 4829
1766847920367 14.0 4839
1766847922051 14.0 4849
1766847924158 14.0 4859
1766847925877 14.0 4869
1766847927567 14.0 4879
1766847929278 14.0 4889
1766847931000 14.0 4899
1766847939362 14.0 4909
1766847941191 14.0 4919
1766847942863 14.0 4929
1766847945961 14.0 4939
1766847947945 14.0 4949
1766847949833 14.0 4959
1766847951503 14.0 4969
1766847956515 14.0 4979
1766847958197 14.0 4989
1766847959885 14.0 4999
1766847961566 14.0 5009
1766847963250 14.0 5019
1766847968938 14.0 5024
1766847970764 15.0 5029
1766847972429 15.0 5039
1766847974100 15.0 5049
1766847975769 15.0 5059
1766847977433 15.0 5069
1766847979096 15.0 5079
1766847980765 15.0 5089
1766847982426 15.0 5099
1766847984093 15.0 5109
1766847985762 15.0 5119
1766847987425 15.0 5129
1766847992426 15.0 5139
1766847994090 15.0 5149
1766847995773 15.0 5159
1766847997448 15.0 5169
1766847999120 15.0 5179
1766848000797 15.0 5189
1766848002481 15.0 5199
1766848004170 15.0 5209
1766848005846 15.0 5219
1766848007529 15.0 5229
1766848009214 15.0 5239
1766848010901 15.0 5249
1766848012589 15.0 5259
1766848014273 15.0 5269
1766848015962 15.0 5279
1766848017653 15.0 5289
1766848019329 15.0 5299
1766848020995 15.0 5309
1766848022658 15.0 5319
1766848027661 15.0 5329
1766848029329 15.0 5339
1766848030994 15.0 5349
1766848032866 15.0 5359
1766848037520 15.0 5359
1766848040205 16.0 5369
1766848041890 16.0 5379
1766848043561 16.0 5389
1766848045228 16.0 5399
1766848046902 16.0 5409
1766848048579 16.0 5419
1766848050249 16.0 5429
1766848051921 16.0 5439
1766848053599 16.0 5449
1766848055271 16.0 5459
1766848056952 16.0 5469
1766848058629 16.0 5479
1766848063679 16.0 5489
1766848065614 16.0 5499
1766848069101 16.0 5509
1766848070798 16.0 5519
1766848072498 16.0 5529
1766848074196 16.0 5539
1766848075888 16.0 5549
1766848077568 16.0 5559
1766848079244 16.0 5569
1766848080931 16.0 5579
1766848082617 16.0 5589
1766848084298 16.0 5599
1766848085972 16.0 5609
1766848087649 16.0 5619
1766848089327 16.0 5629
1766848091002 16.0 5639
1766848092679 16.0 5649
1766848094354 16.0 5659
1766848099364 16.0 5669
1766848101046 16.0 5679
1766848102734 16.0 5689
1766848108465 16.0 5694
1766848110307 17.0 5699
1766848112011 17.0 5709
1766848113711 17.0 5719
1766848115410 17.0 5729
1766848117110 17.0 5739
1766848118801 17.0 5749
1766848120493 17.0 5759
1766848122193 17.0 5769
1766848123889 17.0 5779
1766848125607 17.0 5789
1766848127298 17.0 5799
1766848128970 17.0 5809
1766848133985 17.0 5819
1766848135661 17.0 5829
1766848137338 17.0 5839
1766848139016 17.0 5849
1766848140695 17.0 5859
1766848142368 17.0 5869
1766848144049 17.0 5879
1766848145726 17.0 5889
1766848147397 17.0 5899
1766848149074 17.0 5909
1766848150750 17.0 5919
1766848152428 17.0 5929
1766848154106 17.0 5939
1766848155777 17.0 5949
1766848157450 17.0 5959
1766848159126 17.0 5969
1766848160806 17.0 5979
1766848162509 17.0 5989
1766848164233 17.0 5999
1766848169267 17.0 6009
1766848171005 17.0 6019
1766848172952 17.0 6029
1766848177747 17.0 6029
1766848180447 18.0 6039
1766848182179 18.0 6049
1766848183881 18.0 6059
1766848185662 18.0 6069
1766848187361 18.0 6079
1766848189778 18.0 6089
1766848192146 18.0 6099
1766848194217 18.0 6109
1766848196603 18.0 6119
1766848200573 18.0 6129
1766848206052 18.0 6139
1766848207752 18.0 6149
1766848209443 18.0 6159
1766848211129 18.0 6169
1766848212805 18.0 6179
1766848214493 18.0 6189
1766848216171 18.0 6199
1766848217861 18.0 6209
1766848219547 18.0 6219
1766848221229 18.0 6229
1766848222917 18.0 6239
1766848224637 18.0 6249
1766848226348 18.0 6259
1766848228039 18.0 6269
1766848229735 18.0 6279
1766848231429 18.0 6289
1766848233130 18.0 6299
1766848251608 18.0 6309
1766848255525 18.0 6319
1766848257221 18.0 6329
1766848258910 18.0 6339
1766848260597 18.0 6349
1766848262288 18.0 6359
1766848268080 18.0 6364
1766848269983 19.0 6369
1766848271724 19.0 6379
1766848276803 19.0 6389
1766848278546 19.0 6399
1766848280265 19.0 6409
1766848281960 19.0 6419
1766848283661 19.0 6429
1766848285354 19.0 6439
1766848287049 19.0 6449
1766848288752 19.0 6459
1766848290439 19.0 6469
1766848292150 19.0 6479
1766848293870 19.0 6489
1766848295543 19.0 6499
1766848297260 19.0 6509
1766848298947 19.0 6519
1766848300645 19.0 6529
1766848302348 19.0 6539
1766848304027 19.0 6549
1766848305713 19.0 6559
1766848307429 19.0 6569
1766848312482 19.0 6579
1766848314228 19.0 6589
1766848315964 19.0 6599
1766848317697 19.0 6609
1766848319401 19.0 6619
1766848321092 19.0 6629
1766848322778 19.0 6639
1766848324458 19.0 6649
1766848326140 19.0 6659
1766848327821 19.0 6669
1766848329505 19.0 6679
1766848331192 19.0 6689
1766848333089 19.0 6699
1766848337798 19.0 6699
1766848340428 20.0 6709
1766848342110 20.0 6719
1766848347135 20.0 6729
1766848348862 20.0 6739
1766848350580 20.0 6749
1766848352299 20.0 6759
1766848354016 20.0 6769
1766848355753 20.0 6779
1766848357502 20.0 6789
1766848359257 20.0 6799
1766848361001 20.0 6809
1766848362702 20.0 6819
1766848364409 20.0 6829
1766848366115 20.0 6839
1766848367822 20.0 6849
1766848369516 20.0 6859
1766848371203 20.0 6869
1766848372900 20.0 6879
1766848374599 20.0 6889
1766848376285 20.0 6899
1766848378035 20.0 6909
1766848383072 20.0 6919
1766848384814 20.0 6929
1766848386558 20.0 6939
1766848388309 20.0 6949
1766848390042 20.0 6959
1766848391837 20.0 6969
1766848393666 20.0 6979
1766848395492 20.0 6989
1766848397207 20.0 6999
1766848398908 20.0 7009
1766848400605 20.0 7019
1766848402315 20.0 7029
1766848408088 20.0 7034
1766848409975 21.0 7039
1766848411701 21.0 7049
1766848413420 21.0 7059
1766848418474 21.0 7069
1766848420200 21.0 7079
1766848421926 21.0 7089
1766848423637 21.0 7099
1766848425351 21.0 7109
1766848430979 21.0 7119
1766848432766 21.0 7129
1766848434522 21.0 7139
1766848436298 21.0 7149
1766848438053 21.0 7159
1766848439829 21.0 7169
1766848441584 21.0 7179
1766848443289 21.0 7189
1766848444998 21.0 7199
1766848446692 21.0 7209
1766848448393 21.0 7219
1766848450100 21.0 7229
1766848455126 21.0 7239
1766848456825 21.0 7249
1766848458495 21.0 7259
1766848460164 21.0 7269
1766848461846 21.0 7279
1766848463518 21.0 7289
1766848465209 21.0 7299
1766848466963 21.0 7309
1766848468715 21.0 7319
1766848470444 21.0 7329
1766848472086 21.0 7339
1766848473722 21.0 7349
1766848475357 21.0 7359
1766848477186 21.0 7369
1766848481735 21.0 7369
1766848484343 22.0 7379
1766848485983 22.0 7389
1766848490955 22.0 7399
1766848492593 22.0 7409
1766848494229 22.0 7419
1766848495866 22.0 7429
1766848497500 22.0 7439
1766848499135 22.0 7449
1766848500784 22.0 7459
1766848502421 22.0 7469
1766848504056 22.0 7479
1766848505693 22.0 7489
1766848507330 22.0 7499
1766848508972 22.0 7509
1766848510617 22.0 7519
1766848512254 22.0 7529
1766848513891 22.0 7539
1766848515535 22.0 7549
1766848517173 22.0 7559
1766848518808 22.0 7569
1766848520448 22.0 7579
1766848525410 22.0 7589
1766848527043 22.0 7599
1766848528677 22.0 7609
1766848530318 22.0 7619
1766848531952 22.0 7629
1766848533591 22.0 7639
1766848535239 22.0 7649
1766848536966 22.0 7659
1766848538596 22.0 7669
1766848540224 22.0 7679
1766848541847 22.0 7689
1766848543471 22.0 7699
1766848549019 22.0 7704
1766848550874 23.0 7709
1766848552504 23.0 7719
1766848554130 23.0 7729
1766848555758 23.0 7739
1766848560726 23.0 7749
1766848562349 23.0 7759
1766848563981 23.0 7769
1766848565611 23.0 7779
1766848567237 23.0 7789
1766848568862 23.0 7799
1766848570489 23.0 7809
1766848572117 23.0 7819
1766848573741 23.0 7829
1766848575366 23.0 7839
1766848576992 23.0 7849
1766848578618 23.0 7859
1766848580241 23.0 7869
1766848581867 23.0 7879
1766848583494 23.0 7889
1766848585114 23.0 7899
1766848586739 23.0 7909
1766848588363 23.0 7919
1766848589987 23.0 7929
1766848591611 23.0 7939
1766848596563 23.0 7949
1766848598190 23.0 7959
1766848599814 23.0 7969
1766848601437 23.0 7979
1766848603063 23.0 7989
1766848604690 23.0 7999
1766848606314 23.0 8009
1766848607941 23.0 8019
1766848609566 23.0 8029
1766848611385 23.0 8039
1766848615887 23.0 8039
1766848618533 24.0 8049
1766848620165 24.0 8059
1766848621796 24.0 8069
1766848623425 24.0 8079
1766848625067 24.0 8089
1766848626694 24.0 8099
1766848628323 24.0 8109
1766848633281 24.0 8119
1766848634910 24.0 8129
1766848636547 24.0 8139
1766848638174 24.0 8149
1766848639802 24.0 8159
1766848641425 24.0 8169
1766848643048 24.0 8179
1766848644670 24.0 8189
1766848646294 24.0 8199
1766848647928 24.0 8209
1766848649564 24.0 8219
1766848651188 24.0 8229
1766848652810 24.0 8239
1766848654433 24.0 8249
1766848656057 24.0 8259
1766848657681 24.0 8269
1766848659304 24.0 8279
1766848660930 24.0 8289
1766848662554 24.0 8299
1766848667511 24.0 8309
1766848669135 24.0 8319
1766848670758 24.0 8329
1766848672383 24.0 8339
1766848674008 24.0 8349
1766848675631 24.0 8359
1766848677255 24.0 8369
1766848682765 24.0 8374
1766848684594 25.0 8379
1766848686225 25.0 8389
1766848687855 25.0 8399
1766848689491 25.0 8409
1766848691118 25.0 8419
1766848692746 25.0 8429
1766848694369 25.0 8439
1766848695995 25.0 8449
1766848697621 25.0 8459
1766848699246 25.0 8469
1766848704198 25.0 8479
1766848705822 25.0 8489
1766848707447 25.0 8499
1766848709078 25.0 8509
1766848710705 25.0 8519
1766848712334 25.0 8529
1766848713963 25.0 8539
1766848715592 25.0 8549
1766848717222 25.0 8559
1766848718853 25.0 8569
1766848720484 25.0 8579
1766848722112 25.0 8589
1766848723739 25.0 8599
1766848725369 25.0 8609
1766848727077 25.0 8619
1766848728832 25.0 8629
1766848730593 25.0 8639
1766848732344 25.0 8649
1766848734069 25.0 8659
1766848739086 25.0 8669
1766848740803 25.0 8679
1766848742528 25.0 8689
1766848744252 25.0 8699
1766848746177 25.0 8709
1766848750901 25.0 8709
1766848764713 26.0 8719
1766848767738 26.0 8729
1766848769974 26.0 8739
1766848776228 26.0 8749
1766848778455 26.0 8759
1766848780693 26.0 8769
1766848783290 26.0 8779
1766848785524 26.0 8789
1766848788818 26.0 8799
1766848794313 26.0 8809
1766848796519 26.0 8819
1766848798671 26.0 8829
1766848801131 26.0 8839
1766848803460 26.0 8849
1766848814274 26.0 8859
1766848817153 26.0 8869
1766848819585 26.0 8879
1766848821840 26.0 8889
1766848824175 26.0 8899
1766848826719 26.0 8909
1766848829029 26.0 8919
1766848831480 26.0 8929
1766848836610 26.0 8939
1766848838848 26.0 8949
1766848841099 26.0 8959
1766848851516 26.0 8969
1766848853632 26.0 8979
1766848856388 26.0 8989
1766848859468 26.0 8999
1766848862955 26.0 9009
1766848865910 26.0 9019
1766848870634 26.0 9029
1766848875235 26.0 9039
1766848890153 26.0 9044
1766848892263 27.0 9049
1766848894703 27.0 9059
1766848898900 27.0 9069
1766848901124 27.0 9079
1766848903281 27.0 9089
1766848907832 27.0 9099
1766848909944 27.0 9109
1766848912101 27.0 9119
1766848917605 27.0 9129
1766848920055 27.0 9139
1766848922169 27.0 9149
1766848924214 27.0 9159
1766848926415 27.0 9169
1766848928510 27.0 9179
1766848933777 27.0 9189
1766848937275 27.0 9199
1766848940315 27.0 9209
1766848944532 27.0 9219
1766848947839 27.0 9229
1766848954697 27.0 9239
1766848957645 27.0 9249
1766848962778 27.0 9259
1766848967587 27.0 9269
1766848971927 27.0 9279
1766848974329 27.0 9289
1766848976503 27.0 9299
1766848978755 27.0 9309
1766848981265 27.0 9319
1766848983396 27.0 9329
1766848989345 27.0 9339
1766848991716 27.0 9349
1766848993831 27.0 9359
1766848998117 27.0 9369
1766849001934 27.0 9379
1766849006601 27.0 9379
1766849009266 28.0 9389
1766849010965 28.0 9399
1766849012676 28.0 9409
1766849014379 28.0 9419
1766849016089 28.0 9429
1766849017841 28.0 9439
1766849019595 28.0 9449
1766849024628 28.0 9459
1766849026341 28.0 9469
1766849028046 28.0 9479
1766849029758 28.0 9489
1766849031463 28.0 9499
1766849033175 28.0 9509
1766849034876 28.0 9519
1766849036581 28.0 9529
1766849038286 28.0 9539
1766849039994 28.0 9549
1766849041706 28.0 9559
1766849043439 28.0 9569
1766849045169 28.0 9579
1766849046886 28.0 9589
1766849048592 28.0 9599
1766849050317 28.0 9609
1766849052042 28.0 9619
1766849053777 28.0 9629
1766849058844 28.0 9639
1766849060577 28.0 9649
1766849062291 28.0 9659
1766849063999 28.0 9669
1766849065701 28.0 9679
1766849067409 28.0 9689
1766849069114 28.0 9699
1766849070856 28.0 9709
1766849080000 28.0 9714
1766849081917 29.0 9719
1766849083663 29.0 9729
1766849085426 29.0 9739
1766849087136 29.0 9749
1766849088846 29.0 9759
1766849090577 29.0 9769
1766849095630 29.0 9779
1766849097352 29.0 9789
1766849099090 29.0 9799
1766849100822 29.0 9809
1766849102543 29.0 9819
1766849104272 29.0 9829
1766849106005 29.0 9839
1766849107762 29.0 9849
1766849109510 29.0 9859
1766849112459 29.0 9869
1766849115285 29.0 9879
1766849117115 29.0 9889
1766849118818 29.0 9899
1766849120521 29.0 9909
1766849122242 29.0 9919
1766849123941 29.0 9929
1766849125661 29.0 9939
1766849130704 29.0 9949
1766849132448 29.0 9959
1766849137446 29.0 9969
1766849139424 29.0 9979
1766849141138 29.0 9989
1766849142834 29.0 9999
1766849144555 29.0 10009
1766849146269 29.0 10019
1766849147977 29.0 10029
1766849149691 29.0 10039
1766849151645 29.0 10049
1766849156384 29.0 10049
1766849159171 30.0 10059
1766849160892 30.0 10069
1766849165933 30.0 10079
1766849167647 30.0 10089
1766849169358 30.0 10099
1766849171086 30.0 10109
1766849172833 30.0 10119
1766849174539 30.0 10129
1766849176280 30.0 10139
1766849178005 30.0 10149
1766849179721 30.0 10159
1766849181433 30.0 10169
1766849183155 30.0 10179
1766849184867 30.0 10189
1766849186586 30.0 10199
1766849188307 30.0 10209
1766849190037 30.0 10219
1766849191768 30.0 10229
1766849193496 30.0 10239
1766849195221 30.0 10249
1766849196954 30.0 10259
1766849202010 30.0 10269
1766849210357 30.0 10279
1766849221746 30.0 10289
1766849223480 30.0 10299
1766849225199 30.0 10309
1766849226900 30.0 10319
1766849228591 30.0 10329
1766849230275 30.0 10339
1766849231979 30.0 10349
1766849237039 30.0 10359
1766849238740 30.0 10369
1766849240459 30.0 10379
1766849246346 30.0 10384
1766849248171 31.0 10389
1766849249881 31.0 10399
1766849251604 31.0 10409
1766849253342 31.0 10419
1766849255079 31.0 10429
1766849256785 31.0 10439
1766849258496 31.0 10449
1766849260195 31.0 10459
1766849261906 31.0 10469
1766849263629 31.0 10479
1766849265361 31.0 10489
1766849267142 31.0 10499
1766849268845 31.0 10509
1766849273898 31.0 10519
1766849275610 31.0 10529
1766849277321 31.0 10539
1766849279052 31.0 10549
1766849280791 31.0 10559
1766849282493 31.0 10569
1766849284231 31.0 10579
1766849285979 31.0 10589
1766849287688 31.0 10599
1766849289401 31.0 10609
1766849291110 31.0 10619
1766849292818 31.0 10629
1766849294558 31.0 10639
1766849296292 31.0 10649
1766849298011 31.0 10659
1766849299763 31.0 10669
1766849301486 31.0 10679
1766849303205 31.0 10689
1766849308266 31.0 10699
1766849309984 31.0 10709
1766849311902 31.0 10719
1766849316628 31.0 10719
