1766846777730 2.7317423820495605 9
1766846782716 2.581252098083496 19
1766846784372 2.4207544326782227 29
1766846786037 2.525815010070801 39
1766846787683 2.504096031188965 49
1766846789326 2.3603897094726562 59
1766846790969 2.3426132202148438 69
1766846792605 2.233804702758789 79
1766846794238 2.2565107345581055 89
1766846795879 2.320484161376953 99
1766846797519 2.2247047424316406 109
1766846799166 2.3823986053466797 119
1766846800799 2.275193214416504 129
1766846802442 2.3488826751708984 139
1766846804082 2.084074020385742 149
1766846805725 2.2901573181152344 159
1766846807366 2.270784378051758 169
1766846809012 2.364494800567627 179
1766846810657 2.365924835205078 189
1766846812300 2.221482276916504 199
1766846817274 2.123138427734375 209
1766846818923 2.1826372146606445 219
1766846820569 2.213571548461914 229
1766846822229 2.183786392211914 239
1766846823886 2.298497200012207 249
1766846825536 2.106790065765381 259
1766846827185 2.084320068359375 269
1766846828842 2.0433177947998047 279
1766846830503 2.0027828216552734 289
1766846832158 1.9573941230773926 299
1766846833814 2.013421058654785 309
1766846835471 2.0011987686157227 319
1766846837130 2.1407318115234375 329
1766846844608 1.9150915145874023 339
1766846846282 2.3049545288085938 349
1766846847945 2.1105480194091797 359
1766846852945 2.0237350463867188 369
1766846854608 2.019836902618408 379
1766846856266 1.9143428802490234 389
1766846857936 1.991194248199463 399
1766846859598 2.1451892852783203 409
1766846861259 2.00009822845459 419
1766846862927 2.0742692947387695 429
1766846864591 1.8254594802856445 439
1766846866260 2.212068557739258 449
1766846867921 2.127817153930664 459
1766846869584 1.9394855499267578 469
1766846871246 2.0302581787109375 479
1766846872907 1.956329345703125 489
1766846874567 1.8757610321044922 499
1766846876228 2.1382055282592773 509
1766846877896 2.231882095336914 519
1766846879559 2.214282989501953 529
1766846881231 2.273937225341797 539
1766846882897 2.1400909423828125 549
1766846884567 2.131434917449951 559
1766846889558 1.9858980178833008 569
1766846891225 1.9979438781738281 579
1766846892899 2.162168502807617 589
1766846894570 2.057668685913086 599
1766846896236 1.8364028930664062 609
1766846897909 1.9366636276245117 619
1766846899576 1.9027881622314453 629
1766846901244 1.8735027313232422 639
1766846902922 2.04833984375 649
1766846904596 1.8849601745605469 659
1766846906470 1.9660252332687378 669
1766846913806 1.9627704620361328 679
1766846915480 1.9237327575683594 689
1766846917154 1.9228920936584473 699
1766846918820 2.026407241821289 709
1766846920502 2.084766387939453 719
1766846925504 2.0179643630981445 729
1766846927192 1.919785499572754 739
1766846928872 1.9465713500976562 749
1766846930557 1.920633316040039 759
1766846932235 1.9878427982330322 769
1766846933915 2.0053510665893555 779
1766846935590 2.044991970062256 789
1766846937275 2.012733221054077 799
1766846938953 2.0226221084594727 809
1766846940631 1.8829774856567383 819
1766846942308 1.9348173141479492 829
1766846943986 1.8592352867126465 839
1766846945663 1.9310235977172852 849
1766846947326 1.75242280960083 859
1766846949004 1.9636509418487549 869
1766846950677 1.8702020645141602 879
1766846952354 1.7758798599243164 889
1766846954025 1.8295726776123047 899
1766846955695 1.810136318206787 909
1766846960694 1.8902466297149658 919
1766846962370 1.8165745735168457 929
1766846964044 1.7978785037994385 939
1766846965719 1.8024101257324219 949
1766846967392 1.861900806427002 959
1766846969075 1.8487329483032227 969
1766846970756 1.7664852142333984 979
1766846972428 1.8098013401031494 989
1766846974111 1.8506674766540527 999
1766846981620 1.9204316139221191 1009
1766846983291 1.7470145225524902 1019
1766846984971 1.7338476181030273 1029
1766846986644 1.728135108947754 1039
1766846988318 1.986642837524414 1049
1766846989989 2.0208282470703125 1059
1766846991664 1.8046417236328125 1069
1766846996691 1.9898426532745361 1079
1766846998363 2.003081798553467 1089
1766847000040 1.9549673795700073 1099
1766847001716 2.019314765930176 1109
1766847003390 1.8850984573364258 1119
1766847005063 1.9807305335998535 1129
1766847006741 1.8231315612792969 1139
1766847008418 1.9794974327087402 1149
1766847010103 1.829972267150879 1159
1766847011786 1.9392318725585938 1169
1766847013473 1.7809233665466309 1179
1766847015152 1.7744712829589844 1189
1766847016826 1.8305301666259766 1199
1766847018498 1.6902351379394531 1209
1766847020171 1.8374595642089844 1219
1766847021844 1.9967279434204102 1229
1766847023512 1.7894115447998047 1239
1766847025190 1.877152442932129 1249
1766847026888 1.8019123077392578 1259
1766847032010 1.8748750686645508 1269
1766847033734 1.8031444549560547 1279
1766847035464 2.007110595703125 1289
1766847037209 1.6893091201782227 1299
1766847038946 1.7126245498657227 1309
1766847040641 1.6556873321533203 1319
1766847042370 2.04647159576416 1329
1766847046785 1.9566706418991089 1339
1766847055375 1.915818214416504 1349
1766847057080 1.7148363590240479 1359
1766847058799 1.650843620300293 1369
1766847060519 1.7088632583618164 1379
1766847062196 1.6562817096710205 1389
1766847067204 1.8121309280395508 1399
1766847068881 1.696635127067566 1409
1766847070572 1.5836219787597656 1419
1766847072246 1.8313241004943848 1429
1766847073966 1.690927505493164 1439
1766847075687 1.7151598930358887 1449
1766847077383 1.7175213098526 1459
1766847079396 1.6985483169555664 1469
1766847081142 1.617908000946045 1479
1766847082838 1.845937728881836 1489
1766847084535 2.0529799461364746 1499
1766847086303 1.7820241451263428 1509
1766847088125 1.8326301574707031 1519
1766847089817 1.6730127334594727 1529
1766847091514 1.5950772762298584 1539
1766847093226 1.5420222282409668 1549
1766847094940 1.8802299499511719 1559
1766847096627 2.0645275115966797 1569
1766847098293 1.94317626953125 1579
1766847103311 2.0994415283203125 1589
1766847104992 1.9767332077026367 1599
1766847106656 1.8368463516235352 1609
1766847108335 1.8060379028320312 1619
1766847110017 1.7043800354003906 1629
1766847111699 1.7177562713623047 1639
1766847113394 1.790797233581543 1649
1766847115099 1.796156883239746 1659
1766847116780 1.8087735176086426 1669
1766847128142 1.7137751579284668 1679
1766847129817 1.7209968566894531 1689
1766847131506 1.708038330078125 1699
1766847133260 1.8578710556030273 1709
1766847138367 1.7534904479980469 1719
1766847140080 1.7712974548339844 1729
1766847142027 1.7670979499816895 1739
1766847143708 1.722092628479004 1749
1766847145469 1.7402098178863525 1759
1766847147177 1.5854716300964355 1769
1766847148858 1.952195644378662 1779
1766847150536 1.6440019607543945 1789
1766847152204 1.804747462272644 1799
1766847153886 1.6614294052124023 1809
1766847155564 1.6234874725341797 1819
1766847157250 1.685666561126709 1829
1766847158919 1.8057684898376465 1839
1766847160624 1.8469035625457764 1849
1766847162725 1.700495719909668 1859
1766847165203 1.7645506858825684 1869
1766847167620 1.7312235832214355 1879
1766847173111 1.9409170150756836 1889
1766847176454 2.036635398864746 1899
1766847186013 1.6669765710830688 1909
1766847188435 2.0989599227905273 1919
1766847191541 2.077287197113037 1929
1766847193566 1.9657657146453857 1939
1766847195533 1.8343193531036377 1949
1766847197905 1.9345800876617432 1959
1766847199988 1.8138314485549927 1969
1766847202249 1.9935688972473145 1979
1766847209227 1.84834623336792 1989
1766847211298 1.9751715660095215 1999
1766847213253 1.9681334495544434 2009
1766847220654 1.916621446609497 2019
1766847222370 1.7302560806274414 2029
1766847224108 1.8454980850219727 2039
1766847235437 1.8019680976867676 2049
1766847237292 2.0035791397094727 2059
1766847239197 1.7211265563964844 2069
1766847244396 1.815371036529541 2079
1766847246279 1.9517862796783447 2089
1766847248156 2.0862159729003906 2099
1766847250034 1.834092617034912 2109
1766847251911 1.7876219749450684 2119
1766847253774 1.8511877059936523 2129
1766847255662 1.89892578125 2139
1766847257533 1.8902053833007812 2149
1766847259390 1.7632274627685547 2159
1766847261272 1.8798174858093262 2169
1766847263149 1.7558684349060059 2179
1766847265037 1.8580427169799805 2189
1766847266931 1.6442441940307617 2199
1766847268824 1.8277130126953125 2209
1766847270693 1.5810952186584473 2219
1766847272575 1.794398307800293 2229
1766847274439 1.6891679763793945 2239
1766847276326 1.6539342403411865 2249
1766847281507 1.7106704711914062 2259
1766847283349 1.6585094928741455 2269
1766847292949 1.921687126159668 2279
1766847295075 1.730717658996582 2289
1766847296784 1.6419181823730469 2299
1766847298467 1.6524507999420166 2309
1766847300191 1.5525636672973633 2319
1766847301886 1.7934305667877197 2329
1766847303579 1.7675034999847412 2339
1766847311213 1.5827175378799438 2349
1766847316235 1.6966214179992676 2359
1766847317925 1.5593452453613281 2369
1766847319599 1.6903610229492188 2379
1766847321313 1.6526460647583008 2389
1766847323043 1.7306022644042969 2399
1766847324787 1.6913057565689087 2409
1766847326470 1.8534493446350098 2419
1766847328157 1.5233473777770996 2429
1766847329869 1.7964768409729004 2439
1766847331573 1.6137051582336426 2449
1766847333294 1.8218450546264648 2459
1766847334995 1.6593395471572876 2469
1766847336692 1.6215754747390747 2479
1766847338397 1.577957272529602 2489
1766847340096 1.8275783061981201 2499
1766847341813 1.644688606262207 2509
1766847343522 1.6479991674423218 2519
1766847345210 1.644553780555725 2529
1766847346909 1.6309303045272827 2539
1766847351930 1.6080257892608643 2549
1766847353631 1.5257296562194824 2559
1766847355323 1.5732736587524414 2569
1766847357014 1.5535768270492554 2579
1766847358706 1.4857840538024902 2589
1766847360394 1.6629693508148193 2599
1766847362091 1.8753488063812256 2609
1766847363779 1.6938567161560059 2619
1766847365474 1.8292118310928345 2629
1766847367181 1.994206190109253 2639
1766847368878 2.163391351699829 2649
1766847370582 1.9724265336990356 2659
1766847372275 1.742811679840088 2669
1766847374177 1.7097845077514648 2679
1766847381557 1.7268590927124023 2689
1766847386587 1.7508783340454102 2699
1766847388292 1.7258186340332031 2709
1766847389996 1.7995612621307373 2719
1766847391688 1.7898811101913452 2729
1766847393390 1.7381565570831299 2739
1766847395101 1.7270848751068115 2749
1766847396800 1.9189738035202026 2759
1766847398499 1.8456655740737915 2769
1766847400260 1.8074640035629272 2779
1766847402028 1.7116271257400513 2789
1766847412438 1.810925006866455 2799
1766847414187 1.760359764099121 2809
1766847416703 1.9540045261383057 2819
1766847418504 1.5778332948684692 2829
1766847423577 2.013298511505127 2839
1766847425311 1.905782699584961 2849
1766847427039 1.7338860034942627 2859
1766847428747 1.6909456253051758 2869
1766847430435 1.701451301574707 2879
1766847432125 1.791823387145996 2889
1766847433808 1.7822761535644531 2899
1766847435489 1.7250477075576782 2909
1766847437166 1.720860481262207 2919
1766847438857 1.7317028045654297 2929
1766847440545 1.6597338914871216 2939
1766847442281 1.811920166015625 2949
1766847443994 1.6776785850524902 2959
1766847445739 1.7055702209472656 2969
1766847450425 1.6886296272277832 2979
1766847452612 1.831881046295166 2989
1766847486990 1.7717738151550293 2999
1766847504089 1.727819800376892 3009
1766847517605 1.7976579666137695 3019
1766847519648 1.7142467498779297 3029
1766847521771 1.7325584888458252 3039
1766847524454 1.6349399089813232 3049
1766847530156 1.7419910430908203 3059
1766847533108 1.6962721347808838 3069
1766847535074 1.6353020668029785 3079
1766847538745 1.585829257965088 3089
1766847540735 1.6116271018981934 3099
1766847542787 1.7567014694213867 3109
1766847545870 1.7287135124206543 3119
1766847547930 1.5789403915405273 3129
1766847549632 1.655160665512085 3139
1766847551357 1.7445937395095825 3149
1766847553042 1.6962580680847168 3159
1766847554741 1.6116673946380615 3169
1766847556457 1.4841681718826294 3179
1766847558140 1.7844033241271973 3189
1766847559826 1.6368215084075928 3199
1766847564833 1.6288009881973267 3209
1766847566496 1.6389656066894531 3219
1766847568159 1.6610956192016602 3229
1766847569821 1.6561028957366943 3239
1766847571482 1.730377197265625 3249
1766847573145 1.60634446144104 3259
1766847574814 1.6072330474853516 3269
1766847576507 1.6929216384887695 3279
1766847578188 1.6345012187957764 3289
1766847579851 1.679497480392456 3299
1766847581527 1.6064732074737549 3309
1766847583214 1.6188715696334839 3319
1766847584883 1.5807383060455322 3329
1766847586561 1.5490440130233765 3339
1766847588432 1.5935500860214233 3349
1766847595784 1.563873291015625 3359
1766847600834 1.6338355541229248 3369
1766847602511 1.5228160619735718 3379
1766847604227 1.6471409797668457 3389
1766847605906 1.7405674457550049 3399
1766847607583 1.6604745388031006 3409
1766847609265 1.5837503671646118 3419
1766847610948 1.6448473930358887 3429
1766847612640 1.6840472221374512 3439
1766847614325 1.6432890892028809 3449
1766847616003 1.5658655166625977 3459
1766847617686 1.643129587173462 3469
1766847619364 1.7515133619308472 3479
1766847621057 1.755648136138916 3489
1766847622749 1.616462230682373 3499
1766847624437 1.6233769655227661 3509
1766847626114 1.5864505767822266 3519
1766847627806 1.6130430698394775 3529
1766847629499 1.6641688346862793 3539
1766847631185 1.643275260925293 3549
1766847636200 1.645011305809021 3559
1766847637887 1.6260653734207153 3569
1766847639576 1.6579935550689697 3579
1766847641278 1.5366190671920776 3589
1766847642964 1.4404473304748535 3599
1766847644657 1.6292505264282227 3609
1766847646349 1.7294895648956299 3619
1766847648033 1.6911375522613525 3629
1766847649717 1.5123769044876099 3639
1766847651397 1.7183985710144043 3649
1766847653082 1.752943515777588 3659
1766847654773 1.5710574388504028 3669
1766847656459 1.593519687652588 3679
1766847664053 1.615403175354004 3689
1766847665786 1.5117640495300293 3699
1766847667480 1.5830206871032715 3709
1766847672535 1.4345064163208008 3719
1766847674215 1.620293378829956 3729
1766847675908 1.6840174198150635 3739
1766847677620 1.7659709453582764 3749
1766847679346 1.6334418058395386 3759
1766847681041 1.682779312133789 3769
1766847682730 1.679734706878662 3779
1766847684409 1.8642919063568115 3789
1766847686093 1.6273329257965088 3799
1766847687788 1.6351556777954102 3809
1766847689465 1.6100680828094482 3819
1766847691140 1.6158850193023682 3829
1766847692830 1.6198043823242188 3839
1766847694569 1.5450983047485352 3849
1766847696298 1.5480334758758545 3859
1766847698007 1.3989440202713013 3869
1766847699728 1.548203706741333 3879
1766847701466 1.5479655265808105 3889
1766847703225 1.6277374029159546 3899
1766847708323 1.5136052370071411 3909
1766847710082 1.553061842918396 3919
1766847711849 1.7017481327056885 3929
1766847713600 1.5197020769119263 3939
1766847715354 1.6362905502319336 3949
1766847717095 1.5865823030471802 3959
1766847718835 1.5816466808319092 3969
1766847720590 1.4292066097259521 3979
1766847722342 1.4380297660827637 3989
1766847724084 1.554433822631836 3999
1766847725834 1.4841275215148926 4009
1766847727801 1.379725694656372 4019
1766847735384 1.5866345167160034 4029
1766847737102 1.389906883239746 4039
1766847738785 2.0670673847198486 4049
1766847743803 1.9790030717849731 4059
1766847745519 1.9250528812408447 4069
1766847747212 1.7985670566558838 4079
1766847748917 1.639626383781433 4089
1766847750623 1.457760214805603 4099
1766847752335 1.609922170639038 4109
1766847754082 1.5854207277297974 4119
1766847755772 1.4998699426651 4129
1766847757463 1.6519285440444946 4139
1766847759171 1.516263484954834 4149
1766847760959 1.5330992937088013 4159
1766847762735 1.6512737274169922 4169
1766847764465 1.8168532848358154 4179
1766847766161 1.8405786752700806 4189
1766847767871 1.672953724861145 4199
1766847769570 1.5828496217727661 4209
1766847771307 1.4899271726608276 4219
1766847773057 1.5610175132751465 4229
1766847778125 1.4106608629226685 4239
1766847779866 1.5801208019256592 4249
1766847781608 1.5685267448425293 4259
1766847783368 1.6452720165252686 4269
1766847785125 1.4365848302841187 4279
1766847786880 1.5967198610305786 4289
1766847788650 1.5564079284667969 4299
1766847790372 1.4222345352172852 4309
1766847792092 1.510756015777588 4319
1766847793807 1.5072647333145142 4329
1766847795543 1.5239903926849365 4339
1766847797234 1.6511075496673584 4349
1766847804822 1.4527074098587036 4359
1766847806512 1.5124659538269043 4369
1766847808196 1.7649794816970825 4379
1766847809875 1.5024707317352295 4389
1766847814886 1.7211456298828125 4399
1766847816566 1.6927043199539185 4409
1766847818258 1.6522917747497559 4419
1766847819945 1.5544085502624512 4429
1766847821634 1.5791021585464478 4439
1766847823319 1.5061817169189453 4449
1766847825008 1.4921703338623047 4459
1766847826709 1.5126533508300781 4469
1766847828444 1.5200492143630981 4479
1766847830190 1.404409408569336 4489
1766847831969 1.4321048259735107 4499
1766847833744 1.550504446029663 4509
1766847835499 1.6950013637542725 4519
1766847837239 1.6303385496139526 4529
1766847838984 1.7062513828277588 4539
1766847840737 1.592271327972412 4549
1766847842485 1.597971796989441 4559
1766847844223 1.6864137649536133 4569
1766847849300 1.6300692558288574 4579
1766847851045 1.5652694702148438 4589
1766847852773 1.538360357284546 4599
1766847854520 1.599518060684204 4609
1766847856282 1.3973443508148193 4619
1766847858019 1.536807894706726 4629
1766847860863 1.4065895080566406 4639
1766847863403 1.6755926609039307 4649
1766847866199 1.6000818014144897 4659
1766847869449 1.596814513206482 4669
1766847872108 1.6332173347473145 4679
1766847877808 1.509201169013977 4689
1766847892361 1.633049726486206 4699
1766847894038 1.5364882946014404 4709
1766847896001 1.5289857387542725 4719
1766847898008 1.4843701124191284 4729
1766847899990 1.426661491394043 4739
1766847901646 1.5687255859375 4749
1766847903301 1.466171383857727 4759
1766847904965 1.4593912363052368 4769
1766847906666 1.4530411958694458 4779
1766847908630 1.6482813358306885 4789
1766847910296 1.567009449005127 4799
1766847911980 1.4683701992034912 4809
1766847913668 1.4887287616729736 4819
1766847915353 1.3690063953399658 4829
1766847920367 1.6131281852722168 4839
1766847922051 1.346383810043335 4849
1766847924158 1.5603930950164795 4859
1766847925877 1.5951255559921265 4869
1766847927567 1.5491993427276611 4879
1766847929278 1.5480395555496216 4889
1766847931000 1.4984838962554932 4899
1766847939362 1.4450780153274536 4909
1766847941191 1.4885199069976807 4919
1766847942863 1.5667657852172852 4929
1766847945961 1.5130923986434937 4939
1766847947945 1.4823658466339111 4949
1766847949833 1.4447370767593384 4959
1766847951503 1.415696382522583 4969
1766847956515 1.5030224323272705 4979
1766847958197 1.569027304649353 4989
1766847959885 1.587614893913269 4999
1766847961566 1.4176453351974487 5009
1766847963250 1.547124981880188 5019
1766847970764 1.5260225534439087 5029
1766847972429 1.5050255060195923 5039
1766847974100 1.4361419677734375 5049
1766847975769 1.4881285429000854 5059
1766847977433 1.5187128782272339 5069
1766847979096 1.5546618700027466 5079
1766847980765 1.4112017154693604 5089
1766847982426 1.4332804679870605 5099
1766847984093 1.476686716079712 5109
1766847985762 1.5502804517745972 5119
1766847987425 1.6526210308074951 5129
1766847992426 1.479982614517212 5139
1766847994090 1.5847712755203247 5149
1766847995773 1.5688010454177856 5159
1766847997448 1.7446422576904297 5169
1766847999120 1.5021412372589111 5179
1766848000797 1.630345106124878 5189
1766848002481 1.5050289630889893 5199
1766848004170 1.5244710445404053 5209
1766848005846 1.4486898183822632 5219
1766848007529 1.6128703355789185 5229
1766848009214 1.55185866355896 5239
1766848010901 1.4583804607391357 5249
1766848012589 1.57566237449646 5259
1766848014273 1.692567229270935 5269
1766848015962 1.7960608005523682 5279
1766848017653 1.567572832107544 5289
1766848019329 1.4823204278945923 5299
1766848020995 1.5062215328216553 5309
1766848022658 1.4649150371551514 5319
1766848027661 1.4939584732055664 5329
1766848029329 1.3121256828308105 5339
1766848030994 1.479557752609253 5349
1766848032866 1.4241310358047485 5359
1766848040205 1.4929635524749756 5369
1766848041890 1.585333228111267 5379
1766848043561 1.4152626991271973 5389
1766848045228 1.4532251358032227 5399
1766848046902 1.3685969114303589 5409
1766848048579 1.6899406909942627 5419
1766848050249 1.6117334365844727 5429
1766848051921 1.4725322723388672 5439
1766848053599 1.5708287954330444 5449
1766848055271 1.3540596961975098 5459
1766848056952 1.4748356342315674 5469
1766848058629 1.5686404705047607 5479
1766848063679 1.401247501373291 5489
1766848065614 1.4558132886886597 5499
1766848069101 1.461098313331604 5509
1766848070798 1.4651950597763062 5519
1766848072498 1.4232633113861084 5529
1766848074196 1.5957615375518799 5539
1766848075888 1.8927706480026245 5549
1766848077568 1.6015210151672363 5559
1766848079244 1.5895146131515503 5569
1766848080931 1.6086398363113403 5579
1766848082617 1.5582281351089478 5589
1766848084298 1.4879688024520874 5599
1766848085972 1.552623987197876 5609
1766848087649 1.5363048315048218 5619
1766848089327 1.3986437320709229 5629
1766848091002 1.5685949325561523 5639
1766848092679 1.6519843339920044 5649
1766848094354 1.4898961782455444 5659
1766848099364 1.5777722597122192 5669
1766848101046 1.6411694288253784 5679
1766848102734 1.439903736114502 5689
1766848110307 1.4540213346481323 5699
1766848112011 1.5374525785446167 5709
1766848113711 1.5122276544570923 5719
1766848115410 1.5322710275650024 5729
1766848117110 1.5669282674789429 5739
1766848118801 1.5624260902404785 5749
1766848120493 1.458938479423523 5759
1766848122193 1.4317001104354858 5769
1766848123889 1.5407426357269287 5779
1766848125607 1.407071590423584 5789
1766848127298 1.3245726823806763 5799
1766848128970 1.481135368347168 5809
1766848133985 1.5187411308288574 5819
1766848135661 1.5003647804260254 5829
1766848137338 1.652405858039856 5839
1766848139016 1.637924075126648 5849
1766848140695 1.6477843523025513 5859
1766848142368 1.522831678390503 5869
1766848144049 1.5022464990615845 5879
1766848145726 1.5522605180740356 5889
1766848147397 1.4317424297332764 5899
1766848149074 1.8684700727462769 5909
1766848150750 1.4298030138015747 5919
1766848152428 1.6585254669189453 5929
1766848154106 1.5194166898727417 5939
1766848155777 1.6232995986938477 5949
1766848157450 1.4621402025222778 5959
1766848159126 1.6197776794433594 5969
1766848160806 1.6128102540969849 5979
1766848162509 1.3877938985824585 5989
1766848164233 1.5060992240905762 5999
1766848169267 1.5497584342956543 6009
1766848171005 1.3637621402740479 6019
1766848172952 1.525313377380371 6029
1766848180447 1.3476238250732422 6039
1766848182179 1.4579880237579346 6049
1766848183881 1.2424452304840088 6059
1766848185662 1.3415217399597168 6069
1766848187361 1.3441438674926758 6079
1766848189778 1.493899941444397 6089
1766848192146 1.5835232734680176 6099
1766848194217 1.4307878017425537 6109
1766848196603 1.5520849227905273 6119
1766848200573 1.5484064817428589 6129
1766848206052 1.32779061794281 6139
1766848207752 1.4625186920166016 6149
1766848209443 1.4731296300888062 6159
1766848211129 1.4395525455474854 6169
1766848212805 1.4562115669250488 6179
1766848214493 1.2772163152694702 6189
1766848216171 1.3229310512542725 6199
1766848217861 1.4162867069244385 6209
1766848219547 1.3533231019973755 6219
1766848221229 1.472109079360962 6229
1766848222917 1.5597150325775146 6239
1766848224637 1.5312083959579468 6249
1766848226348 1.4671299457550049 6259
1766848228039 1.358883023262024 6269
1766848229735 1.5414279699325562 6279
1766848231429 1.445105791091919 6289
1766848233130 1.3597791194915771 6299
1766848251608 1.3170145750045776 6309
1766848255525 1.5856267213821411 6319
1766848257221 1.3350226879119873 6329
1766848258910 1.3161381483078003 6339
1766848260597 1.423085331916809 6349
1766848262288 1.4561989307403564 6359
1766848269983 1.3537533283233643 6369
1766848271724 1.4069868326187134 6379
1766848276803 1.3422883749008179 6389
1766848278546 1.315480351448059 6399
1766848280265 1.507129192352295 6409
1766848281960 1.312639832496643 6419
1766848283661 1.4821116924285889 6429
1766848285354 1.4719960689544678 6439
1766848287049 1.4337608814239502 6449
1766848288752 1.396439552307129 6459
1766848290439 1.4898271560668945 6469
1766848292150 1.4823741912841797 6479
1766848293870 1.6497039794921875 6489
1766848295543 1.5492435693740845 6499
1766848297260 1.3599649667739868 6509
1766848298947 1.4056048393249512 6519
1766848300645 1.634980320930481 6529
1766848302348 1.3731509447097778 6539
1766848304027 1.1704353094100952 6549
1766848305713 1.481357216835022 6559
1766848307429 1.516268014907837 6569
1766848312482 1.411731243133545 6579
1766848314228 1.3933956623077393 6589
1766848315964 1.4535335302352905 6599
1766848317697 1.3838459253311157 6609
1766848319401 1.3652781248092651 6619
1766848321092 1.5002832412719727 6629
1766848322778 1.4597296714782715 6639
1766848324458 1.4289923906326294 6649
1766848326140 1.4369328022003174 6659
1766848327821 1.2814782857894897 6669
1766848329505 1.3154066801071167 6679
1766848331192 1.4640300273895264 6689
1766848333089 1.348673701286316 6699
1766848340428 1.4371763467788696 6709
1766848342110 1.3778660297393799 6719
1766848347135 1.4073129892349243 6729
1766848348862 1.2322852611541748 6739
1766848350580 1.4801546335220337 6749
1766848352299 1.349491834640503 6759
1766848354016 1.3418110609054565 6769
1766848355753 1.4700210094451904 6779
1766848357502 1.4815685749053955 6789
1766848359257 1.369199275970459 6799
1766848361001 1.2685655355453491 6809
1766848362702 1.4471207857131958 6819
1766848364409 1.524393916130066 6829
1766848366115 1.4168416261672974 6839
1766848367822 1.3618760108947754 6849
1766848369516 1.2626341581344604 6859
1766848371203 1.4029549360275269 6869
1766848372900 1.223868727684021 6879
1766848374599 1.4097776412963867 6889
1766848376285 1.2385225296020508 6899
1766848378035 1.3695117235183716 6909
1766848383072 1.3639987707138062 6919
1766848384814 1.4492560625076294 6929
1766848386558 1.417686104774475 6939
1766848388309 1.605269432067871 6949
1766848390042 1.594031572341919 6959
1766848391837 1.394430160522461 6969
1766848393666 1.471548080444336 6979
1766848395492 1.316333293914795 6989
1766848397207 1.3528391122817993 6999
1766848398908 1.3552427291870117 7009
1766848400605 1.4290506839752197 7019
1766848402315 1.381633996963501 7029
1766848409975 1.3848989009857178 7039
1766848411701 1.4289608001708984 7049
1766848413420 1.2876805067062378 7059
1766848418474 1.6964161396026611 7069
1766848420200 1.505141258239746 7079
1766848421926 1.4311301708221436 7089
1766848423637 1.4173781871795654 7099
1766848425351 1.401535987854004 7109
1766848430979 1.3850290775299072 7119
1766848432766 1.3402659893035889 7129
1766848434522 1.312332034111023 7139
1766848436298 1.562032699584961 7149
1766848438053 1.2067945003509521 7159
1766848439829 1.4941449165344238 7169
1766848441584 1.3897401094436646 7179
1766848443289 1.3716875314712524 7189
1766848444998 1.308035135269165 7199
1766848446692 1.5106033086776733 7209
1766848448393 1.1883143186569214 7219
1766848450100 1.407196283340454 7229
1766848455126 1.5977851152420044 7239
1766848456825 1.478312373161316 7249
1766848458495 1.4373762607574463 7259
1766848460164 1.3072941303253174 7269
1766848461846 1.4986289739608765 7279
1766848463518 1.206522822380066 7289
1766848465209 1.2906146049499512 7299
1766848466963 1.4047313928604126 7309
1766848468715 1.3407948017120361 7319
1766848470444 1.4095498323440552 7329
1766848472086 1.3882064819335938 7339
1766848473722 1.348915934562683 7349
1766848475357 1.3667551279067993 7359
1766848477186 1.4624583721160889 7369
1766848484343 1.2960729598999023 7379
1766848485983 1.3484234809875488 7389
1766848490955 1.4001699686050415 7399
1766848492593 1.3906019926071167 7409
1766848494229 1.3325334787368774 7419
1766848495866 1.4508730173110962 7429
1766848497500 1.4267719984054565 7439
1766848499135 1.571160912513733 7449
1766848500784 1.4155194759368896 7459
1766848502421 1.3560450077056885 7469
1766848504056 1.455580711364746 7479
1766848505693 1.4344847202301025 7489
1766848507330 1.2547212839126587 7499
1766848508972 1.3767808675765991 7509
1766848510617 1.385422945022583 7519
1766848512254 1.3102788925170898 7529
1766848513891 1.3907482624053955 7539
1766848515535 1.5447895526885986 7549
1766848517173 1.4056167602539062 7559
1766848518808 1.5453884601593018 7569
1766848520448 1.3374916315078735 7579
1766848525410 1.2121505737304688 7589
1766848527043 1.376520037651062 7599
1766848528677 1.409304141998291 7609
1766848530318 1.4521617889404297 7619
1766848531952 1.4256784915924072 7629
1766848533591 1.2077430486679077 7639
1766848535239 1.1975599527359009 7649
1766848536966 1.3046610355377197 7659
1766848538596 1.2905948162078857 7669
1766848540224 1.4411641359329224 7679
1766848541847 1.199289083480835 7689
1766848543471 1.1606389284133911 7699
1766848550874 1.5910670757293701 7709
1766848552504 1.4407601356506348 7719
1766848554130 1.1985526084899902 7729
1766848555758 1.3949410915374756 7739
1766848560726 1.3355822563171387 7749
1766848562349 1.2864668369293213 7759
1766848563981 1.3317115306854248 7769
1766848565611 1.375128149986267 7779
1766848567237 1.3926506042480469 7789
1766848568862 1.3800678253173828 7799
1766848570489 1.2274272441864014 7809
1766848572117 1.3716466426849365 7819
1766848573741 1.3309762477874756 7829
1766848575366 1.5857481956481934 7839
1766848576992 1.7482527494430542 7849
1766848578618 1.5635546445846558 7859
1766848580241 1.1736122369766235 7869
1766848581867 1.4006009101867676 7879
1766848583494 1.4644415378570557 7889
1766848585114 1.515495777130127 7899
1766848586739 1.4508033990859985 7909
1766848588363 1.4877722263336182 7919
1766848589987 1.4742141962051392 7929
1766848591611 1.540458083152771 7939
1766848596563 1.363928198814392 7949
1766848598190 1.4261274337768555 7959
1766848599814 1.3195521831512451 7969
1766848601437 1.3500208854675293 7979
1766848603063 1.4418113231658936 7989
1766848604690 1.3597148656845093 7999
1766848606314 1.3886985778808594 8009
1766848607941 1.2680315971374512 8019
1766848609566 1.5941081047058105 8029
1766848611385 1.2876555919647217 8039
1766848618533 1.2877109050750732 8049
1766848620165 1.4309370517730713 8059
1766848621796 1.245522379875183 8069
1766848623425 1.4525721073150635 8079
1766848625067 1.3660141229629517 8089
1766848626694 1.2708771228790283 8099
1766848628323 1.317966341972351 8109
1766848633281 1.3580759763717651 8119
1766848634910 1.3658846616744995 8129
1766848636547 1.2685327529907227 8139
1766848638174 1.3268122673034668 8149
1766848639802 1.4253243207931519 8159
1766848641425 1.1844693422317505 8169
1766848643048 1.3133041858673096 8179
1766848644670 1.3849314451217651 8189
1766848646294 1.3578506708145142 8199
1766848647928 1.352416753768921 8209
1766848649564 1.1779329776763916 8219
1766848651188 1.2908146381378174 8229
1766848652810 1.3295397758483887 8239
1766848654433 1.2949950695037842 8249
1766848656057 1.3518942594528198 8259
1766848657681 1.277260422706604 8269
1766848659304 1.3381538391113281 8279
1766848660930 1.3820910453796387 8289
1766848662554 1.236998438835144 8299
1766848667511 1.2042752504348755 8309
1766848669135 1.1754529476165771 8319
1766848670758 1.3046613931655884 8329
1766848672383 1.2510311603546143 8339
1766848674008 1.2711315155029297 8349
1766848675631 1.160175085067749 8359
1766848677255 1.3709415197372437 8369
1766848684594 1.1860350370407104 8379
1766848686225 1.4630694389343262 8389
1766848687855 1.2697709798812866 8399
1766848689491 1.2877757549285889 8409
1766848691118 1.2364723682403564 8419
1766848692746 1.3834505081176758 8429
1766848694369 1.1100780963897705 8439
1766848695995 1.203328251838684 8449
1766848697621 1.2665953636169434 8459
1766848699246 1.6472036838531494 8469
1766848704198 1.2992806434631348 8479
1766848705822 1.347429871559143 8489
1766848707447 1.3809813261032104 8499
1766848709078 1.3398802280426025 8509
1766848710705 1.379522442817688 8519
1766848712334 1.4417262077331543 8529
1766848713963 1.3904991149902344 8539
1766848715592 1.14674973487854 8549
1766848717222 1.1815930604934692 8559
1766848718853 1.3245288133621216 8569
1766848720484 1.165387511253357 8579
1766848722112 1.5341891050338745 8589
1766848723739 1.3709142208099365 8599
1766848725369 1.3619707822799683 8609
1766848727077 1.3730180263519287 8619
1766848728832 1.5035312175750732 8629
1766848730593 1.5085023641586304 8639
1766848732344 1.2088329792022705 8649
1766848734069 1.2674663066864014 8659
1766848739086 1.3305613994598389 8669
1766848740803 1.2634475231170654 8679
1766848742528 1.2490471601486206 8689
1766848744252 1.3362641334533691 8699
1766848746177 1.2044804096221924 8709
1766848764713 1.249685525894165 8719
1766848767738 1.2297296524047852 8729
1766848769974 1.3559799194335938 8739
1766848776228 1.2489933967590332 8749
1766848778455 1.1600110530853271 8759
1766848780693 1.2822810411453247 8769
1766848783290 1.1887226104736328 8779
1766848785524 1.205507755279541 8789
1766848788818 1.2258224487304688 8799
1766848794313 1.3128007650375366 8809
1766848796519 1.2062857151031494 8819
1766848798671 1.2898690700531006 8829
1766848801131 1.3899409770965576 8839
1766848803460 1.3201531171798706 8849
1766848814274 1.2452312707901 8859
1766848817153 1.4239797592163086 8869
1766848819585 1.2147514820098877 8879
1766848821840 1.2254189252853394 8889
1766848824175 1.2263749837875366 8899
1766848826719 1.4124161005020142 8909
1766848829029 1.3335292339324951 8919
1766848831480 1.206930160522461 8929
1766848836610 1.107012152671814 8939
1766848838848 1.3108470439910889 8949
1766848841099 1.2123130559921265 8959
1766848851516 1.111922025680542 8969
1766848853632 1.3826402425765991 8979
1766848856388 1.3857907056808472 8989
1766848859468 1.5382366180419922 8999
1766848862955 1.5172232389450073 9009
1766848865910 1.218822717666626 9019
1766848870634 1.2754404544830322 9029
1766848875235 1.2604711055755615 9039
1766848892263 1.2763938903808594 9049
1766848894703 1.2112228870391846 9059
1766848898900 1.3377479314804077 9069
1766848901124 1.4461464881896973 9079
1766848903281 1.2658594846725464 9089
1766848907832 1.0981446504592896 9099
1766848909944 1.3169609308242798 9109
1766848912101 1.2096904516220093 9119
1766848917605 1.2205770015716553 9129
1766848920055 1.1022406816482544 9139
1766848922169 1.2249611616134644 9149
1766848924214 1.339951753616333 9159
1766848926415 1.0866634845733643 9169
1766848928510 1.4768329858779907 9179
1766848933777 1.5298792123794556 9189
1766848937275 1.2663902044296265 9199
1766848940315 1.141939640045166 9209
1766848944532 1.368394374847412 9219
1766848947839 1.2264653444290161 9229
1766848954697 1.3412551879882812 9239
1766848957645 1.4366192817687988 9249
1766848962778 1.1385074853897095 9259
1766848967587 1.3445243835449219 9269
1766848971927 1.990491271018982 9279
1766848974329 1.548350214958191 9289
1766848976503 1.484076976776123 9299
1766848978755 1.4676704406738281 9309
1766848981265 1.3441050052642822 9319
1766848983396 1.4066848754882812 9329
1766848989345 1.4542242288589478 9339
1766848991716 1.65106201171875 9349
1766848993831 1.3731533288955688 9359
1766848998117 1.2803341150283813 9369
1766849001934 1.4272128343582153 9379
1766849009266 1.4759957790374756 9389
1766849010965 1.3782275915145874 9399
1766849012676 1.3520419597625732 9409
1766849014379 1.1370896100997925 9419
1766849016089 1.1803991794586182 9429
1766849017841 1.3752541542053223 9439
1766849019595 1.4267170429229736 9449
1766849024628 1.2964808940887451 9459
1766849026341 1.2383849620819092 9469
1766849028046 1.3870162963867188 9479
1766849029758 1.229905605316162 9489
1766849031463 1.342605710029602 9499
1766849033175 1.3025879859924316 9509
1766849034876 1.5394424200057983 9519
1766849036581 1.253051996231079 9529
1766849038286 1.4106671810150146 9539
1766849039994 1.4418797492980957 9549
1766849041706 1.3005499839782715 9559
1766849043439 1.3692641258239746 9569
1766849045169 1.3787989616394043 9579
1766849046886 1.2742303609848022 9589
1766849048592 1.3484662771224976 9599
1766849050317 1.4669846296310425 9609
1766849052042 1.3150863647460938 9619
1766849053777 1.2909513711929321 9629
1766849058844 1.373223900794983 9639
1766849060577 1.2891879081726074 9649
1766849062291 1.320414423942566 9659
1766849063999 1.2581828832626343 9669
1766849065701 1.2593694925308228 9679
1766849067409 1.392372488975525 9689
1766849069114 1.2452605962753296 9699
1766849070856 1.2191778421401978 9709
1766849081917 1.4138178825378418 9719
1766849083663 1.0564159154891968 9729
1766849085426 1.1869438886642456 9739
1766849087136 1.2177033424377441 9749
1766849088846 1.2311421632766724 9759
1766849090577 1.194003701210022 9769
1766849095630 1.1292351484298706 9779
1766849097352 1.3110616207122803 9789
1766849099090 1.3482075929641724 9799
1766849100822 1.281955599784851 9809
1766849102543 1.4018458127975464 9819
1766849104272 1.1688247919082642 9829
1766849106005 1.1366292238235474 9839
1766849107762 1.3644993305206299 9849
1766849109510 1.250205636024475 9859
1766849112459 1.3281714916229248 9869
1766849115285 1.1710772514343262 9879
1766849117115 1.2345397472381592 9889
1766849118818 1.0229408740997314 9899
1766849120521 1.153589129447937 9909
1766849122242 1.2506542205810547 9919
1766849123941 1.355890154838562 9929
1766849125661 1.2501194477081299 9939
1766849130704 1.2345391511917114 9949
1766849132448 1.2472436428070068 9959
1766849137446 1.3594186305999756 9969
1766849139424 1.2559692859649658 9979
1766849141138 1.2947132587432861 9989
1766849142834 1.1598291397094727 9999
1766849144555 1.276950716972351 10009
1766849146269 1.118565559387207 10019
1766849147977 1.0664057731628418 10029
1766849149691 1.1361241340637207 10039
1766849151645 1.1337367296218872 10049
1766849159171 1.2279016971588135 10059
1766849160892 1.2525686025619507 10069
1766849165933 1.2941884994506836 10079
1766849167647 1.194319486618042 10089
1766849169358 1.3619122505187988 10099
1766849171086 1.0537192821502686 10109
1766849172833 1.2724716663360596 10119
1766849174539 1.0694795846939087 10129
1766849176280 1.2226080894470215 10139
1766849178005 1.1356735229492188 10149
1766849179721 1.164849877357483 10159
1766849181433 1.2256782054901123 10169
1766849183155 1.2998234033584595 10179
1766849184867 1.2793715000152588 10189
1766849186586 1.1791263818740845 10199
1766849188307 1.1397603750228882 10209
1766849190037 1.128197193145752 10219
1766849191768 1.160764455795288 10229
1766849193496 1.1285502910614014 10239
1766849195221 1.2004274129867554 10249
1766849196954 1.1461412906646729 10259
1766849202010 1.2027435302734375 10269
1766849210357 1.1924724578857422 10279
1766849221746 1.0880934000015259 10289
1766849223480 1.2018537521362305 10299
1766849225199 1.3054425716400146 10309
1766849226900 1.1964483261108398 10319
1766849228591 1.1687957048416138 10329
1766849230275 1.1022281646728516 10339
1766849231979 1.3125832080841064 10349
1766849237039 1.312464952468872 10359
1766849238740 1.185011863708496 10369
1766849240459 1.2222895622253418 10379
1766849248171 1.311969518661499 10389
1766849249881 1.3304537534713745 10399
1766849251604 1.2168984413146973 10409
1766849253342 1.125903606414795 10419
1766849255079 1.0197923183441162 10429
1766849256785 1.1658105850219727 10439
1766849258496 1.2278209924697876 10449
1766849260195 1.175917625427246 10459
1766849261906 1.141359567642212 10469
1766849263629 1.3575931787490845 10479
1766849265361 1.0813356637954712 10489
1766849267142 0.9694573879241943 10499
1766849268845 1.2384819984436035 10509
1766849273898 1.0964057445526123 10519
1766849275610 1.3150925636291504 10529
1766849277321 1.026113748550415 10539
1766849279052 1.092405915260315 10549
1766849280791 1.2015732526779175 10559
1766849282493 1.0338757038116455 10569
1766849284231 1.0699641704559326 10579
1766849285979 1.1389023065567017 10589
1766849287688 1.118093729019165 10599
1766849289401 1.2708461284637451 10609
1766849291110 1.1191444396972656 10619
1766849292818 1.1108120679855347 10629
1766849294558 1.2332051992416382 10639
1766849296292 1.0906314849853516 10649
1766849298011 1.1747796535491943 10659
1766849299763 1.2534050941467285 10669
1766849301486 1.2455089092254639 10679
1766849303205 1.2293051481246948 10689
1766849308266 1.1291500329971313 10699
1766849309984 1.0648876428604126 10709
1766849311902 1.027899980545044 10719
