1767293996786 0.006936999999652471 0
1767293997789 0.033699999999953434 1
1767293998792 0.03877799999963827 2
1767293999795 16.426986999999826 3
1767294000798 16.43199999999979 4
1767294001802 16.43701299999975 5
1767294002812 16.442025999999714 6
1767293996786 0.006936999999652471 0
1767294003826 16.4472939999996 7
1767294004829 16.487838999999894 8
1767294005832 32.885183999999754 9
1767294006836 32.891677999999956 10
1767294007839 32.89669099999992 11
1767294008848 32.901958999999806 12
1767294009853 32.90709099999958 13
