1767293996786 0.0069370000001072185 0
1767293997789 0.033699999999953434 1
1767293998792 0.038778000000093016 2
1767293999795 16.427134999999907 3
1767294000798 16.432444000000032 4
1767294001802 16.437605000000076 5
1767294002812 16.44261800000004 6
1767293996786 0.0069370000001072185 0
1767294003826 16.447885999999926 7
1767294004829 16.48823900000025 8
1767294005832 32.89102300000013 9
1767294006836 32.89751699999988 10
1767294007839 32.9025300000003 11
1767294008848 32.907798000000184 12
1767294009853 32.91292999999996 13
