1767290359623 0.0 9
1767290359985 0.0 19
1767290360319 0.0 29
1767290360649 0.0 39
1767290360980 0.0 49
1767290361308 0.0 59
1767290361641 0.0 69
1767290361973 0.0 79
1767290362310 0.0 89
1767290362645 0.0 99
1767290362988 0.0 109
1767290366239 0.0 119
1767290366572 0.0 129
1767290366906 0.0 139
1767290367245 0.0 149
1767290367576 0.0 159
1767290367905 0.0 169
1767290368237 0.0 179
1767290368575 0.0 189
1767290368909 0.0 199
1767290369242 0.0 209
1767290369578 0.0 219
1767290369911 0.0 229
1767290370270 0.0 239
1767290370602 0.0 249
1767290370937 0.0 259
1767290371274 0.0 269
1767290371616 0.0 279
1767290371960 0.0 289
1767290372290 0.0 299
1767290372622 0.0 309
1767290372951 0.0 319
1767290373285 0.0 329
1767290374763 0.0 334
1767290375186 1.0 339
1767290375525 1.0 349
1767290375864 1.0 359
1767290376209 1.0 369
1767290376545 1.0 379
1767290376880 1.0 389
1767290377215 1.0 399
1767290377556 1.0 409
1767290377892 1.0 419
1767290378235 1.0 429
1767290378571 1.0 439
1767290378911 1.0 449
1767290379248 1.0 459
1767290379591 1.0 469
1767290379928 1.0 479
1767290380278 1.0 489
1767290380612 1.0 499
1767290380944 1.0 509
1767290381283 1.0 519
1767290381622 1.0 529
1767290381960 1.0 539
1767290382294 1.0 549
1767290382633 1.0 559
1767290382967 1.0 569
1767290383302 1.0 579
1767290383638 1.0 589
1767290383979 1.0 599
1767290384327 1.0 609
1767290384670 1.0 619
1767290385012 1.0 629
1767290385361 1.0 639
1767290385710 1.0 649
1767290386047 1.0 659
1767290386383 1.0 669
1767290387725 1.0 669
1767290388317 2.0 679
1767290388657 2.0 689
1767290388997 2.0 699
1767290389335 2.0 709
1767290389672 2.0 719
1767290390011 2.0 729
1767290390347 2.0 739
1767290390683 2.0 749
1767290391016 2.0 759
1767290391352 2.0 769
1767290391689 2.0 779
1767290392029 2.0 789
1767290392367 2.0 799
1767290392706 2.0 809
1767290393043 2.0 819
1767290393382 2.0 829
1767290393717 2.0 839
1767290394069 2.0 849
1767290394424 2.0 859
1767290394787 2.0 869
1767290395140 2.0 879
1767290395519 2.0 889
1767290395873 2.0 899
1767290396221 2.0 909
1767290396578 2.0 919
1767290396914 2.0 929
1767290397255 2.0 939
1767290397594 2.0 949
1767290397936 2.0 959
1767290401225 2.0 969
1767290401565 2.0 979
1767290401913 2.0 989
1767290402250 2.0 999
1767290403813 2.0 1004
1767290404249 3.0 1009
1767290404588 3.0 1019
1767290404945 3.0 1029
1767290405318 3.0 1039
1767290405670 3.0 1049
1767290406009 3.0 1059
1767290406349 3.0 1069
1767290406686 3.0 1079
1767290407033 3.0 1089
1767290407370 3.0 1099
1767290407703 3.0 1109
1767290408040 3.0 1119
1767290408376 3.0 1129
1767290408711 3.0 1139
1767290409046 3.0 1149
1767290409387 3.0 1159
1767290409722 3.0 1169
1767290410058 3.0 1179
1767290410395 3.0 1189
1767290410730 3.0 1199
1767290411068 3.0 1209
1767290411410 3.0 1219
1767290411748 3.0 1229
1767290412087 3.0 1239
1767290412435 3.0 1249
1767290412771 3.0 1259
1767290413111 3.0 1269
1767290413451 3.0 1279
1767290413789 3.0 1289
1767290414128 3.0 1299
1767290414466 3.0 1309
1767290414795 3.0 1319
1767290415129 3.0 1329
1767290415464 3.0 1339
1767290416839 3.0 1339
1767290417431 4.0 1349
1767290417773 4.0 1359
1767290418110 4.0 1369
1767290418447 4.0 1379
1767290418785 4.0 1389
1767290419119 4.0 1399
1767290419460 4.0 1409
1767290419802 4.0 1419
1767290420138 4.0 1429
1767290420480 4.0 1439
1767290420824 4.0 1449
1767290421162 4.0 1459
1767290421508 4.0 1469
1767290421853 4.0 1479
1767290422191 4.0 1489
1767290422529 4.0 1499
1767290422866 4.0 1509
1767290423206 4.0 1519
1767290423554 4.0 1529
1767290423888 4.0 1539
1767290424224 4.0 1549
1767290424564 4.0 1559
1767290424904 4.0 1569
1767290425244 4.0 1579
1767290425605 4.0 1589
1767290425945 4.0 1599
1767290426283 4.0 1609
1767290426626 4.0 1619
1767290426967 4.0 1629
1767290427299 4.0 1639
1767290427645 4.0 1649
1767290427985 4.0 1659
1767290428321 4.0 1669
1767290429849 4.0 1674
1767290430265 5.0 1679
1767290430601 5.0 1689
1767290430936 5.0 1699
1767290431271 5.0 1709
1767290431626 5.0 1719
1767290431965 5.0 1729
1767290432303 5.0 1739
1767290432643 5.0 1749
1767290432978 5.0 1759
1767290433311 5.0 1769
1767290436576 5.0 1779
1767290436912 5.0 1789
1767290437247 5.0 1799
1767290437582 5.0 1809
1767290437914 5.0 1819
1767290438247 5.0 1829
1767290438585 5.0 1839
1767290438922 5.0 1849
1767290439253 5.0 1859
1767290439588 5.0 1869
1767290439923 5.0 1879
1767290440256 5.0 1889
1767290440596 5.0 1899
1767290440933 5.0 1909
1767290441269 5.0 1919
1767290441605 5.0 1929
1767290441940 5.0 1939
1767290442271 5.0 1949
1767290442605 5.0 1959
1767290442940 5.0 1969
1767290443272 5.0 1979
1767290443605 5.0 1989
1767290443939 5.0 1999
1767290444261 5.0 2009
1767290445558 5.0 2009
1767290446135 6.0 2019
1767290446467 6.0 2029
1767290446796 6.0 2039
1767290447137 6.0 2049
1767290447472 6.0 2059
1767290447803 6.0 2069
1767290448135 6.0 2079
1767290448464 6.0 2089
1767290448795 6.0 2099
1767290449125 6.0 2109
1767290449455 6.0 2119
1767290449788 6.0 2129
1767290450121 6.0 2139
1767290450456 6.0 2149
1767290450789 6.0 2159
1767290451124 6.0 2169
1767290451458 6.0 2179
1767290451797 6.0 2189
1767290452130 6.0 2199
1767290452463 6.0 2209
1767290452795 6.0 2219
1767290453129 6.0 2229
1767290453461 6.0 2239
1767290453796 6.0 2249
1767290454131 6.0 2259
1767290454462 6.0 2269
1767290454795 6.0 2279
1767290455127 6.0 2289
1767290455460 6.0 2299
1767290455794 6.0 2309
1767290456125 6.0 2319
1767290456457 6.0 2329
1767290456793 6.0 2339
1767290458270 6.0 2344
1767290458677 7.0 2349
1767290459015 7.0 2359
1767290459351 7.0 2369
1767290459687 7.0 2379
1767290460018 7.0 2389
1767290460352 7.0 2399
1767290460686 7.0 2409
1767290461020 7.0 2419
1767290461353 7.0 2429
1767290461683 7.0 2439
1767290462016 7.0 2449
1767290462352 7.0 2459
1767290462686 7.0 2469
1767290463017 7.0 2479
1767290463350 7.0 2489
1767290463682 7.0 2499
1767290464013 7.0 2509
1767290464345 7.0 2519
1767290464678 7.0 2529
1767290465014 7.0 2539
1767290465348 7.0 2549
1767290465679 7.0 2559
1767290466013 7.0 2569
1767290466344 7.0 2579
1767290466677 7.0 2589
1767290467010 7.0 2599
1767290467343 7.0 2609
1767290467674 7.0 2619
1767290468011 7.0 2629
1767290468343 7.0 2639
1767290471605 7.0 2649
1767290471937 7.0 2659
1767290472270 7.0 2669
1767290472598 7.0 2679
1767290473919 7.0 2679
1767290474496 8.0 2689
1767290474831 8.0 2699
1767290475166 8.0 2709
1767290475497 8.0 2719
1767290475830 8.0 2729
1767290476161 8.0 2739
1767290476496 8.0 2749
1767290476828 8.0 2759
1767290477159 8.0 2769
1767290477490 8.0 2779
1767290477828 8.0 2789
1767290478162 8.0 2799
1767290478496 8.0 2809
1767290478827 8.0 2819
1767290479157 8.0 2829
1767290479491 8.0 2839
1767290479823 8.0 2849
1767290480156 8.0 2859
1767290480487 8.0 2869
1767290480820 8.0 2879
1767290481156 8.0 2889
1767290481489 8.0 2899
1767290481822 8.0 2909
1767290482158 8.0 2919
1767290482492 8.0 2929
1767290482827 8.0 2939
1767290483164 8.0 2949
1767290483505 8.0 2959
1767290483837 8.0 2969
1767290484187 8.0 2979
1767290484521 8.0 2989
1767290484855 8.0 2999
1767290485191 8.0 3009
1767290486675 8.0 3014
1767290487089 9.0 3019
1767290487422 9.0 3029
1767290487756 9.0 3039
1767290488093 9.0 3049
1767290488427 9.0 3059
1767290488764 9.0 3069
1767290489101 9.0 3079
1767290489435 9.0 3089
1767290489768 9.0 3099
1767290490098 9.0 3109
1767290490434 9.0 3119
1767290490769 9.0 3129
1767290491104 9.0 3139
1767290491439 9.0 3149
1767290491774 9.0 3159
1767290492109 9.0 3169
1767290492439 9.0 3179
1767290492774 9.0 3189
1767290493111 9.0 3199
1767290493448 9.0 3209
1767290493784 9.0 3219
1767290494120 9.0 3229
1767290494460 9.0 3239
1767290494796 9.0 3249
1767290495127 9.0 3259
1767290495459 9.0 3269
1767290495794 9.0 3279
1767290496129 9.0 3289
1767290496464 9.0 3299
1767290496797 9.0 3309
1767290497134 9.0 3319
1767290497465 9.0 3329
1767290497799 9.0 3339
1767290498129 9.0 3349
1767290499450 9.0 3349
1767290500029 10.0 3359
1767290500363 10.0 3369
1767290500699 10.0 3379
1767290501033 10.0 3389
1767290501366 10.0 3399
1767290501695 10.0 3409
1767290502032 10.0 3419
1767290502374 10.0 3429
1767290502707 10.0 3439
1767290503043 10.0 3449
1767290503381 10.0 3459
1767290503716 10.0 3469
1767290506979 10.0 3479
1767290507327 10.0 3489
1767290507663 10.0 3499
1767290507999 10.0 3509
1767290508336 10.0 3519
1767290508675 10.0 3529
1767290509008 10.0 3539
1767290509346 10.0 3549
1767290509679 10.0 3559
1767290510016 10.0 3569
1767290510351 10.0 3579
1767290510687 10.0 3589
1767290511019 10.0 3599
1767290511359 10.0 3609
1767290511693 10.0 3619
1767290512024 10.0 3629
1767290512355 10.0 3639
1767290512693 10.0 3649
1767290513028 10.0 3659
1767290513362 10.0 3669
1767290513698 10.0 3679
1767290515172 10.0 3684
1767290515582 11.0 3689
1767290515938 11.0 3699
1767290516275 11.0 3709
1767290516606 11.0 3719
1767290516941 11.0 3729
1767290517272 11.0 3739
1767290517605 11.0 3749
1767290517937 11.0 3759
1767290518279 11.0 3769
1767290518612 11.0 3779
1767290518945 11.0 3789
1767290519276 11.0 3799
1767290519612 11.0 3809
1767290519945 11.0 3819
1767290520282 11.0 3829
1767290520616 11.0 3839
1767290520950 11.0 3849
1767290521285 11.0 3859
1767290521615 11.0 3869
1767290521949 11.0 3879
1767290522284 11.0 3889
1767290522618 11.0 3899
1767290522948 11.0 3909
1767290523290 11.0 3919
1767290523623 11.0 3929
1767290523953 11.0 3939
1767290524288 11.0 3949
1767290524623 11.0 3959
1767290524956 11.0 3969
1767290525295 11.0 3979
1767290525625 11.0 3989
1767290525959 11.0 3999
1767290526290 11.0 4009
1767290526618 11.0 4019
1767290527917 11.0 4019
1767290528521 12.0 4029
1767290528854 12.0 4039
1767290529188 12.0 4049
1767290529521 12.0 4059
1767290529850 12.0 4069
1767290530184 12.0 4079
1767290530518 12.0 4089
1767290530854 12.0 4099
1767290531192 12.0 4109
1767290531528 12.0 4119
1767290531862 12.0 4129
1767290532192 12.0 4139
1767290532533 12.0 4149
1767290532865 12.0 4159
1767290533200 12.0 4169
1767290533541 12.0 4179
1767290533870 12.0 4189
1767290534203 12.0 4199
1767290534544 12.0 4209
1767290534877 12.0 4219
1767290535209 12.0 4229
1767290535543 12.0 4239
1767290535871 12.0 4249
1767290536204 12.0 4259
1767290536548 12.0 4269
1767290536881 12.0 4279
1767290537214 12.0 4289
1767290537555 12.0 4299
1767290537889 12.0 4309
1767290538223 12.0 4319
1767290538561 12.0 4329
1767290538894 12.0 4339
1767290542158 12.0 4349
1767290543640 12.0 4354
1767290544053 13.0 4359
1767290544397 13.0 4369
1767290544733 13.0 4379
1767290545070 13.0 4389
1767290545406 13.0 4399
1767290545743 13.0 4409
1767290546078 13.0 4419
1767290546423 13.0 4429
1767290546773 13.0 4439
1767290547109 13.0 4449
1767290547444 13.0 4459
1767290547780 13.0 4469
1767290548116 13.0 4479
1767290548452 13.0 4489
1767290548786 13.0 4499
1767290549123 13.0 4509
1767290549458 13.0 4519
1767290549793 13.0 4529
1767290550132 13.0 4539
1767290550472 13.0 4549
1767290550806 13.0 4559
1767290551141 13.0 4569
1767290551476 13.0 4579
1767290551812 13.0 4589
1767290552143 13.0 4599
1767290552475 13.0 4609
1767290552808 13.0 4619
1767290553143 13.0 4629
1767290553481 13.0 4639
1767290553816 13.0 4649
1767290554152 13.0 4659
1767290554488 13.0 4669
1767290554827 13.0 4679
1767290555159 13.0 4689
1767290556489 13.0 4689
1767290557056 14.0 4699
1767290557391 14.0 4709
1767290557727 14.0 4719
1767290558059 14.0 4729
1767290558389 14.0 4739
1767290558724 14.0 4749
1767290559055 14.0 4759
1767290559383 14.0 4769
1767290559715 14.0 4779
1767290560050 14.0 4789
1767290560382 14.0 4799
1767290560711 14.0 4809
1767290561042 14.0 4819
1767290561372 14.0 4829
1767290561703 14.0 4839
1767290562036 14.0 4849
1767290562369 14.0 4859
1767290562699 14.0 4869
1767290563029 14.0 4879
1767290563357 14.0 4889
1767290563687 14.0 4899
1767290564021 14.0 4909
1767290564352 14.0 4919
1767290564680 14.0 4929
1767290565016 14.0 4939
1767290565347 14.0 4949
1767290565681 14.0 4959
1767290566013 14.0 4969
1767290566346 14.0 4979
1767290566677 14.0 4989
1767290567008 14.0 4999
1767290567337 14.0 5009
1767290567670 14.0 5019
1767290569145 14.0 5024
1767290569539 15.0 5029
1767290569874 15.0 5039
1767290570205 15.0 5049
1767290570534 15.0 5059
1767290570864 15.0 5069
1767290571194 15.0 5079
1767290571525 15.0 5089
1767290571858 15.0 5099
1767290572188 15.0 5109
1767290572519 15.0 5119
1767290572853 15.0 5129
1767290573180 15.0 5139
1767290573509 15.0 5149
1767290573840 15.0 5159
1767290574169 15.0 5169
1767290577433 15.0 5179
1767290577763 15.0 5189
1767290578093 15.0 5199
1767290578439 15.0 5209
1767290578772 15.0 5219
1767290579102 15.0 5229
1767290579438 15.0 5239
1767290579771 15.0 5249
1767290580102 15.0 5259
1767290580433 15.0 5269
1767290580766 15.0 5279
1767290581097 15.0 5289
1767290581427 15.0 5299
1767290581761 15.0 5309
1767290582095 15.0 5319
1767290582427 15.0 5329
1767290582765 15.0 5339
1767290583093 15.0 5349
1767290583423 15.0 5359
1767290584757 15.0 5359
1767290585336 16.0 5369
1767290585673 16.0 5379
1767290586011 16.0 5389
1767290586350 16.0 5399
1767290586686 16.0 5409
1767290587026 16.0 5419
1767290587361 16.0 5429
1767290587697 16.0 5439
1767290588038 16.0 5449
1767290588374 16.0 5459
1767290588705 16.0 5469
1767290589048 16.0 5479
1767290589388 16.0 5489
1767290589722 16.0 5499
1767290590058 16.0 5509
1767290590392 16.0 5519
1767290590730 16.0 5529
1767290591068 16.0 5539
1767290591403 16.0 5549
1767290591738 16.0 5559
1767290592076 16.0 5569
1767290592412 16.0 5579
1767290592749 16.0 5589
1767290593084 16.0 5599
1767290593419 16.0 5609
1767290593757 16.0 5619
1767290594093 16.0 5629
1767290594434 16.0 5639
1767290594764 16.0 5649
1767290595103 16.0 5659
1767290595435 16.0 5669
1767290595774 16.0 5679
1767290596112 16.0 5689
1767290597581 16.0 5694
1767290597997 17.0 5699
1767290598334 17.0 5709
1767290598665 17.0 5719
1767290599002 17.0 5729
1767290599332 17.0 5739
1767290599669 17.0 5749
1767290600005 17.0 5759
1767290600344 17.0 5769
1767290600678 17.0 5779
1767290601013 17.0 5789
1767290601351 17.0 5799
1767290601687 17.0 5809
1767290602027 17.0 5819
1767290602361 17.0 5829
1767290602693 17.0 5839
1767290603036 17.0 5849
1767290603376 17.0 5859
1767290603717 17.0 5869
1767290604059 17.0 5879
1767290604394 17.0 5889
1767290604727 17.0 5899
1767290605072 17.0 5909
1767290605407 17.0 5919
1767290605739 17.0 5929
1767290606079 17.0 5939
1767290606412 17.0 5949
1767290606744 17.0 5959
1767290607079 17.0 5969
1767290607414 17.0 5979
1767290607750 17.0 5989
1767290608087 17.0 5999
1767290608423 17.0 6009
1767290608757 17.0 6019
1767290609088 17.0 6029
1767290613354 17.0 6029
1767290613922 18.0 6039
1767290614275 18.0 6049
1767290614612 18.0 6059
1767290614951 18.0 6069
1767290615287 18.0 6079
1767290615623 18.0 6089
1767290615955 18.0 6099
1767290616291 18.0 6109
1767290616628 18.0 6119
1767290616966 18.0 6129
1767290617302 18.0 6139
1767290617637 18.0 6149
1767290617971 18.0 6159
1767290618305 18.0 6169
1767290618636 18.0 6179
1767290618971 18.0 6189
1767290619310 18.0 6199
1767290619643 18.0 6209
1767290619976 18.0 6219
1767290620311 18.0 6229
1767290620645 18.0 6239
1767290620980 18.0 6249
1767290621313 18.0 6259
1767290621641 18.0 6269
1767290621974 18.0 6279
1767290622312 18.0 6289
1767290622651 18.0 6299
1767290622987 18.0 6309
1767290623330 18.0 6319
1767290623666 18.0 6329
1767290623997 18.0 6339
1767290624339 18.0 6349
1767290624674 18.0 6359
1767290626228 18.0 6364
