1767290359623 2.9837729930877686 9
1767290359985 2.928422451019287 19
1767290360319 2.780163526535034 29
1767290360649 2.6172709465026855 39
1767290360980 2.3708834648132324 49
1767290361308 2.806091785430908 59
1767290361641 2.550025463104248 69
1767290361973 2.594348669052124 79
1767290362310 2.729698657989502 89
1767290362645 2.841799259185791 99
1767290362988 2.5945303440093994 109
1767290366239 2.454623222351074 119
1767290366572 2.450688362121582 129
1767290366906 2.61250638961792 139
1767290367245 2.478774309158325 149
1767290367576 2.414734363555908 159
1767290367905 2.2445974349975586 169
1767290368237 2.2461469173431396 179
1767290368575 2.5873024463653564 189
1767290368909 2.367267608642578 199
1767290369242 2.1638717651367188 209
1767290369578 2.2240726947784424 219
1767290369911 2.571730375289917 229
1767290370270 2.518124580383301 239
1767290370602 2.410006046295166 249
1767290370937 2.416398525238037 259
1767290371274 2.4145307540893555 269
1767290371616 2.2103657722473145 279
1767290371960 2.2927398681640625 289
1767290372290 2.3660407066345215 299
1767290372622 2.363936424255371 309
1767290372951 2.366586685180664 319
1767290373285 2.115877628326416 329
1767290375186 2.4226458072662354 339
1767290375525 2.261286735534668 349
1767290375864 2.5101301670074463 359
1767290376209 2.1936774253845215 369
1767290376545 2.2977519035339355 379
1767290376880 2.462047576904297 389
1767290377215 2.23215913772583 399
1767290377556 2.4908218383789062 409
1767290377892 2.3016512393951416 419
1767290378235 2.303724527359009 429
1767290378571 2.1698200702667236 439
1767290378911 2.355172872543335 449
1767290379248 2.4556126594543457 459
1767290379591 2.3706440925598145 469
1767290379928 2.3191962242126465 479
1767290380278 2.2886598110198975 489
1767290380612 2.1756229400634766 499
1767290380944 2.178571939468384 509
1767290381283 2.144139528274536 519
1767290381622 2.0287139415740967 529
1767290381960 2.237428665161133 539
1767290382294 2.2711801528930664 549
1767290382633 2.097504138946533 559
1767290382967 2.077465057373047 569
1767290383302 2.240386962890625 579
1767290383638 2.286433696746826 589
1767290383979 2.136751174926758 599
1767290384327 2.269740581512451 609
1767290384670 2.5032694339752197 619
1767290385012 2.3368330001831055 629
1767290385361 2.0856997966766357 639
1767290385710 2.2229723930358887 649
1767290386047 2.2145204544067383 659
1767290386383 2.2848525047302246 669
1767290388317 2.04290771484375 679
1767290388657 2.189133882522583 689
1767290388997 2.309174060821533 699
1767290389335 2.3695616722106934 709
1767290389672 2.1912918090820312 719
1767290390011 2.3140218257904053 729
1767290390347 2.1524808406829834 739
1767290390683 2.1000378131866455 749
1767290391016 2.0869712829589844 759
1767290391352 2.2800183296203613 769
1767290391689 2.1214280128479004 779
1767290392029 2.36997652053833 789
1767290392367 2.3953988552093506 799
1767290392706 2.3286352157592773 809
1767290393043 2.410818099975586 819
1767290393382 2.3480095863342285 829
1767290393717 2.2630839347839355 839
1767290394069 2.019273281097412 849
1767290394424 1.9984349012374878 859
1767290394787 1.9963572025299072 869
1767290395140 2.244967460632324 879
1767290395519 1.936920404434204 889
1767290395873 2.1191470623016357 899
1767290396221 2.3475160598754883 909
1767290396578 2.132643222808838 919
1767290396914 2.4770023822784424 929
1767290397255 2.3277432918548584 939
1767290397594 2.2217957973480225 949
1767290397936 2.268695831298828 959
1767290401225 2.039276599884033 969
1767290401565 2.134929656982422 979
1767290401913 2.116466522216797 989
1767290402250 2.213080406188965 999
1767290404249 2.139644145965576 1009
1767290404588 2.336939573287964 1019
1767290404945 2.0084662437438965 1029
1767290405318 2.30360746383667 1039
1767290405670 2.1343679428100586 1049
1767290406009 2.0193614959716797 1059
1767290406349 2.3930959701538086 1069
1767290406686 2.3362505435943604 1079
1767290407033 2.240067958831787 1089
1767290407370 2.2413158416748047 1099
1767290407703 2.1643433570861816 1109
1767290408040 2.225024461746216 1119
1767290408376 2.053203582763672 1129
1767290408711 2.558696746826172 1139
1767290409046 2.1333565711975098 1149
1767290409387 2.034461498260498 1159
1767290409722 2.2766056060791016 1169
1767290410058 2.020885705947876 1179
1767290410395 2.0956838130950928 1189
1767290410730 2.3062744140625 1199
1767290411068 1.9776170253753662 1209
1767290411410 1.7614799737930298 1219
1767290411748 2.148284435272217 1229
1767290412087 2.3757753372192383 1239
1767290412435 2.2711892127990723 1249
1767290412771 2.056413412094116 1259
1767290413111 2.4985437393188477 1269
1767290413451 2.2376010417938232 1279
1767290413789 1.9052454233169556 1289
1767290414128 1.870924472808838 1299
1767290414466 1.9895567893981934 1309
1767290414795 2.2801296710968018 1319
1767290415129 2.2121028900146484 1329
1767290415464 2.0869414806365967 1339
1767290417431 1.9455592632293701 1349
1767290417773 2.0957465171813965 1359
1767290418110 2.3886563777923584 1369
1767290418447 1.7372353076934814 1379
1767290418785 2.260234832763672 1389
1767290419119 1.936826229095459 1399
1767290419460 1.9448955059051514 1409
1767290419802 1.9921772480010986 1419
1767290420138 2.377152919769287 1429
1767290420480 2.044466018676758 1439
1767290420824 2.093179702758789 1449
1767290421162 1.9574811458587646 1459
1767290421508 2.032862901687622 1469
1767290421853 2.2936627864837646 1479
1767290422191 1.9402557611465454 1489
1767290422529 2.4159181118011475 1499
1767290422866 2.1069469451904297 1509
1767290423206 2.148493528366089 1519
1767290423554 2.126842498779297 1529
1767290423888 2.0710153579711914 1539
1767290424224 2.187486171722412 1549
1767290424564 2.000912666320801 1559
1767290424904 2.2113213539123535 1569
1767290425244 2.112489700317383 1579
1767290425605 1.890016794204712 1589
1767290425945 2.0660552978515625 1599
1767290426283 2.092034101486206 1609
1767290426626 2.0381293296813965 1619
1767290426967 2.4100916385650635 1629
1767290427299 2.0243074893951416 1639
1767290427645 2.327752113342285 1649
1767290427985 2.352656841278076 1659
1767290428321 2.142113208770752 1669
1767290430265 2.2053415775299072 1679
1767290430601 2.1405649185180664 1689
1767290430936 2.1139533519744873 1699
1767290431271 2.1462714672088623 1709
1767290431626 1.9947938919067383 1719
1767290431965 2.598876476287842 1729
1767290432303 2.204366683959961 1739
1767290432643 1.9282394647598267 1749
1767290432978 2.437354803085327 1759
1767290433311 1.9160971641540527 1769
1767290436576 2.1111977100372314 1779
1767290436912 2.0731194019317627 1789
1767290437247 1.940978765487671 1799
1767290437582 2.252845287322998 1809
1767290437914 2.1847305297851562 1819
1767290438247 2.3118486404418945 1829
1767290438585 2.2756083011627197 1839
1767290438922 2.065324068069458 1849
1767290439253 2.2831003665924072 1859
1767290439588 2.062540292739868 1869
1767290439923 2.352724075317383 1879
1767290440256 1.9483892917633057 1889
1767290440596 2.0396804809570312 1899
1767290440933 2.0488944053649902 1909
1767290441269 2.2002763748168945 1919
1767290441605 2.0484728813171387 1929
1767290441940 1.978044033050537 1939
1767290442271 1.7227298021316528 1949
1767290442605 2.1129353046417236 1959
1767290442940 2.2734506130218506 1969
1767290443272 2.2302768230438232 1979
1767290443605 2.200929641723633 1989
1767290443939 2.211202383041382 1999
1767290444261 2.2340617179870605 2009
1767290446135 2.4206714630126953 2019
1767290446467 1.939479947090149 2029
1767290446796 1.9951341152191162 2039
1767290447137 2.005293846130371 2049
1767290447472 1.9856499433517456 2059
1767290447803 2.278364658355713 2069
1767290448135 2.03007435798645 2079
1767290448464 2.002016067504883 2089
1767290448795 1.9397779703140259 2099
1767290449125 2.094421625137329 2109
1767290449455 2.043966054916382 2119
1767290449788 2.055328369140625 2129
1767290450121 1.8972463607788086 2139
1767290450456 2.069031238555908 2149
1767290450789 2.207859992980957 2159
1767290451124 2.2038931846618652 2169
1767290451458 1.9698820114135742 2179
1767290451797 1.878920316696167 2189
1767290452130 2.1654438972473145 2199
1767290452463 2.120056629180908 2209
1767290452795 2.0407636165618896 2219
1767290453129 2.2259535789489746 2229
1767290453461 2.0701446533203125 2239
1767290453796 2.144068479537964 2249
1767290454131 2.126784324645996 2259
1767290454462 2.0690364837646484 2269
1767290454795 2.0037434101104736 2279
1767290455127 2.1128573417663574 2289
1767290455460 2.0477590560913086 2299
1767290455794 2.1838595867156982 2309
1767290456125 1.8529434204101562 2319
1767290456457 1.9253594875335693 2329
1767290456793 2.343228578567505 2339
1767290458677 2.225389003753662 2349
1767290459015 2.0082812309265137 2359
1767290459351 1.9806089401245117 2369
1767290459687 2.183732748031616 2379
1767290460018 1.8077504634857178 2389
1767290460352 2.088916540145874 2399
1767290460686 1.8736906051635742 2409
1767290461020 1.8695363998413086 2419
1767290461353 2.0200257301330566 2429
1767290461683 1.9306526184082031 2439
1767290462016 2.0999910831451416 2449
1767290462352 2.082155466079712 2459
1767290462686 1.9581866264343262 2469
1767290463017 2.0299530029296875 2479
1767290463350 2.1602165699005127 2489
1767290463682 2.231557846069336 2499
1767290464013 2.1646578311920166 2509
1767290464345 1.9950822591781616 2519
1767290464678 2.072382688522339 2529
1767290465014 2.0297181606292725 2539
1767290465348 1.9803270101547241 2549
1767290465679 2.1319079399108887 2559
1767290466013 2.009984016418457 2569
1767290466344 2.1002309322357178 2579
1767290466677 2.092557191848755 2589
1767290467010 2.1286685466766357 2599
1767290467343 1.7579420804977417 2609
1767290467674 2.0419602394104004 2619
1767290468011 1.990445852279663 2629
1767290468343 2.0003762245178223 2639
1767290471605 2.0766234397888184 2649
1767290471937 2.3177032470703125 2659
1767290472270 1.9458563327789307 2669
1767290472598 2.125171422958374 2679
1767290474496 1.9155266284942627 2689
1767290474831 2.069636583328247 2699
1767290475166 2.0376832485198975 2709
1767290475497 2.228717803955078 2719
1767290475830 1.9878753423690796 2729
1767290476161 1.7690380811691284 2739
1767290476496 1.8652236461639404 2749
1767290476828 2.1715235710144043 2759
1767290477159 1.9143171310424805 2769
1767290477490 2.022292137145996 2779
1767290477828 2.0926809310913086 2789
1767290478162 2.177290439605713 2799
1767290478496 2.163059711456299 2809
1767290478827 1.8812575340270996 2819
1767290479157 2.1128368377685547 2829
1767290479491 2.159817934036255 2839
1767290479823 2.080833673477173 2849
1767290480156 2.0923187732696533 2859
1767290480487 2.0530848503112793 2869
1767290480820 1.7882695198059082 2879
1767290481156 1.9120290279388428 2889
1767290481489 1.8773412704467773 2899
1767290481822 1.9482941627502441 2909
1767290482158 2.104844093322754 2919
1767290482492 2.2001757621765137 2929
1767290482827 2.0799882411956787 2939
1767290483164 2.0425357818603516 2949
1767290483505 2.095721483230591 2959
1767290483837 1.8162727355957031 2969
1767290484187 2.002131938934326 2979
1767290484521 2.099008083343506 2989
1767290484855 1.8211750984191895 2999
1767290485191 1.8550639152526855 3009
1767290487089 1.9078760147094727 3019
1767290487422 2.023223876953125 3029
1767290487756 2.378181219100952 3039
1767290488093 2.0295581817626953 3049
1767290488427 2.260685920715332 3059
1767290488764 2.0384297370910645 3069
1767290489101 2.4108822345733643 3079
1767290489435 2.035466194152832 3089
1767290489768 1.9080171585083008 3099
1767290490098 2.0069494247436523 3109
1767290490434 1.9980270862579346 3119
1767290490769 2.1689443588256836 3129
1767290491104 1.8206608295440674 3139
1767290491439 2.064631462097168 3149
1767290491774 1.7724182605743408 3159
1767290492109 1.7201776504516602 3169
1767290492439 1.9018332958221436 3179
1767290492774 2.100092887878418 3189
1767290493111 1.8746176958084106 3199
1767290493448 2.2139248847961426 3209
1767290493784 2.143099308013916 3219
1767290494120 1.8585973978042603 3229
1767290494460 2.092088222503662 3239
1767290494796 1.9825184345245361 3249
1767290495127 1.947935938835144 3259
1767290495459 2.169436454772949 3269
1767290495794 2.0311763286590576 3279
1767290496129 1.9594782590866089 3289
1767290496464 2.0584089756011963 3299
1767290496797 1.752694845199585 3309
1767290497134 2.171860933303833 3319
1767290497465 2.1114823818206787 3329
1767290497799 1.8868732452392578 3339
1767290498129 1.834476113319397 3349
1767290500029 1.975283145904541 3359
1767290500363 2.1009938716888428 3369
1767290500699 2.0819272994995117 3379
1767290501033 2.094858407974243 3389
1767290501366 1.8665846586227417 3399
1767290501695 2.121227502822876 3409
1767290502032 1.9665957689285278 3419
1767290502374 2.0684914588928223 3429
1767290502707 2.35347580909729 3439
1767290503043 2.240046501159668 3449
1767290503381 2.0042245388031006 3459
1767290503716 1.9485303163528442 3469
1767290506979 2.095221996307373 3479
1767290507327 2.1043248176574707 3489
1767290507663 1.8155105113983154 3499
1767290507999 1.8513479232788086 3509
1767290508336 1.9207439422607422 3519
1767290508675 2.3995728492736816 3529
1767290509008 1.8904331922531128 3539
1767290509346 2.1262667179107666 3549
1767290509679 2.056119203567505 3559
1767290510016 2.1616768836975098 3569
1767290510351 1.8368133306503296 3579
1767290510687 1.6987404823303223 3589
1767290511019 1.8069576025009155 3599
1767290511359 1.9940760135650635 3609
1767290511693 2.1739420890808105 3619
1767290512024 1.8172659873962402 3629
1767290512355 1.961383581161499 3639
1767290512693 1.9230434894561768 3649
1767290513028 2.227003574371338 3659
1767290513362 2.133873224258423 3669
1767290513698 2.1495554447174072 3679
1767290515582 1.7718943357467651 3689
1767290515938 2.074504852294922 3699
1767290516275 2.1297905445098877 3709
1767290516606 1.8066191673278809 3719
1767290516941 1.819105863571167 3729
1767290517272 2.19538950920105 3739
1767290517605 2.0352115631103516 3749
1767290517937 2.1348953247070312 3759
1767290518279 2.105405569076538 3769
1767290518612 1.7236238718032837 3779
1767290518945 1.7254542112350464 3789
1767290519276 1.771899938583374 3799
1767290519612 2.090989351272583 3809
1767290519945 1.9776101112365723 3819
1767290520282 2.0298750400543213 3829
1767290520616 1.9486862421035767 3839
1767290520950 2.208231210708618 3849
1767290521285 1.805877923965454 3859
1767290521615 2.206305503845215 3869
1767290521949 2.1389286518096924 3879
1767290522284 2.098361015319824 3889
1767290522618 1.8509533405303955 3899
1767290522948 2.282315254211426 3909
1767290523290 2.4249863624572754 3919
1767290523623 2.16552734375 3929
1767290523953 2.1751341819763184 3939
1767290524288 2.0594961643218994 3949
1767290524623 2.0495786666870117 3959
1767290524956 1.846703052520752 3969
1767290525295 2.184278964996338 3979
1767290525625 2.032001256942749 3989
1767290525959 1.9009199142456055 3999
1767290526290 1.988938331604004 4009
1767290526618 1.949251651763916 4019
1767290528521 1.802891492843628 4029
1767290528854 2.2259836196899414 4039
1767290529188 1.9041173458099365 4049
1767290529521 2.073823928833008 4059
1767290529850 2.043348789215088 4069
1767290530184 2.033071279525757 4079
1767290530518 2.081162691116333 4089
1767290530854 2.1823692321777344 4099
1767290531192 2.2357540130615234 4109
1767290531528 2.1283926963806152 4119
1767290531862 1.792663812637329 4129
1767290532192 1.7488174438476562 4139
1767290532533 1.785526990890503 4149
1767290532865 1.804082989692688 4159
1767290533200 1.8225659132003784 4169
1767290533541 2.1777243614196777 4179
1767290533870 2.022836208343506 4189
1767290534203 2.076812744140625 4199
1767290534544 2.2404823303222656 4209
1767290534877 2.0986058712005615 4219
1767290535209 1.954068899154663 4229
1767290535543 2.0203335285186768 4239
1767290535871 1.9230122566223145 4249
1767290536204 1.951958179473877 4259
1767290536548 2.1520326137542725 4269
1767290536881 1.9016077518463135 4279
1767290537214 2.3473284244537354 4289
1767290537555 2.103861093521118 4299
1767290537889 2.0124220848083496 4309
1767290538223 2.1082189083099365 4319
1767290538561 2.2826404571533203 4329
1767290538894 1.7905094623565674 4339
1767290542158 1.8613331317901611 4349
1767290544053 2.085287570953369 4359
1767290544397 2.2189269065856934 4369
1767290544733 1.9102938175201416 4379
1767290545070 2.0444130897521973 4389
1767290545406 2.1124186515808105 4399
1767290545743 2.2394585609436035 4409
1767290546078 1.8729684352874756 4419
1767290546423 1.9882876873016357 4429
1767290546773 2.1015727519989014 4439
1767290547109 1.7015228271484375 4449
1767290547444 2.132384777069092 4459
1767290547780 1.9272836446762085 4469
1767290548116 2.076679229736328 4479
1767290548452 1.8864777088165283 4489
1767290548786 1.7735579013824463 4499
1767290549123 1.7339792251586914 4509
1767290549458 2.0794105529785156 4519
1767290549793 2.187107801437378 4529
1767290550132 1.960158348083496 4539
1767290550472 2.071843147277832 4549
1767290550806 2.0365617275238037 4559
1767290551141 2.1616179943084717 4569
1767290551476 1.6857184171676636 4579
1767290551812 1.7908658981323242 4589
1767290552143 2.0150938034057617 4599
1767290552475 2.1729440689086914 4609
1767290552808 2.0153582096099854 4619
1767290553143 2.136476993560791 4629
1767290553481 1.9134719371795654 4639
1767290553816 2.069131851196289 4649
1767290554152 1.8683621883392334 4659
1767290554488 1.9967501163482666 4669
1767290554827 1.704129934310913 4679
1767290555159 1.7247706651687622 4689
1767290557056 1.9351179599761963 4699
1767290557391 1.9683560132980347 4709
1767290557727 2.0401387214660645 4719
1767290558059 2.155700206756592 4729
1767290558389 1.996990442276001 4739
1767290558724 2.046875 4749
1767290559055 2.2547805309295654 4759
1767290559383 2.0262489318847656 4769
1767290559715 2.144115924835205 4779
1767290560050 1.978149652481079 4789
1767290560382 1.8479845523834229 4799
1767290560711 2.084498405456543 4809
1767290561042 2.1431992053985596 4819
1767290561372 2.163907051086426 4829
1767290561703 1.9950278997421265 4839
1767290562036 1.9942560195922852 4849
1767290562369 2.231719493865967 4859
1767290562699 2.103055953979492 4869
1767290563029 1.8290228843688965 4879
1767290563357 2.0211033821105957 4889
1767290563687 2.095702886581421 4899
1767290564021 2.1112253665924072 4909
1767290564352 1.841851830482483 4919
1767290564680 2.1290810108184814 4929
1767290565016 2.225841522216797 4939
1767290565347 2.157381772994995 4949
1767290565681 1.958730936050415 4959
1767290566013 2.0513627529144287 4969
1767290566346 1.875476598739624 4979
1767290566677 1.98246431350708 4989
1767290567008 2.0972635746002197 4999
1767290567337 1.7766362428665161 5009
1767290567670 1.7965061664581299 5019
1767290569539 1.7374837398529053 5029
1767290569874 2.038213014602661 5039
1767290570205 2.0040297508239746 5049
1767290570534 2.0386462211608887 5059
1767290570864 2.1817626953125 5069
1767290571194 1.994702696800232 5079
1767290571525 2.13885498046875 5089
1767290571858 2.1556739807128906 5099
1767290572188 2.0144572257995605 5109
1767290572519 2.0006847381591797 5119
1767290572853 1.8118033409118652 5129
1767290573180 1.8638007640838623 5139
1767290573509 2.0079991817474365 5149
1767290573840 1.5414361953735352 5159
1767290574169 2.0292553901672363 5169
1767290577433 1.9442713260650635 5179
1767290577763 1.8228890895843506 5189
1767290578093 2.114488363265991 5199
1767290578439 2.2421183586120605 5209
1767290578772 2.0367794036865234 5219
1767290579102 2.2289950847625732 5229
1767290579438 2.0258378982543945 5239
1767290579771 1.957289218902588 5249
1767290580102 1.9985837936401367 5259
1767290580433 1.9592361450195312 5269
1767290580766 1.9757673740386963 5279
1767290581097 1.8001370429992676 5289
1767290581427 2.093104839324951 5299
1767290581761 1.9827895164489746 5309
1767290582095 1.9253802299499512 5319
1767290582427 2.162006139755249 5329
1767290582765 1.8557498455047607 5339
1767290583093 2.157339334487915 5349
1767290583423 1.5245602130889893 5359
1767290585336 2.0964086055755615 5369
1767290585673 2.0191898345947266 5379
1767290586011 2.065018892288208 5389
1767290586350 2.1264874935150146 5399
1767290586686 1.8474667072296143 5409
1767290587026 1.9396212100982666 5419
1767290587361 1.8030273914337158 5429
1767290587697 2.1829919815063477 5439
1767290588038 1.9658937454223633 5449
1767290588374 2.1168556213378906 5459
1767290588705 1.8004136085510254 5469
1767290589048 1.8111860752105713 5479
1767290589388 2.1165287494659424 5489
1767290589722 1.8143117427825928 5499
1767290590058 2.0397682189941406 5509
1767290590392 1.806368350982666 5519
1767290590730 1.8015155792236328 5529
1767290591068 1.7849795818328857 5539
1767290591403 2.0252761840820312 5549
1767290591738 1.8476505279541016 5559
1767290592076 1.8478879928588867 5569
1767290592412 1.844794750213623 5579
1767290592749 1.774310827255249 5589
1767290593084 2.0706839561462402 5599
1767290593419 2.0318093299865723 5609
1767290593757 1.931112289428711 5619
1767290594093 1.9713382720947266 5629
1767290594434 1.6008365154266357 5639
1767290594764 1.9767670631408691 5649
1767290595103 1.754248023033142 5659
1767290595435 1.7062805891036987 5669
1767290595774 1.7529189586639404 5679
1767290596112 1.9497606754302979 5689
1767290597997 2.1008596420288086 5699
1767290598334 1.8079731464385986 5709
1767290598665 1.9593048095703125 5719
1767290599002 2.208667516708374 5729
1767290599332 2.033081293106079 5739
1767290599669 1.9531677961349487 5749
1767290600005 2.00986909866333 5759
1767290600344 1.9295058250427246 5769
1767290600678 1.8226161003112793 5779
1767290601013 1.9454984664916992 5789
1767290601351 2.1103768348693848 5799
1767290601687 2.044212818145752 5809
1767290602027 1.9879311323165894 5819
1767290602361 1.8447662591934204 5829
1767290602693 1.875622272491455 5839
1767290603036 1.885918378829956 5849
1767290603376 1.8793933391571045 5859
1767290603717 2.0310490131378174 5869
1767290604059 1.9312283992767334 5879
1767290604394 2.0160205364227295 5889
1767290604727 1.6045780181884766 5899
1767290605072 1.9563689231872559 5909
1767290605407 1.853219985961914 5919
1767290605739 2.0565714836120605 5929
1767290606079 2.1342525482177734 5939
1767290606412 2.0838351249694824 5949
1767290606744 2.160355806350708 5959
1767290607079 1.9811575412750244 5969
1767290607414 2.0957086086273193 5979
1767290607750 2.02620792388916 5989
1767290608087 1.8515856266021729 5999
1767290608423 1.997100591659546 6009
1767290608757 1.8962150812149048 6019
1767290609088 1.9494903087615967 6029
1767290613922 1.797701120376587 6039
1767290614275 2.1655166149139404 6049
1767290614612 2.1784732341766357 6059
1767290614951 1.9415276050567627 6069
1767290615287 1.9527733325958252 6079
1767290615623 2.0742719173431396 6089
1767290615955 1.8098595142364502 6099
1767290616291 1.7033803462982178 6109
1767290616628 1.864323616027832 6119
1767290616966 1.8765101432800293 6129
1767290617302 1.8678268194198608 6139
1767290617637 2.004948139190674 6149
1767290617971 1.6873376369476318 6159
1767290618305 1.9037857055664062 6169
1767290618636 2.1172664165496826 6179
1767290618971 1.8860136270523071 6189
1767290619310 1.8530120849609375 6199
1767290619643 2.0983457565307617 6209
1767290619976 1.916999101638794 6219
1767290620311 1.8242571353912354 6229
1767290620645 2.1130552291870117 6239
1767290620980 1.9360228776931763 6249
1767290621313 1.7483428716659546 6259
1767290621641 1.9358148574829102 6269
1767290621974 2.040997266769409 6279
1767290622312 2.2262120246887207 6289
1767290622651 2.034292459487915 6299
1767290622987 1.7168607711791992 6309
1767290623330 2.030031681060791 6319
1767290623666 2.1218409538269043 6329
1767290623997 2.171761989593506 6339
1767290624339 2.0708930492401123 6349
1767290624674 1.8488355875015259 6359
