1767281285202 0.0 9
1767281286860 0.0 19
1767281288516 0.0 29
1767281290175 0.0 39
1767281291833 0.0 49
1767281293495 0.0 59
1767281298098 0.0 69
1767281299762 0.0 79
1767281301419 0.0 89
1767281303088 0.0 99
1767281304785 0.0 109
1767281306503 0.0 119
1767281308181 0.0 129
1767281309854 0.0 139
1767281311540 0.0 149
1767281313228 0.0 159
1767281314892 0.0 169
1767281316561 0.0 179
1767281318233 0.0 189
1767281319901 0.0 199
1767281321593 0.0 209
1767281323270 0.0 219
1767281324959 0.0 229
1767281326675 0.0 239
1767281328394 0.0 249
1767281333011 0.0 259
1767281334701 0.0 269
1767281336386 0.0 279
1767281338072 0.0 289
1767281339761 0.0 299
1767281341444 0.0 309
1767281343134 0.0 319
1767281344831 0.0 329
1767281349782 0.0 334
1767281350904 1.0 339
1767281352600 1.0 349
1767281354285 1.0 359
1767281355980 1.0 369
1767281357675 1.0 379
1767281359363 1.0 389
1767281361054 1.0 399
1767281362746 1.0 409
1767281364439 1.0 419
1767281369061 1.0 429
1767281370760 1.0 439
1767281372452 1.0 449
1767281374143 1.0 459
1767281375850 1.0 469
1767281377566 1.0 479
1767281379272 1.0 489
1767281380979 1.0 499
1767281382677 1.0 509
1767281384415 1.0 519
1767281386137 1.0 529
1767281387834 1.0 539
1767281389540 1.0 549
1767281391252 1.0 559
1767281392962 1.0 569
1767281394657 1.0 579
1767281396363 1.0 589
1767281398059 1.0 599
1767281399753 1.0 609
1767281404369 1.0 619
1767281406072 1.0 629
1767281407787 1.0 639
1767281409488 1.0 649
1767281411174 1.0 659
1767281413073 1.0 669
1767281417013 1.0 669
1767281418976 2.0 679
1767281420673 2.0 689
1767281422380 2.0 699
1767281424115 2.0 709
1767281425844 2.0 719
1767281427550 2.0 729
1767281429289 2.0 739
1767281431019 2.0 749
1767281432769 2.0 759
1767281434510 2.0 769
1767281439165 2.0 779
1767281440882 2.0 789
1767281442596 2.0 799
1767281444320 2.0 809
1767281446032 2.0 819
1767281447760 2.0 829
1767281449505 2.0 839
1767281451266 2.0 849
1767281453010 2.0 859
1767281454747 2.0 869
1767281456461 2.0 879
1767281458178 2.0 889
1767281459918 2.0 899
1767281461669 2.0 909
1767281463378 2.0 919
1767281465118 2.0 929
1767281466867 2.0 939
1767281468596 2.0 949
1767281473216 2.0 959
1767281474930 2.0 969
1767281476647 2.0 979
1767281478349 2.0 989
1767281480076 2.0 999
1767281485172 2.0 1004
1767281486306 3.0 1009
1767281488016 3.0 1019
1767281489726 3.0 1029
1767281491433 3.0 1039
1767281493133 3.0 1049
1767281494854 3.0 1059
1767281496564 3.0 1069
1767281498253 3.0 1079
1767281499960 3.0 1089
1767281501674 3.0 1099
1767281503392 3.0 1109
1767281505080 3.0 1119
1767281509688 3.0 1129
1767281511368 3.0 1139
1767281513041 3.0 1149
1767281514723 3.0 1159
1767281516397 3.0 1169
1767281518088 3.0 1179
1767281519800 3.0 1189
1767281521542 3.0 1199
1767281523274 3.0 1209
1767281524984 3.0 1219
1767281526718 3.0 1229
1767281528439 3.0 1239
1767281530146 3.0 1249
1767281531862 3.0 1259
1767281533576 3.0 1269
1767281535284 3.0 1279
1767281536982 3.0 1289
1767281538673 3.0 1299
1767281540371 3.0 1309
1767281544999 3.0 1319
1767281546704 3.0 1329
1767281548604 3.0 1339
1767281552529 3.0 1339
1767281554492 4.0 1349
1767281556192 4.0 1359
1767281557892 4.0 1369
1767281559591 4.0 1379
1767281561296 4.0 1389
1767281562994 4.0 1399
1767281564691 4.0 1409
1767281566385 4.0 1419
1767281568085 4.0 1429
1767281569774 4.0 1439
1767281571456 4.0 1449
1767281573139 4.0 1459
1767281574818 4.0 1469
1767281579425 4.0 1479
1767281581104 4.0 1489
1767281582785 4.0 1499
1767281584464 4.0 1509
1767281586152 4.0 1519
1767281587833 4.0 1529
1767281589513 4.0 1539
1767281591194 4.0 1549
1767281592873 4.0 1559
1767281594555 4.0 1569
1767281596235 4.0 1579
1767281597935 4.0 1589
1767281599623 4.0 1599
1767281601313 4.0 1609
1767281602999 4.0 1619
1767281604686 4.0 1629
1767281606372 4.0 1639
1767281608060 4.0 1649
1767281609754 4.0 1659
1767281614382 4.0 1669
1767281619357 4.0 1674
1767281620469 5.0 1679
1767281622160 5.0 1689
1767281623852 5.0 1699
1767281625548 5.0 1709
1767281627252 5.0 1719
1767281628954 5.0 1729
1767281630650 5.0 1739
1767281632344 5.0 1749
1767281634039 5.0 1759
1767281635732 5.0 1769
1767281637428 5.0 1779
1767281639118 5.0 1789
1767281640818 5.0 1799
1767281642514 5.0 1809
1767281644222 5.0 1819
1767281645923 5.0 1829
1767281650546 5.0 1839
1767281652234 5.0 1849
1767281653912 5.0 1859
1767281655591 5.0 1869
1767281657264 5.0 1879
1767281658942 5.0 1889
1767281660614 5.0 1899
1767281662287 5.0 1909
1767281663955 5.0 1919
1767281665633 5.0 1929
1767281667303 5.0 1939
1767281668979 5.0 1949
1767281670661 5.0 1959
1767281672344 5.0 1969
1767281674022 5.0 1979
1767281675702 5.0 1989
1767281677385 5.0 1999
1767281679271 5.0 2009
1767281686102 5.0 2009
1767281688037 6.0 2019
1767281689729 6.0 2029
1767281691423 6.0 2039
1767281693115 6.0 2049
1767281694809 6.0 2059
1767281696501 6.0 2069
1767281698199 6.0 2079
1767281699899 6.0 2089
1767281701598 6.0 2099
1767281703294 6.0 2109
1767281704984 6.0 2119
1767281706664 6.0 2129
1767281708363 6.0 2139
1767281710064 6.0 2149
1767281711764 6.0 2159
1767281713462 6.0 2169
1767281715159 6.0 2179
1767281719787 6.0 2189
1767281721463 6.0 2199
1767281723143 6.0 2209
1767281724819 6.0 2219
1767281726496 6.0 2229
1767281728170 6.0 2239
1767281729848 6.0 2249
1767281731518 6.0 2259
1767281733205 6.0 2269
1767281734900 6.0 2279
1767281736582 6.0 2289
1767281738262 6.0 2299
1767281739949 6.0 2309
1767281741630 6.0 2319
1767281743312 6.0 2329
1767281744999 6.0 2339
1767281749958 6.0 2344
1767281751041 7.0 2349
1767281755660 7.0 2359
1767281757356 7.0 2369
1767281759050 7.0 2379
1767281760744 7.0 2389
1767281762439 7.0 2399
1767281764131 7.0 2409
1767281765829 7.0 2419
1767281767525 7.0 2429
1767281769220 7.0 2439
1767281770914 7.0 2449
1767281772611 7.0 2459
1767281774307 7.0 2469
1767281776001 7.0 2479
1767281777703 7.0 2489
1767281779395 7.0 2499
1767281781093 7.0 2509
1767281782796 7.0 2519
1767281784497 7.0 2529
1767281786194 7.0 2539
1767281790826 7.0 2549
1767281792528 7.0 2559
1767281794215 7.0 2569
1767281795905 7.0 2579
1767281797618 7.0 2589
1767281799365 7.0 2599
1767281801094 7.0 2609
1767281802807 7.0 2619
1767281804517 7.0 2629
1767281806248 7.0 2639
1767281807993 7.0 2649
1767281809733 7.0 2659
1767281811451 7.0 2669
1767281813362 7.0 2679
1767281817304 7.0 2679
1767281819256 8.0 2689
1767281820968 8.0 2699
1767281825611 8.0 2709
1767281827333 8.0 2719
1767281829057 8.0 2729
1767281830784 8.0 2739
1767281832502 8.0 2749
1767281834214 8.0 2759
1767281835923 8.0 2769
1767281837651 8.0 2779
1767281839416 8.0 2789
1767281841138 8.0 2799
1767281842850 8.0 2809
1767281844570 8.0 2819
1767281846317 8.0 2829
1767281848040 8.0 2839
1767281849776 8.0 2849
1767281851488 8.0 2859
1767281853198 8.0 2869
1767281854904 8.0 2879
1767281856612 8.0 2889
1767281861238 8.0 2899
1767281862947 8.0 2909
1767281864652 8.0 2919
1767281866360 8.0 2929
1767281868063 8.0 2939
1767281869769 8.0 2949
1767281871471 8.0 2959
1767281873177 8.0 2969
1767281874880 8.0 2979
1767281876586 8.0 2989
1767281878296 8.0 2999
1767281880019 8.0 3009
1767281885035 8.0 3014
1767281886163 9.0 3019
1767281887865 9.0 3029
1767281889563 9.0 3039
1767281891268 9.0 3049
1767281895909 9.0 3059
1767281897614 9.0 3069
1767281899330 9.0 3079
1767281901028 9.0 3089
1767281902737 9.0 3099
1767281904436 9.0 3109
1767281906147 9.0 3119
1767281907847 9.0 3129
1767281909561 9.0 3139
1767281911267 9.0 3149
1767281912973 9.0 3159
1767281914676 9.0 3169
1767281916388 9.0 3179
1767281918101 9.0 3189
1767281919804 9.0 3199
1767281921530 9.0 3209
1767281923232 9.0 3219
1767281924931 9.0 3229
1767281926627 9.0 3239
1767281931261 9.0 3249
1767281932946 9.0 3259
1767281934630 9.0 3269
1767281936308 9.0 3279
1767281937997 9.0 3289
1767281939680 9.0 3299
1767281941370 9.0 3309
1767281943055 9.0 3319
1767281944752 9.0 3329
1767281946441 9.0 3339
1767281948326 9.0 3349
1767281952256 9.0 3349
1767281954233 10.0 3359
1767281955950 10.0 3369
1767281957678 10.0 3379
1767281959398 10.0 3389
1767281961150 10.0 3399
1767281965836 10.0 3409
1767281967555 10.0 3419
1767281969271 10.0 3429
1767281970985 10.0 3439
1767281972711 10.0 3449
1767281974429 10.0 3459
1767281976142 10.0 3469
1767281977862 10.0 3479
1767281979579 10.0 3489
1767281981303 10.0 3499
1767281983023 10.0 3509
1767281984737 10.0 3519
1767281986455 10.0 3529
1767281988174 10.0 3539
1767281989887 10.0 3549
1767281991598 10.0 3559
1767281993315 10.0 3569
1767281995027 10.0 3579
1767281996745 10.0 3589
1767282001390 10.0 3599
1767282003117 10.0 3609
1767282004832 10.0 3619
1767282006544 10.0 3629
1767282008256 10.0 3639
1767282009975 10.0 3649
1767282011687 10.0 3659
1767282013388 10.0 3669
1767282015095 10.0 3679
1767282020076 10.0 3684
1767282021184 11.0 3689
1767282022896 11.0 3699
1767282024590 11.0 3709
1767282026293 11.0 3719
1767282027989 11.0 3729
1767282029687 11.0 3739
1767282031383 11.0 3749
1767282036013 11.0 3759
1767282037707 11.0 3769
1767282039412 11.0 3779
1767282041125 11.0 3789
1767282042838 11.0 3799
1767282044552 11.0 3809
1767282046270 11.0 3819
1767282047981 11.0 3829
1767282049688 11.0 3839
1767282051406 11.0 3849
1767282053120 11.0 3859
1767282054829 11.0 3869
1767282056540 11.0 3879
1767282058255 11.0 3889
1767282059971 11.0 3899
1767282061680 11.0 3909
1767282063394 11.0 3919
1767282065109 11.0 3929
1767282066820 11.0 3939
1767282071475 11.0 3949
1767282073203 11.0 3959
1767282074914 11.0 3969
1767282076623 11.0 3979
1767282078334 11.0 3989
1767282080050 11.0 3999
1767282081773 11.0 4009
1767282083696 11.0 4019
1767282087666 11.0 4019
1767282089643 12.0 4029
1767282091361 12.0 4039
1767282093082 12.0 4049
1767282094777 12.0 4059
1767282096470 12.0 4069
1767282098161 12.0 4079
1767282099856 12.0 4089
1767282101557 12.0 4099
1767282103275 12.0 4109
1767282107916 12.0 4119
1767282109614 12.0 4129
1767282111330 12.0 4139
1767282113041 12.0 4149
1767282114737 12.0 4159
1767282116433 12.0 4169
1767282118131 12.0 4179
1767282119852 12.0 4189
1767282121592 12.0 4199
1767282123315 12.0 4209
1767282125030 12.0 4219
1767282126751 12.0 4229
1767282128484 12.0 4239
1767282130220 12.0 4249
1767282131946 12.0 4259
1767282133673 12.0 4269
1767282135394 12.0 4279
1767282137101 12.0 4289
1767282141738 12.0 4299
1767282143451 12.0 4309
1767282145163 12.0 4319
1767282146875 12.0 4329
1767282148578 12.0 4339
1767282150279 12.0 4349
1767282155279 12.0 4354
1767282156383 13.0 4359
1767282158085 13.0 4369
1767282159787 13.0 4379
1767282161507 13.0 4389
1767282163227 13.0 4399
1767282164942 13.0 4409
1767282166657 13.0 4419
1767282168376 13.0 4429
1767282170096 13.0 4439
1767282171820 13.0 4449
1767282173542 13.0 4459
1767282178191 13.0 4469
1767282179904 13.0 4479
1767282181628 13.0 4489
1767282183390 13.0 4499
1767282185100 13.0 4509
1767282186835 13.0 4519
1767282188641 13.0 4529
1767282190488 13.0 4539
1767282192265 13.0 4549
1767282194039 13.0 4559
1767282195773 13.0 4569
1767282197484 13.0 4579
1767282199203 13.0 4589
1767282200905 13.0 4599
1767282202617 13.0 4609
1767282204331 13.0 4619
1767282206049 13.0 4629
1767282207772 13.0 4639
1767282212415 13.0 4649
1767282214130 13.0 4659
1767282215879 13.0 4669
1767282217599 13.0 4679
1767282219566 13.0 4689
1767282223603 13.0 4689
1767282225549 14.0 4699
1767282227282 14.0 4709
1767282228999 14.0 4719
1767282230708 14.0 4729
1767282232423 14.0 4739
1767282234126 14.0 4749
1767282235843 14.0 4759
1767282237555 14.0 4769
1767282239257 14.0 4779
1767282240970 14.0 4789
1767282242675 14.0 4799
1767282247312 14.0 4809
1767282249010 14.0 4819
1767282250720 14.0 4829
1767282252417 14.0 4839
1767282254126 14.0 4849
1767282255833 14.0 4859
1767282257532 14.0 4869
1767282259235 14.0 4879
1767282260934 14.0 4889
1767282262632 14.0 4899
1767282264330 14.0 4909
1767282266026 14.0 4919
1767282267724 14.0 4929
1767282269420 14.0 4939
1767282271116 14.0 4949
1767282272816 14.0 4959
1767282274508 14.0 4969
1767282276206 14.0 4979
1767282277897 14.0 4989
1767282282528 14.0 4999
1767282284227 14.0 5009
1767282285934 14.0 5019
1767282290991 14.0 5024
1767282292100 15.0 5029
1767282293810 15.0 5039
1767282295512 15.0 5049
1767282297214 15.0 5059
1767282298917 15.0 5069
1767282300619 15.0 5079
1767282302321 15.0 5089
1767282304024 15.0 5099
1767282305725 15.0 5109
1767282307423 15.0 5119
1767282309130 15.0 5129
1767282310826 15.0 5139
1767282312530 15.0 5149
1767282314231 15.0 5159
1767282318889 15.0 5169
1767282320581 15.0 5179
1767282322287 15.0 5189
1767282323987 15.0 5199
1767282325685 15.0 5209
1767282327380 15.0 5219
1767282329087 15.0 5229
1767282330786 15.0 5239
1767282332487 15.0 5249
1767282334192 15.0 5259
1767282335891 15.0 5269
1767282337594 15.0 5279
1767282339295 15.0 5289
1767282341002 15.0 5299
1767282342714 15.0 5309
1767282344442 15.0 5319
1767282346175 15.0 5329
1767282347901 15.0 5339
1767282349641 15.0 5349
1767282354552 15.0 5359
1767282358624 15.0 5359
1767282360590 16.0 5369
1767282362305 16.0 5379
1767282364010 16.0 5389
1767282365710 16.0 5399
1767282367412 16.0 5409
1767282369121 16.0 5419
1767282370847 16.0 5429
1767282372582 16.0 5439
1767282374330 16.0 5449
1767282376069 16.0 5459
1767282377788 16.0 5469
1767282379517 16.0 5479
1767282381241 16.0 5489
1767282382989 16.0 5499
1767282384737 16.0 5509
1767282389376 16.0 5519
1767282391099 16.0 5529
1767282392848 16.0 5539
1767282394580 16.0 5549
1767282396322 16.0 5559
1767282398063 16.0 5569
1767282399791 16.0 5579
1767282401497 16.0 5589
1767282403202 16.0 5599
1767282404906 16.0 5609
1767282406614 16.0 5619
1767282408351 16.0 5629
1767282410064 16.0 5639
1767282411763 16.0 5649
1767282413499 16.0 5659
1767282415194 16.0 5669
1767282416928 16.0 5679
1767282418650 16.0 5689
1767282426610 16.0 5694
1767282427708 17.0 5699
1767282429409 17.0 5709
1767282431109 17.0 5719
1767282432809 17.0 5729
1767282434509 17.0 5739
1767282436207 17.0 5749
1767282437903 17.0 5759
1767282439602 17.0 5769
1767282441303 17.0 5779
1767282443003 17.0 5789
1767282444705 17.0 5799
1767282446395 17.0 5809
1767282448079 17.0 5819
1767282449770 17.0 5829
1767282451455 17.0 5839
1767282453145 17.0 5849
1767282454827 17.0 5859
1767282459443 17.0 5869
1767282461141 17.0 5879
1767282462831 17.0 5889
1767282464520 17.0 5899
1767282466215 17.0 5909
1767282467920 17.0 5919
1767282469615 17.0 5929
1767282471314 17.0 5939
1767282473020 17.0 5949
1767282474736 17.0 5959
1767282476445 17.0 5969
1767282478160 17.0 5979
1767282479874 17.0 5989
1767282481582 17.0 5999
1767282483281 17.0 6009
1767282484987 17.0 6019
1767282486895 17.0 6029
1767282493772 17.0 6029
1767282495747 18.0 6039
1767282497453 18.0 6049
1767282499156 18.0 6059
1767282500861 18.0 6069
1767282502567 18.0 6079
1767282504268 18.0 6089
1767282505964 18.0 6099
1767282507669 18.0 6109
1767282509366 18.0 6119
1767282511068 18.0 6129
1767282512773 18.0 6139
1767282514477 18.0 6149
1767282516173 18.0 6159
1767282517874 18.0 6169
1767282519572 18.0 6179
1767282521271 18.0 6189
1767282522967 18.0 6199
1767282524669 18.0 6209
1767282526370 18.0 6219
1767282528074 18.0 6229
1767282529781 18.0 6239
1767282531488 18.0 6249
1767282533202 18.0 6259
1767282534912 18.0 6269
1767282536626 18.0 6279
1767282538335 18.0 6289
1767282540049 18.0 6299
1767282546071 18.0 6309
1767282547792 18.0 6319
1767282549500 18.0 6329
1767282551213 18.0 6339
1767282552932 18.0 6349
1767282554644 18.0 6359
1767282559657 18.0 6364
1767282560737 19.0 6369
1767282562452 19.0 6379
1767282564159 19.0 6389
1767282565867 19.0 6399
1767282567583 19.0 6409
1767282569297 19.0 6419
1767282571012 19.0 6429
1767282572734 19.0 6439
1767282574454 19.0 6449
1767282576168 19.0 6459
1767282580814 19.0 6469
1767282582523 19.0 6479
1767282584222 19.0 6489
1767282585914 19.0 6499
1767282587611 19.0 6509
1767282589301 19.0 6519
1767282591003 19.0 6529
1767282592698 19.0 6539
1767282594394 19.0 6549
1767282596094 19.0 6559
1767282597796 19.0 6569
1767282599494 19.0 6579
1767282601202 19.0 6589
1767282602913 19.0 6599
1767282604625 19.0 6609
1767282606336 19.0 6619
1767282608040 19.0 6629
1767282609749 19.0 6639
1767282611454 19.0 6649
1767282616099 19.0 6659
1767282617807 19.0 6669
1767282619515 19.0 6679
1767282621225 19.0 6689
1767282623135 19.0 6699
1767282627079 19.0 6699
1767282629021 20.0 6709
1767282630732 20.0 6719
1767282632452 20.0 6729
1767282634176 20.0 6739
1767282635892 20.0 6749
1767282637606 20.0 6759
1767282639320 20.0 6769
1767282641032 20.0 6779
1767282642750 20.0 6789
1767282644474 20.0 6799
1767282646199 20.0 6809
1767282650842 20.0 6819
1767282652560 20.0 6829
1767282654274 20.0 6839
1767282655992 20.0 6849
1767282657701 20.0 6859
1767282659416 20.0 6869
1767282661128 20.0 6879
1767282662841 20.0 6889
1767282664559 20.0 6899
1767282666275 20.0 6909
1767282667998 20.0 6919
1767282669720 20.0 6929
1767282671440 20.0 6939
1767282673163 20.0 6949
1767282674883 20.0 6959
1767282676601 20.0 6969
1767282678323 20.0 6979
1767282680038 20.0 6989
1767282681764 20.0 6999
1767282686414 20.0 7009
1767282688136 20.0 7019
1767282689850 20.0 7029
1767282694881 20.0 7034
1767282695999 21.0 7039
1767282697712 21.0 7049
1767282699427 21.0 7059
1767282701143 21.0 7069
1767282702859 21.0 7079
1767282704571 21.0 7089
1767282706288 21.0 7099
1767282708004 21.0 7109
1767282709721 21.0 7119
1767282711436 21.0 7129
1767282713144 21.0 7139
1767282714869 21.0 7149
1767282716583 21.0 7159
1767282721204 21.0 7169
1767282722901 21.0 7179
1767282724596 21.0 7189
1767282726288 21.0 7199
1767282727989 21.0 7209
1767282729692 21.0 7219
1767282731412 21.0 7229
1767282733111 21.0 7239
1767282734810 21.0 7249
1767282736515 21.0 7259
1767282738226 21.0 7269
1767282739935 21.0 7279
1767282741649 21.0 7289
1767282743357 21.0 7299
1767282745067 21.0 7309
1767282746775 21.0 7319
1767282748488 21.0 7329
1767282750195 21.0 7339
1767282751903 21.0 7349
1767282756542 21.0 7359
1767282758453 21.0 7369
1767282762411 21.0 7369
1767282764374 22.0 7379
1767282766075 22.0 7389
1767282767779 22.0 7399
1767282769480 22.0 7409
1767282771186 22.0 7419
1767282772885 22.0 7429
1767282774585 22.0 7439
1767282776286 22.0 7449
1767282777985 22.0 7459
1767282779682 22.0 7469
1767282781377 22.0 7479
1767282783077 22.0 7489
1767282784776 22.0 7499
1767282786476 22.0 7509
1767282788173 22.0 7519
1767282792804 22.0 7529
1767282794510 22.0 7539
1767282796213 22.0 7549
1767282797918 22.0 7559
1767282799628 22.0 7569
1767282801328 22.0 7579
1767282803058 22.0 7589
1767282804774 22.0 7599
1767282806495 22.0 7609
1767282808211 22.0 7619
1767282809931 22.0 7629
1767282811649 22.0 7639
1767282813366 22.0 7649
1767282815095 22.0 7659
1767282816816 22.0 7669
1767282818532 22.0 7679
1767282820252 22.0 7689
1767282821978 22.0 7699
1767282829971 22.0 7704
1767282831090 23.0 7709
1767282832803 23.0 7719
1767282834516 23.0 7729
1767282836227 23.0 7739
1767282837938 23.0 7749
1767282839650 23.0 7759
1767282841362 23.0 7769
1767282843075 23.0 7779
1767282844784 23.0 7789
1767282846496 23.0 7799
1767282848202 23.0 7809
1767282849914 23.0 7819
1767282851614 23.0 7829
1767282853304 23.0 7839
1767282854993 23.0 7849
1767282856681 23.0 7859
1767282858370 23.0 7869
1767282862989 23.0 7879
1767282864687 23.0 7889
1767282866374 23.0 7899
1767282868069 23.0 7909
1767282869763 23.0 7919
1767282871467 23.0 7929
1767282873168 23.0 7939
1767282874871 23.0 7949
1767282876570 23.0 7959
1767282878272 23.0 7969
1767282879977 23.0 7979
1767282881678 23.0 7989
1767282883393 23.0 7999
1767282885104 23.0 8009
1767282886823 23.0 8019
1767282888551 23.0 8029
1767282890491 23.0 8039
1767282897396 23.0 8039
1767282899361 24.0 8049
1767282901087 24.0 8059
1767282902805 24.0 8069
1767282904522 24.0 8079
1767282906242 24.0 8089
1767282907960 24.0 8099
1767282909674 24.0 8109
1767282911391 24.0 8119
1767282913106 24.0 8129
1767282914824 24.0 8139
1767282916535 24.0 8149
1767282918258 24.0 8159
1767282919975 24.0 8169
1767282921696 24.0 8179
1767282923415 24.0 8189
1767282925139 24.0 8199
1767282926853 24.0 8209
1767282928566 24.0 8219
1767282933208 24.0 8229
1767282934920 24.0 8239
1767282936635 24.0 8249
1767282938349 24.0 8259
1767282940064 24.0 8269
1767282941773 24.0 8279
1767282943484 24.0 8289
1767282945192 24.0 8299
1767282946907 24.0 8309
1767282948618 24.0 8319
1767282950326 24.0 8329
1767282952036 24.0 8339
1767282953743 24.0 8349
1767282955454 24.0 8359
1767282957170 24.0 8369
1767282962203 24.0 8374
1767282963310 25.0 8379
1767282967956 25.0 8389
1767282969673 25.0 8399
1767282971387 25.0 8409
1767282973102 25.0 8419
1767282974815 25.0 8429
1767282976532 25.0 8439
1767282978250 25.0 8449
1767282979965 25.0 8459
1767282981677 25.0 8469
1767282983395 25.0 8479
1767282985111 25.0 8489
1767282986827 25.0 8499
1767282988530 25.0 8509
1767282990226 25.0 8519
1767282991927 25.0 8529
1767282993627 25.0 8539
1767282995325 25.0 8549
1767282997024 25.0 8559
1767282998722 25.0 8569
1767283003355 25.0 8579
1767283005049 25.0 8589
1767283006741 25.0 8599
1767283008459 25.0 8609
1767283010164 25.0 8619
1767283011874 25.0 8629
1767283013582 25.0 8639
1767283015290 25.0 8649
1767283016996 25.0 8659
1767283018703 25.0 8669
1767283020406 25.0 8679
1767283022112 25.0 8689
1767283023816 25.0 8699
1767283025729 25.0 8709
1767283029678 25.0 8709
1767283031635 26.0 8719
1767283033334 26.0 8729
1767283037979 26.0 8739
1767283039695 26.0 8749
1767283041400 26.0 8759
1767283043105 26.0 8769
1767283044811 26.0 8779
1767283046516 26.0 8789
1767283048221 26.0 8799
1767283049925 26.0 8809
1767283051632 26.0 8819
1767283053338 26.0 8829
1767283055045 26.0 8839
1767283056754 26.0 8849
1767283058463 26.0 8859
1767283060177 26.0 8869
1767283061886 26.0 8879
1767283063595 26.0 8889
1767283065310 26.0 8899
1767283067016 26.0 8909
1767283068726 26.0 8919
1767283073371 26.0 8929
1767283075081 26.0 8939
1767283076787 26.0 8949
1767283078493 26.0 8959
1767283080207 26.0 8969
1767283081918 26.0 8979
1767283083628 26.0 8989
1767283085339 26.0 8999
1767283087050 26.0 9009
1767283088755 26.0 9019
1767283090464 26.0 9029
1767283092178 26.0 9039
1767283097191 26.0 9044
1767283098302 27.0 9049
1767283100005 27.0 9059
1767283101706 27.0 9069
1767283103408 27.0 9079
1767283108041 27.0 9089
1767283109744 27.0 9099
1767283111445 27.0 9109
1767283113145 27.0 9119
1767283114847 27.0 9129
1767283116546 27.0 9139
1767283118244 27.0 9149
1767283119949 27.0 9159
1767283121650 27.0 9169
1767283123349 27.0 9179
1767283125040 27.0 9189
1767283126739 27.0 9199
1767283128427 27.0 9209
1767283130122 27.0 9219
1767283131812 27.0 9229
1767283133502 27.0 9239
1767283135195 27.0 9249
1767283136886 27.0 9259
1767283138578 27.0 9269
1767283143198 27.0 9279
1767283144903 27.0 9289
1767283146607 27.0 9299
1767283148314 27.0 9309
1767283150022 27.0 9319
1767283151733 27.0 9329
1767283153436 27.0 9339
1767283155141 27.0 9349
1767283156856 27.0 9359
1767283158566 27.0 9369
1767283160478 27.0 9379
1767283164426 27.0 9379
1767283166381 28.0 9389
1767283168094 28.0 9399
1767283169804 28.0 9409
1767283171523 28.0 9419
1767283173231 28.0 9429
1767283174941 28.0 9439
1767283179578 28.0 9449
1767283181288 28.0 9459
1767283182998 28.0 9469
1767283184715 28.0 9479
1767283186419 28.0 9489
1767283188134 28.0 9499
1767283189837 28.0 9509
1767283191544 28.0 9519
1767283193248 28.0 9529
1767283194953 28.0 9539
1767283196656 28.0 9549
1767283198356 28.0 9559
1767283200062 28.0 9569
1767283201766 28.0 9579
1767283203469 28.0 9589
1767283205175 28.0 9599
1767283206881 28.0 9609
1767283208586 28.0 9619
1767283210300 28.0 9629
1767283214938 28.0 9639
1767283216647 28.0 9649
1767283218357 28.0 9659
1767283220071 28.0 9669
1767283221778 28.0 9679
1767283223482 28.0 9689
1767283225186 28.0 9699
1767283226896 28.0 9709
1767283231916 28.0 9714
1767283233021 29.0 9719
1767283234727 29.0 9729
1767283236430 29.0 9739
1767283238140 29.0 9749
1767283239848 29.0 9759
1767283241551 29.0 9769
1767283243254 29.0 9779
1767283244973 29.0 9789
1767283246676 29.0 9799
1767283248383 29.0 9809
1767283250085 29.0 9819
1767283251789 29.0 9829
1767283253493 29.0 9839
1767283255199 29.0 9849
1767283256928 29.0 9859
1767283258647 29.0 9869
1767283260366 29.0 9879
1767283266391 29.0 9889
1767283268133 29.0 9899
1767283269858 29.0 9909
1767283271602 29.0 9919
1767283273342 29.0 9929
1767283275080 29.0 9939
1767283276817 29.0 9949
1767283278557 29.0 9959
1767283280292 29.0 9969
1767283282031 29.0 9979
1767283283775 29.0 9989
1767283285509 29.0 9999
1767283287240 29.0 10009
1767283288959 29.0 10019
1767283290678 29.0 10029
1767283292389 29.0 10039
1767283294312 29.0 10049
1767283301228 29.0 10049
1767283303199 30.0 10059
1767283304929 30.0 10069
1767283306656 30.0 10079
1767283308387 30.0 10089
1767283310114 30.0 10099
1767283311852 30.0 10109
1767283313616 30.0 10119
1767283315368 30.0 10129
1767283317094 30.0 10139
1767283318811 30.0 10149
1767283320515 30.0 10159
1767283322234 30.0 10169
1767283323978 30.0 10179
1767283325705 30.0 10189
1767283327423 30.0 10199
1767283329145 30.0 10209
1767283330860 30.0 10219
1767283332559 30.0 10229
1767283337193 30.0 10239
1767283338890 30.0 10249
1767283340591 30.0 10259
1767283342310 30.0 10269
1767283344067 30.0 10279
1767283345803 30.0 10289
1767283347529 30.0 10299
1767283349254 30.0 10309
1767283350989 30.0 10319
1767283352703 30.0 10329
1767283354434 30.0 10339
1767283356154 30.0 10349
1767283357871 30.0 10359
1767283359600 30.0 10369
1767283361336 30.0 10379
1767283366448 30.0 10384
1767283367568 31.0 10389
1767283372200 31.0 10399
1767283373959 31.0 10409
1767283375693 31.0 10419
1767283377401 31.0 10429
1767283379104 31.0 10439
1767283380810 31.0 10449
1767283382508 31.0 10459
1767283384209 31.0 10469
1767283385931 31.0 10479
1767283387637 31.0 10489
1767283389336 31.0 10499
1767283391039 31.0 10509
1767283392742 31.0 10519
1767283394447 31.0 10529
1767283396153 31.0 10539
1767283397859 31.0 10549
1767283399566 31.0 10559
1767283401264 31.0 10569
1767283402969 31.0 10579
1767283407721 31.0 10589
1767283409477 31.0 10599
1767283411202 31.0 10609
1767283412923 31.0 10619
1767283414646 31.0 10629
1767283416413 31.0 10639
1767283418195 31.0 10649
1767283420003 31.0 10659
1767283421751 31.0 10669
1767283423504 31.0 10679
1767283425226 31.0 10689
1767283426952 31.0 10699
1767283428686 31.0 10709
1767283430618 31.0 10719
1767283434688 31.0 10719
1767283436661 32.0 10729
1767283441322 32.0 10739
1767283443053 32.0 10749
1767283444784 32.0 10759
1767283446506 32.0 10769
1767283448239 32.0 10779
1767283449991 32.0 10789
1767283451709 32.0 10799
1767283453456 32.0 10809
1767283455161 32.0 10819
1767283456881 32.0 10829
1767283458593 32.0 10839
1767283460299 32.0 10849
1767283462020 32.0 10859
1767283463725 32.0 10869
1767283465425 32.0 10879
1767283467130 32.0 10889
1767283468837 32.0 10899
1767283470540 32.0 10909
1767283472241 32.0 10919
1767283476880 32.0 10929
1767283478583 32.0 10939
1767283480292 32.0 10949
1767283481990 32.0 10959
1767283483691 32.0 10969
1767283485392 32.0 10979
1767283487090 32.0 10989
1767283488796 32.0 10999
1767283490506 32.0 11009
1767283492220 32.0 11019
1767283493932 32.0 11029
1767283495644 32.0 11039
1767283497357 32.0 11049
1767283502357 32.0 11054
1767283503458 33.0 11059
1767283505164 33.0 11069
1767283506878 33.0 11079
1767283508590 33.0 11089
1767283513234 33.0 11099
1767283514947 33.0 11109
1767283516669 33.0 11119
1767283518378 33.0 11129
1767283520095 33.0 11139
1767283521803 33.0 11149
1767283523518 33.0 11159
1767283525229 33.0 11169
1767283526944 33.0 11179
1767283528660 33.0 11189
1767283530373 33.0 11199
1767283532084 33.0 11209
1767283533795 33.0 11219
1767283535506 33.0 11229
1767283537215 33.0 11239
1767283538911 33.0 11249
1767283540601 33.0 11259
1767283542296 33.0 11269
1767283546912 33.0 11279
1767283548606 33.0 11289
1767283550300 33.0 11299
1767283551996 33.0 11309
1767283553683 33.0 11319
1767283555371 33.0 11329
1767283557061 33.0 11339
1767283558749 33.0 11349
1767283560439 33.0 11359
1767283562127 33.0 11369
1767283563814 33.0 11379
1767283565717 33.0 11389
1767283569694 33.0 11389
1767283571714 34.0 11399
1767283573416 34.0 11409
1767283575112 34.0 11419
1767283576812 34.0 11429
1767283578517 34.0 11439
1767283583149 34.0 11449
1767283584856 34.0 11459
1767283586558 34.0 11469
1767283588263 34.0 11479
1767283589967 34.0 11489
1767283591662 34.0 11499
1767283593349 34.0 11509
1767283595038 34.0 11519
1767283596723 34.0 11529
1767283598403 34.0 11539
1767283600088 34.0 11549
1767283601776 34.0 11559
1767283603459 34.0 11569
1767283605146 34.0 11579
1767283606840 34.0 11589
1767283608587 34.0 11599
1767283610292 34.0 11609
1767283612039 34.0 11619
1767283613760 34.0 11629
1767283618397 34.0 11639
1767283620261 34.0 11649
1767283622077 34.0 11659
1767283623876 34.0 11669
1767283625584 34.0 11679
1767283627311 34.0 11689
1767283629083 34.0 11699
1767283630894 34.0 11709
1767283632630 34.0 11719
1767283637685 34.0 11724
1767283638796 35.0 11729
1767283640507 35.0 11739
1767283642214 35.0 11749
1767283643929 35.0 11759
1767283645621 35.0 11769
1767283647334 35.0 11779
1767283649060 35.0 11789
1767283653715 35.0 11799
1767283655412 35.0 11809
1767283657128 35.0 11819
1767283658845 35.0 11829
1767283660547 35.0 11839
1767283662256 35.0 11849
1767283663972 35.0 11859
1767283665679 35.0 11869
1767283667405 35.0 11879
1767283669128 35.0 11889
1767283670857 35.0 11899
1767283672578 35.0 11909
1767283674278 35.0 11919
1767283675972 35.0 11929
1767283677675 35.0 11939
1767283679370 35.0 11949
1767283681077 35.0 11959
1767283682827 35.0 11969
1767283684527 35.0 11979
1767283689150 35.0 11989
1767283690850 35.0 11999
1767283692568 35.0 12009
1767283694278 35.0 12019
1767283695991 35.0 12029
1767283697689 35.0 12039
1767283699386 35.0 12049
1767283701289 35.0 12059
1767283705230 35.0 12059
1767283707198 36.0 12069
1767283708893 36.0 12079
1767283710591 36.0 12089
1767283712289 36.0 12099
1767283713991 36.0 12109
1767283715690 36.0 12119
1767283717387 36.0 12129
1767283719085 36.0 12139
1767283723714 36.0 12149
1767283725416 36.0 12159
1767283727113 36.0 12169
1767283728805 36.0 12179
1767283730492 36.0 12189
1767283732182 36.0 12199
1767283733868 36.0 12209
1767283735549 36.0 12219
1767283737232 36.0 12229
1767283738911 36.0 12239
1767283740589 36.0 12249
1767283742274 36.0 12259
1767283743963 36.0 12269
1767283745648 36.0 12279
1767283747340 36.0 12289
1767283749027 36.0 12299
1767283750715 36.0 12309
1767283752403 36.0 12319
1767283754099 36.0 12329
1767283758721 36.0 12339
1767283760420 36.0 12349
1767283762122 36.0 12359
1767283763826 36.0 12369
1767283765531 36.0 12379
1767283767236 36.0 12389
1767283772233 36.0 12394
1767283773340 37.0 12399
1767283775048 37.0 12409
1767283776747 37.0 12419
1767283778445 37.0 12429
1767283780147 37.0 12439
1767283781848 37.0 12449
1767283783545 37.0 12459
1767283785246 37.0 12469
1767283786944 37.0 12479
1767283788641 37.0 12489
1767283793271 37.0 12499
1767283794974 37.0 12509
1767283796683 37.0 12519
1767283798388 37.0 12529
1767283800095 37.0 12539
1767283801798 37.0 12549
1767283803503 37.0 12559
1767283805209 37.0 12569
1767283806915 37.0 12579
1767283808612 37.0 12589
1767283810310 37.0 12599
1767283812002 37.0 12609
1767283813695 37.0 12619
1767283815384 37.0 12629
1767283817074 37.0 12639
1767283818769 37.0 12649
1767283820463 37.0 12659
1767283822155 37.0 12669
1767283823850 37.0 12679
1767283828480 37.0 12689
1767283830174 37.0 12699
1767283831870 37.0 12709
1767283833567 37.0 12719
1767283835467 37.0 12729
1767283839417 37.0 12729
1767283841376 38.0 12739
1767283843085 38.0 12749
1767283844794 38.0 12759
1767283846512 38.0 12769
1767283848221 38.0 12779
1767283849930 38.0 12789
1767283851642 38.0 12799
1767283853350 38.0 12809
1767283855060 38.0 12819
1767283856769 38.0 12829
1767283858478 38.0 12839
1767283860184 38.0 12849
1767283864825 38.0 12859
1767283866517 38.0 12869
1767283868211 38.0 12879
1767283869909 38.0 12889
1767283871602 38.0 12899
1767283873287 38.0 12909
1767283874976 38.0 12919
1767283876670 38.0 12929
1767283878359 38.0 12939
1767283880053 38.0 12949
1767283881740 38.0 12959
1767283883430 38.0 12969
1767283885131 38.0 12979
1767283886819 38.0 12989
1767283888510 38.0 12999
1767283890210 38.0 13009
1767283891908 38.0 13019
1767283893608 38.0 13029
1767283895305 38.0 13039
1767283899936 38.0 13049
1767283901632 38.0 13059
1767283906627 38.0 13064
1767283907775 39.0 13069
1767283909473 39.0 13079
1767283911163 39.0 13089
1767283912861 39.0 13099
1767283914557 39.0 13109
1767283916255 39.0 13119
1767283917961 39.0 13129
1767283919661 39.0 13139
1767283921364 39.0 13149
1767283923084 39.0 13159
1767283924782 39.0 13169
1767283926489 39.0 13179
1767283928192 39.0 13189
1767283929902 39.0 13199
1767283934541 39.0 13209
1767283936250 39.0 13219
1767283937958 39.0 13229
1767283939668 39.0 13239
1767283941377 39.0 13249
1767283943083 39.0 13259
1767283944787 39.0 13269
1767283946502 39.0 13279
1767283948211 39.0 13289
1767283949905 39.0 13299
1767283951607 39.0 13309
1767283953307 39.0 13319
1767283955015 39.0 13329
1767283956712 39.0 13339
1767283958405 39.0 13349
1767283960099 39.0 13359
1767283961791 39.0 13369
1767283963492 39.0 13379
1767283965184 39.0 13389
1767283969991 39.0 13399
1767283973917 39.0 13399
1767283975846 40.0 13409
1767283977540 40.0 13419
1767283979232 40.0 13429
1767283980933 40.0 13439
1767283982634 40.0 13449
1767283984341 40.0 13459
1767283986052 40.0 13469
1767283987769 40.0 13479
1767283989497 40.0 13489
1767283991213 40.0 13499
1767283992921 40.0 13509
1767283994635 40.0 13519
1767283996348 40.0 13529
1767283998054 40.0 13539
1767283999757 40.0 13549
1767284004391 40.0 13559
1767284006089 40.0 13569
1767284007792 40.0 13579
1767284009507 40.0 13589
1767284011236 40.0 13599
1767284012983 40.0 13609
1767284014694 40.0 13619
1767284016415 40.0 13629
1767284018151 40.0 13639
1767284019883 40.0 13649
1767284021609 40.0 13659
1767284023324 40.0 13669
1767284025056 40.0 13679
1767284026795 40.0 13689
1767284028525 40.0 13699
1767284030247 40.0 13709
1767284031984 40.0 13719
1767284033713 40.0 13729
1767284041690 40.0 13734
1767284042822 41.0 13739
1767284044539 41.0 13749
1767284046262 41.0 13759
1767284047981 41.0 13769
1767284049703 41.0 13779
1767284051423 41.0 13789
1767284053151 41.0 13799
1767284054879 41.0 13809
1767284056603 41.0 13819
1767284058332 41.0 13829
1767284060061 41.0 13839
1767284061794 41.0 13849
1767284063517 41.0 13859
1767284065250 41.0 13869
1767284066977 41.0 13879
1767284068711 41.0 13889
1767284070431 41.0 13899
1767284075097 41.0 13909
1767284076830 41.0 13919
1767284078568 41.0 13929
1767284080295 41.0 13939
1767284082030 41.0 13949
1767284083758 41.0 13959
1767284085494 41.0 13969
1767284087224 41.0 13979
1767284088956 41.0 13989
1767284090690 41.0 13999
1767284092422 41.0 14009
1767284094154 41.0 14019
1767284095880 41.0 14029
1767284097615 41.0 14039
1767284099346 41.0 14049
1767284101082 41.0 14059
1767284103025 41.0 14069
1767284109919 41.0 14069
1767284111886 42.0 14079
1767284113604 42.0 14089
1767284115317 42.0 14099
1767284117047 42.0 14109
1767284118774 42.0 14119
1767284120500 42.0 14129
1767284122236 42.0 14139
1767284123938 42.0 14149
1767284125644 42.0 14159
1767284127340 42.0 14169
1767284129044 42.0 14179
1767284130743 42.0 14189
1767284132450 42.0 14199
1767284134150 42.0 14209
1767284135850 42.0 14219
1767284137560 42.0 14229
1767284139254 42.0 14239
1767284140957 42.0 14249
1767284145578 42.0 14259
1767284147279 42.0 14269
1767284148974 42.0 14279
1767284150674 42.0 14289
1767284152385 42.0 14299
1767284154102 42.0 14309
1767284155812 42.0 14319
1767284157531 42.0 14329
1767284159246 42.0 14339
1767284160956 42.0 14349
1767284162663 42.0 14359
1767284164376 42.0 14369
1767284166092 42.0 14379
1767284167802 42.0 14389
1767284169520 42.0 14399
1767284174527 42.0 14404
1767284175635 43.0 14409
1767284180288 43.0 14419
1767284182004 43.0 14429
1767284183726 43.0 14439
1767284185451 43.0 14449
1767284187178 43.0 14459
1767284188902 43.0 14469
1767284190628 43.0 14479
1767284192352 43.0 14489
1767284194080 43.0 14499
1767284195800 43.0 14509
1767284197531 43.0 14519
1767284199250 43.0 14529
1767284200985 43.0 14539
1767284202709 43.0 14549
1767284204432 43.0 14559
1767284206162 43.0 14569
1767284207890 43.0 14579
1767284209613 43.0 14589
1767284211340 43.0 14599
1767284215998 43.0 14609
1767284217725 43.0 14619
1767284219451 43.0 14629
1767284221176 43.0 14639
1767284222906 43.0 14649
1767284224630 43.0 14659
1767284226366 43.0 14669
1767284228094 43.0 14679
1767284229824 43.0 14689
1767284231548 43.0 14699
1767284233276 43.0 14709
1767284234999 43.0 14719
1767284236725 43.0 14729
1767284238655 43.0 14739
1767284242644 43.0 14739
1767284244634 44.0 14749
1767284246367 44.0 14759
1767284251016 44.0 14769
1767284252735 44.0 14779
1767284254459 44.0 14789
1767284256178 44.0 14799
1767284257897 44.0 14809
1767284259607 44.0 14819
1767284261301 44.0 14829
1767284263003 44.0 14839
1767284264703 44.0 14849
1767284266398 44.0 14859
1767284268092 44.0 14869
1767284269795 44.0 14879
1767284271487 44.0 14889
1767284273188 44.0 14899
1767284274893 44.0 14909
1767284276589 44.0 14919
1767284278278 44.0 14929
1767284279976 44.0 14939
1767284281665 44.0 14949
1767284286291 44.0 14959
1767284288001 44.0 14969
1767284289707 44.0 14979
1767284291420 44.0 14989
1767284293125 44.0 14999
1767284294838 44.0 15009
1767284296541 44.0 15019
1767284298248 44.0 15029
1767284299954 44.0 15039
1767284301667 44.0 15049
1767284303370 44.0 15059
1767284305079 44.0 15069
1767284310086 44.0 15074
1767284311180 45.0 15079
1767284312897 45.0 15089
1767284314600 45.0 15099
1767284316316 45.0 15109
1767284320954 45.0 15119
1767284322668 45.0 15129
1767284324378 45.0 15139
1767284326088 45.0 15149
1767284327799 45.0 15159
1767284329506 45.0 15169
1767284331213 45.0 15179
1767284332922 45.0 15189
1767284334637 45.0 15199
1767284336343 45.0 15209
1767284338058 45.0 15219
1767284339762 45.0 15229
1767284341474 45.0 15239
1767284343190 45.0 15249
1767284344903 45.0 15259
1767284346618 45.0 15269
1767284348344 45.0 15279
1767284350067 45.0 15289
1767284351793 45.0 15299
1767284356446 45.0 15309
1767284358175 45.0 15319
1767284359902 45.0 15329
1767284361629 45.0 15339
1767284363352 45.0 15349
1767284365077 45.0 15359
1767284366802 45.0 15369
1767284368519 45.0 15379
1767284370244 45.0 15389
1767284371962 45.0 15399
1767284373896 45.0 15409
1767284377875 45.0 15409
1767284379857 46.0 15419
1767284381577 46.0 15429
1767284383294 46.0 15439
1767284385018 46.0 15449
1767284386736 46.0 15459
1767284391386 46.0 15469
1767284393103 46.0 15479
1767284394825 46.0 15489
1767284396515 46.0 15499
1767284398211 46.0 15509
1767284399911 46.0 15519
1767284401607 46.0 15529
1767284403302 46.0 15539
1767284404996 46.0 15549
1767284406710 46.0 15559
1767284408404 46.0 15569
1767284410099 46.0 15579
1767284411794 46.0 15589
1767284413489 46.0 15599
1767284415183 46.0 15609
1767284416886 46.0 15619
1767284418576 46.0 15629
1767284420280 46.0 15639
1767284421989 46.0 15649
1767284426631 46.0 15659
1767284428341 46.0 15669
1767284430054 46.0 15679
1767284431765 46.0 15689
1767284433471 46.0 15699
1767284435198 46.0 15709
1767284436917 46.0 15719
1767284438643 46.0 15729
1767284440362 46.0 15739
1767284445395 46.0 15744
1767284446598 47.0 15749
1767284448320 47.0 15759
1767284450054 47.0 15769
1767284451774 47.0 15779
1767284453494 47.0 15789
1767284455207 47.0 15799
1767284456915 47.0 15809
1767284461547 47.0 15819
1767284463254 47.0 15829
1767284464960 47.0 15839
1767284466670 47.0 15849
1767284468374 47.0 15859
1767284470085 47.0 15869
1767284471793 47.0 15879
1767284473502 47.0 15889
1767284475206 47.0 15899
1767284476912 47.0 15909
1767284478619 47.0 15919
1767284480322 47.0 15929
1767284482031 47.0 15939
1767284483735 47.0 15949
1767284485445 47.0 15959
1767284487150 47.0 15969
1767284488858 47.0 15979
1767284490562 47.0 15989
1767284492271 47.0 15999
1767284496905 47.0 16009
1767284498611 47.0 16019
1767284500316 47.0 16029
1767284502018 47.0 16039
1767284503718 47.0 16049
1767284505406 47.0 16059
1767284507096 47.0 16069
1767284508985 47.0 16079
1767284512915 47.0 16079
1767284514842 48.0 16089
1767284516533 48.0 16099
1767284518221 48.0 16109
1767284519906 48.0 16119
1767284521598 48.0 16129
1767284523296 48.0 16139
1767284524998 48.0 16149
1767284526696 48.0 16159
1767284528402 48.0 16169
1767284533043 48.0 16179
1767284534756 48.0 16189
1767284536464 48.0 16199
1767284538175 48.0 16209
1767284539879 48.0 16219
1767284541574 48.0 16229
1767284543267 48.0 16239
1767284544966 48.0 16249
1767284546658 48.0 16259
1767284548355 48.0 16269
1767284550050 48.0 16279
1767284551742 48.0 16289
1767284553434 48.0 16299
1767284555129 48.0 16309
1767284556832 48.0 16319
1767284558526 48.0 16329
1767284560215 48.0 16339
1767284561908 48.0 16349
1767284563601 48.0 16359
1767284568213 48.0 16369
1767284569902 48.0 16379
1767284571594 48.0 16389
1767284573283 48.0 16399
1767284574975 48.0 16409
1767284579929 48.0 16414
