1767281285202 2.773517608642578 9
1767281286860 2.6319618225097656 19
1767281288516 2.4976234436035156 29
1767281290175 2.35479736328125 39
1767281291833 2.4889068603515625 49
1767281293495 2.420469284057617 59
1767281298098 2.5329103469848633 69
1767281299762 2.3375768661499023 79
1767281301419 2.3104724884033203 89
1767281303088 2.129969596862793 99
1767281304785 2.2421722412109375 109
1767281306503 2.2589969635009766 119
1767281308181 2.2145156860351562 129
1767281309854 2.171741485595703 139
1767281311540 2.0810699462890625 149
1767281313228 2.3222312927246094 159
1767281314892 2.417778491973877 169
1767281316561 2.168119430541992 179
1767281318233 2.231342315673828 189
1767281319901 2.0684494972229004 199
1767281321593 2.2468414306640625 209
1767281323270 2.12091064453125 219
1767281324959 2.0113773345947266 229
1767281326675 2.0968284606933594 239
1767281328394 2.1129655838012695 249
1767281333011 2.159984588623047 259
1767281334701 2.190082550048828 269
1767281336386 2.1978721618652344 279
1767281338072 2.0399703979492188 289
1767281339761 2.1773681640625 299
1767281341444 2.258270263671875 309
1767281343134 2.080686569213867 319
1767281344831 1.9750385284423828 329
1767281350904 2.444040298461914 339
1767281352600 2.118642807006836 349
1767281354285 2.144247055053711 359
1767281355980 2.085296630859375 369
1767281357675 2.0358810424804688 379
1767281359363 2.1539835929870605 389
1767281361054 2.015507698059082 399
1767281362746 1.9803657531738281 409
1767281364439 2.0666255950927734 419
1767281369061 2.0771560668945312 429
1767281370760 1.9531469345092773 439
1767281372452 2.303802490234375 449
1767281374143 2.095571517944336 459
1767281375850 1.9685659408569336 469
1767281377566 1.9271960258483887 479
1767281379272 1.896803855895996 489
1767281380979 2.143770217895508 499
1767281382677 2.0516929626464844 509
1767281384415 1.9777956008911133 519
1767281386137 2.0268917083740234 529
1767281387834 1.8471450805664062 539
1767281389540 1.967123031616211 549
1767281391252 2.0681228637695312 559
1767281392962 1.9876337051391602 569
1767281394657 1.9688262939453125 579
1767281396363 1.8703243732452393 589
1767281398059 2.0739870071411133 599
1767281399753 1.8371620178222656 609
1767281404369 2.0396499633789062 619
1767281406072 2.5993642807006836 629
1767281407787 2.4354870319366455 639
1767281409488 2.3074440956115723 649
1767281411174 2.159137487411499 659
1767281413073 2.2137227058410645 669
1767281418976 2.2010374069213867 679
1767281420673 2.056796073913574 689
1767281422380 2.1019506454467773 699
1767281424115 2.133410930633545 709
1767281425844 2.0807318687438965 719
1767281427550 2.0706615447998047 729
1767281429289 2.083467483520508 739
1767281431019 2.0665745735168457 749
1767281432769 2.0494918823242188 759
1767281434510 1.8698344230651855 769
1767281439165 1.8062858581542969 779
1767281440882 2.20001220703125 789
1767281442596 2.090054988861084 799
1767281444320 2.2001514434814453 809
1767281446032 2.1055068969726562 819
1767281447760 2.101210594177246 829
1767281449505 2.048494338989258 839
1767281451266 1.9774971008300781 849
1767281453010 2.0832672119140625 859
1767281454747 2.0895423889160156 869
1767281456461 2.022007703781128 879
1767281458178 2.050605535507202 889
1767281459918 1.8989801406860352 899
1767281461669 1.9489028453826904 909
1767281463378 1.8745994567871094 919
1767281465118 1.9217135906219482 929
1767281466867 1.864654541015625 939
1767281468596 1.8867154121398926 949
1767281473216 1.971613883972168 959
1767281474930 1.8891606330871582 969
1767281476647 1.870640754699707 979
1767281478349 1.8662168979644775 989
1767281480076 2.0136947631835938 999
1767281486306 1.841923475265503 1009
1767281488016 1.9206514358520508 1019
1767281489726 1.809453010559082 1029
1767281491433 2.017393112182617 1039
1767281493133 1.9132213592529297 1049
1767281494854 1.9208807945251465 1059
1767281496564 1.89188814163208 1069
1767281498253 1.8949666023254395 1079
1767281499960 2.209221839904785 1089
1767281501674 2.3653059005737305 1099
1767281503392 2.2947964668273926 1109
1767281505080 2.0962719917297363 1119
1767281509688 2.0574960708618164 1129
1767281511368 2.0550248622894287 1139
1767281513041 1.898271083831787 1149
1767281514723 1.8559504747390747 1159
1767281516397 1.9379301071166992 1169
1767281518088 1.8735809326171875 1179
1767281519800 1.8430066108703613 1189
1767281521542 1.8510065078735352 1199
1767281523274 1.781740665435791 1209
1767281524984 2.0015459060668945 1219
1767281526718 1.8133044242858887 1229
1767281528439 1.7969648838043213 1239
1767281530146 1.727324366569519 1249
1767281531862 1.810770034790039 1259
1767281533576 1.686143398284912 1269
1767281535284 1.808845043182373 1279
1767281536982 1.7803969383239746 1289
1767281538673 1.854557991027832 1299
1767281540371 2.034677743911743 1309
1767281544999 2.142245292663574 1319
1767281546704 1.807755708694458 1329
1767281548604 2.0450470447540283 1339
1767281554492 1.8807759284973145 1349
1767281556192 1.7959020137786865 1359
1767281557892 1.867896556854248 1369
1767281559591 2.007939338684082 1379
1767281561296 1.8800723552703857 1389
1767281562994 1.8704301118850708 1399
1767281564691 1.9506454467773438 1409
1767281566385 1.891664981842041 1419
1767281568085 2.0118913650512695 1429
1767281569774 1.683372974395752 1439
1767281571456 1.761430025100708 1449
1767281573139 1.790231466293335 1459
1767281574818 1.5863932371139526 1469
1767281579425 1.7565135955810547 1479
1767281581104 1.8030719757080078 1489
1767281582785 1.9309749603271484 1499
1767281584464 1.7292208671569824 1509
1767281586152 1.6989660263061523 1519
1767281587833 1.8969478607177734 1529
1767281589513 1.6884546279907227 1539
1767281591194 1.7871513366699219 1549
1767281592873 1.8033931255340576 1559
1767281594555 1.8629220724105835 1569
1767281596235 1.8232450485229492 1579
1767281597935 2.014402389526367 1589
1767281599623 1.8781019449234009 1599
1767281601313 1.9810686111450195 1609
1767281602999 2.0738325119018555 1619
1767281604686 2.0314865112304688 1629
1767281606372 1.8065605163574219 1639
1767281608060 1.8254389762878418 1649
1767281609754 1.8582285642623901 1659
1767281614382 1.7258929014205933 1669
1767281620469 1.8568594455718994 1679
1767281622160 1.752342700958252 1689
1767281623852 1.9522106647491455 1699
1767281625548 1.810913324356079 1709
1767281627252 1.8365545272827148 1719
1767281628954 1.837052822113037 1729
1767281630650 1.766388177871704 1739
1767281632344 1.8954806327819824 1749
1767281634039 1.8990535736083984 1759
1767281635732 1.8543109893798828 1769
1767281637428 1.8428144454956055 1779
1767281639118 1.7221319675445557 1789
1767281640818 1.7535018920898438 1799
1767281642514 1.6701126098632812 1809
1767281644222 1.6338129043579102 1819
1767281645923 1.8072090148925781 1829
1767281650546 1.7327260971069336 1839
1767281652234 1.7439002990722656 1849
1767281653912 1.8512858152389526 1859
1767281655591 1.7840728759765625 1869
1767281657264 1.7468392848968506 1879
1767281658942 1.7164785861968994 1889
1767281660614 1.7480792999267578 1899
1767281662287 1.7861709594726562 1909
1767281663955 1.8153395652770996 1919
1767281665633 1.6672348976135254 1929
1767281667303 1.6939537525177002 1939
1767281668979 1.890878677368164 1949
1767281670661 1.7555475234985352 1959
1767281672344 1.6918830871582031 1969
1767281674022 1.8422648906707764 1979
1767281675702 1.951088309288025 1989
1767281677385 1.8832101821899414 1999
1767281679271 1.58979332447052 2009
1767281688037 1.9680731296539307 2019
1767281689729 2.041895866394043 2029
1767281691423 1.7169685363769531 2039
1767281693115 1.9479620456695557 2049
1767281694809 1.7835942506790161 2059
1767281696501 1.6864066123962402 2069
1767281698199 1.7591360807418823 2079
1767281699899 1.7848126888275146 2089
1767281701598 1.733870267868042 2099
1767281703294 1.6940534114837646 2109
1767281704984 1.80716872215271 2119
1767281706664 1.785125732421875 2129
1767281708363 1.7879948616027832 2139
1767281710064 1.9438340663909912 2149
1767281711764 1.703154444694519 2159
1767281713462 1.7877920866012573 2169
1767281715159 1.7904167175292969 2179
1767281719787 1.7424488067626953 2189
1767281721463 1.7258539199829102 2199
1767281723143 1.622342824935913 2209
1767281724819 1.6332340240478516 2219
1767281726496 1.7373929023742676 2229
1767281728170 1.719254970550537 2239
1767281729848 1.8132824897766113 2249
1767281731518 1.729013442993164 2259
1767281733205 1.8285611867904663 2269
1767281734900 1.8991484642028809 2279
1767281736582 1.5048341751098633 2289
1767281738262 1.6285972595214844 2299
1767281739949 1.552666425704956 2309
1767281741630 1.4854810237884521 2319
1767281743312 1.6754378080368042 2329
1767281744999 1.6173635721206665 2339
1767281751041 1.6692547798156738 2349
1767281755660 1.716993808746338 2359
1767281757356 1.7174873352050781 2369
1767281759050 1.7049312591552734 2379
1767281760744 1.6333125829696655 2389
1767281762439 1.6587650775909424 2399
1767281764131 1.722931146621704 2409
1767281765829 1.603902816772461 2419
1767281767525 1.8287084102630615 2429
1767281769220 1.620560884475708 2439
1767281770914 1.659460425376892 2449
1767281772611 1.6085925102233887 2459
1767281774307 1.5094106197357178 2469
1767281776001 1.7388782501220703 2479
1767281777703 1.6585652828216553 2489
1767281779395 1.6777329444885254 2499
1767281781093 1.629507064819336 2509
1767281782796 1.666144609451294 2519
1767281784497 1.690905213356018 2529
1767281786194 1.7461304664611816 2539
1767281790826 1.6872972249984741 2549
1767281792528 1.703303575515747 2559
1767281794215 1.7648718357086182 2569
1767281795905 1.6154420375823975 2579
1767281797618 1.568537712097168 2589
1767281799365 1.622287392616272 2599
1767281801094 1.6936274766921997 2609
1767281802807 1.5692554712295532 2619
1767281804517 1.576979160308838 2629
1767281806248 1.5667955875396729 2639
1767281807993 1.810892105102539 2649
1767281809733 1.645108938217163 2659
1767281811451 1.652376413345337 2669
1767281813362 1.5899392366409302 2679
1767281819256 1.595656394958496 2689
1767281820968 1.8331222534179688 2699
1767281825611 1.580917477607727 2709
1767281827333 1.7509948015213013 2719
1767281829057 1.7231369018554688 2729
1767281830784 1.7988739013671875 2739
1767281832502 1.7288353443145752 2749
1767281834214 1.815370798110962 2759
1767281835923 1.6693859100341797 2769
1767281837651 1.797444462776184 2779
1767281839416 1.616847038269043 2789
1767281841138 1.748464584350586 2799
1767281842850 1.5729306936264038 2809
1767281844570 1.779278039932251 2819
1767281846317 1.6479847431182861 2829
1767281848040 1.5462496280670166 2839
1767281849776 1.5873668193817139 2849
1767281851488 1.5961586236953735 2859
1767281853198 1.6725223064422607 2869
1767281854904 1.6065406799316406 2879
1767281856612 1.7435190677642822 2889
1767281861238 1.6037852764129639 2899
1767281862947 1.5949609279632568 2909
1767281864652 1.698667049407959 2919
1767281866360 1.710524320602417 2929
1767281868063 1.4613274335861206 2939
1767281869769 1.5278136730194092 2949
1767281871471 1.6027828454971313 2959
1767281873177 1.4606411457061768 2969
1767281874880 1.5729632377624512 2979
1767281876586 1.5094926357269287 2989
1767281878296 1.547098159790039 2999
1767281880019 1.5887387990951538 3009
1767281886163 1.517340898513794 3019
1767281887865 1.4776911735534668 3029
1767281889563 1.5780240297317505 3039
1767281891268 1.5411467552185059 3049
1767281895909 1.466267704963684 3059
1767281897614 1.6349475383758545 3069
1767281899330 1.6992510557174683 3079
1767281901028 1.8203814029693604 3089
1767281902737 1.6131106615066528 3099
1767281904436 1.534475326538086 3109
1767281906147 1.536646842956543 3119
1767281907847 1.6026030778884888 3129
1767281909561 1.4980437755584717 3139
1767281911267 1.503002643585205 3149
1767281912973 1.5489037036895752 3159
1767281914676 1.6312034130096436 3169
1767281916388 1.5128326416015625 3179
1767281918101 1.6520898342132568 3189
1767281919804 1.3942127227783203 3199
1767281921530 1.6856508255004883 3209
1767281923232 1.582043170928955 3219
1767281924931 1.542851448059082 3229
1767281926627 1.4454004764556885 3239
1767281931261 1.4347379207611084 3249
1767281932946 1.6966578960418701 3259
1767281934630 1.6166558265686035 3269
1767281936308 1.615456223487854 3279
1767281937997 1.6228559017181396 3289
1767281939680 1.600156307220459 3299
1767281941370 1.5341486930847168 3309
1767281943055 1.6229711771011353 3319
1767281944752 1.4994802474975586 3329
1767281946441 1.4009135961532593 3339
1767281948326 1.6706688404083252 3349
1767281954233 1.6400319337844849 3359
1767281955950 1.4844510555267334 3369
1767281957678 1.5046710968017578 3379
1767281959398 1.6781724691390991 3389
1767281961150 1.3722279071807861 3399
1767281965836 1.6421737670898438 3409
1767281967555 1.4614028930664062 3419
1767281969271 1.4452577829360962 3429
1767281970985 1.5165297985076904 3439
1767281972711 1.4409804344177246 3449
1767281974429 1.6743494272232056 3459
1767281976142 1.5799908638000488 3469
1767281977862 1.5848888158798218 3479
1767281979579 1.574662446975708 3489
1767281981303 1.5316646099090576 3499
1767281983023 1.5099232196807861 3509
1767281984737 1.529510498046875 3519
1767281986455 1.5643230676651 3529
1767281988174 1.5171313285827637 3539
1767281989887 1.4563064575195312 3549
1767281991598 1.522392749786377 3559
1767281993315 1.38536536693573 3569
1767281995027 1.4599004983901978 3579
1767281996745 1.3746358156204224 3589
1767282001390 1.8154096603393555 3599
1767282003117 1.5323545932769775 3609
1767282004832 1.5507683753967285 3619
1767282006544 1.4759061336517334 3629
1767282008256 1.5221210718154907 3639
1767282009975 1.5878061056137085 3649
1767282011687 1.5359293222427368 3659
1767282013388 1.5410212278366089 3669
1767282015095 1.3896801471710205 3679
1767282021184 1.4142515659332275 3689
1767282022896 1.503009557723999 3699
1767282024590 1.573122501373291 3709
1767282026293 1.5231420993804932 3719
1767282027989 1.5084483623504639 3729
1767282029687 1.6758366823196411 3739
1767282031383 1.5314321517944336 3749
1767282036013 1.4052168130874634 3759
1767282037707 1.5097601413726807 3769
1767282039412 1.5954188108444214 3779
1767282041125 1.5212678909301758 3789
1767282042838 1.5298287868499756 3799
1767282044552 1.602604866027832 3809
1767282046270 1.7012182474136353 3819
1767282047981 1.6551843881607056 3829
1767282049688 1.6757529973983765 3839
1767282051406 1.653097152709961 3849
1767282053120 1.5745878219604492 3859
1767282054829 1.6040621995925903 3869
1767282056540 1.5173799991607666 3879
1767282058255 1.6020944118499756 3889
1767282059971 1.693204402923584 3899
1767282061680 1.622465968132019 3909
1767282063394 1.5048041343688965 3919
1767282065109 1.5918112993240356 3929
1767282066820 1.5142123699188232 3939
1767282071475 1.5303854942321777 3949
1767282073203 1.5492116212844849 3959
1767282074914 1.714735984802246 3969
1767282076623 1.4557220935821533 3979
1767282078334 1.4938501119613647 3989
1767282080050 1.5148444175720215 3999
1767282081773 1.5888862609863281 4009
1767282083696 1.53992760181427 4019
1767282089643 1.4378297328948975 4029
1767282091361 1.660141944885254 4039
1767282093082 1.5851259231567383 4049
1767282094777 1.507455825805664 4059
1767282096470 1.7052645683288574 4069
1767282098161 1.5411256551742554 4079
1767282099856 1.5680519342422485 4089
1767282101557 1.4861242771148682 4099
1767282103275 1.3545427322387695 4109
1767282107916 1.4595519304275513 4119
1767282109614 1.54385244846344 4129
1767282111330 1.3977352380752563 4139
1767282113041 1.4373629093170166 4149
1767282114737 1.4924310445785522 4159
1767282116433 1.5901782512664795 4169
1767282118131 1.541861653327942 4179
1767282119852 1.565457820892334 4189
1767282121592 1.4143484830856323 4199
1767282123315 1.534970760345459 4209
1767282125030 1.5897538661956787 4219
1767282126751 1.5075093507766724 4229
1767282128484 1.3503056764602661 4239
1767282130220 1.6785248517990112 4249
1767282131946 1.424973726272583 4259
1767282133673 1.4487282037734985 4269
1767282135394 1.3969261646270752 4279
1767282137101 1.51827073097229 4289
1767282141738 1.623208999633789 4299
1767282143451 1.305368423461914 4309
1767282145163 1.5718213319778442 4319
1767282146875 1.3419950008392334 4329
1767282148578 1.3408647775650024 4339
1767282150279 1.4119051694869995 4349
1767282156383 1.5041677951812744 4359
1767282158085 1.4705357551574707 4369
1767282159787 1.5001213550567627 4379
1767282161507 1.3449965715408325 4389
1767282163227 1.6017241477966309 4399
1767282164942 1.4987525939941406 4409
1767282166657 1.4558568000793457 4419
1767282168376 1.5510708093643188 4429
1767282170096 1.3858518600463867 4439
1767282171820 1.2931904792785645 4449
1767282173542 1.4372142553329468 4459
1767282178191 1.353420376777649 4469
1767282179904 1.3156025409698486 4479
1767282181628 1.459347128868103 4489
1767282183390 1.398490071296692 4499
1767282185100 1.4457457065582275 4509
1767282186835 1.4704070091247559 4519
1767282188641 1.4190973043441772 4529
1767282190488 1.4838953018188477 4539
1767282192265 1.3801143169403076 4549
1767282194039 1.454956293106079 4559
1767282195773 1.3438441753387451 4569
1767282197484 1.4895399808883667 4579
1767282199203 1.5223429203033447 4589
1767282200905 1.3204693794250488 4599
1767282202617 1.4953407049179077 4609
1767282204331 1.246697187423706 4619
1767282206049 1.3796449899673462 4629
1767282207772 1.4463285207748413 4639
1767282212415 1.445317268371582 4649
1767282214130 1.4937337636947632 4659
1767282215879 1.3500878810882568 4669
1767282217599 1.47152578830719 4679
1767282219566 1.4428160190582275 4689
1767282225549 1.4595403671264648 4699
1767282227282 1.3521947860717773 4709
1767282228999 1.3586875200271606 4719
1767282230708 1.5268580913543701 4729
1767282232423 1.4020916223526 4739
1767282234126 1.3772501945495605 4749
1767282235843 1.4441652297973633 4759
1767282237555 1.3649413585662842 4769
1767282239257 1.3609271049499512 4779
1767282240970 1.4171730279922485 4789
1767282242675 1.5011956691741943 4799
1767282247312 1.4859530925750732 4809
1767282249010 1.5476205348968506 4819
1767282250720 1.5919771194458008 4829
1767282252417 1.5139223337173462 4839
1767282254126 1.5029857158660889 4849
1767282255833 1.3926682472229004 4859
1767282257532 1.4316227436065674 4869
1767282259235 1.5022388696670532 4879
1767282260934 1.3699572086334229 4889
1767282262632 1.4616047143936157 4899
1767282264330 1.6192409992218018 4909
1767282266026 1.4513270854949951 4919
1767282267724 1.4606105089187622 4929
1767282269420 1.4420274496078491 4939
1767282271116 1.5098750591278076 4949
1767282272816 1.5114023685455322 4959
1767282274508 1.470159888267517 4969
1767282276206 1.519312858581543 4979
1767282277897 1.4884287118911743 4989
1767282282528 1.4180757999420166 4999
1767282284227 1.4990473985671997 5009
1767282285934 1.3223057985305786 5019
1767282292100 1.4036630392074585 5029
1767282293810 1.3613181114196777 5039
1767282295512 1.3592207431793213 5049
1767282297214 1.395993709564209 5059
1767282298917 1.3448275327682495 5069
1767282300619 1.612727403640747 5079
1767282302321 1.5029571056365967 5089
1767282304024 1.3772835731506348 5099
1767282305725 1.5138843059539795 5109
1767282307423 1.3494024276733398 5119
1767282309130 1.4498100280761719 5129
1767282310826 1.493479609489441 5139
1767282312530 1.4509586095809937 5149
1767282314231 1.517155408859253 5159
1767282318889 1.5927660465240479 5169
1767282320581 1.4033043384552002 5179
1767282322287 1.343988299369812 5189
1767282323987 1.44580078125 5199
1767282325685 1.3444175720214844 5209
1767282327380 1.282507061958313 5219
1767282329087 1.359581708908081 5229
1767282330786 1.3486781120300293 5239
1767282332487 1.3997185230255127 5249
1767282334192 1.354569911956787 5259
1767282335891 1.3733675479888916 5269
1767282337594 1.40700101852417 5279
1767282339295 1.2733745574951172 5289
1767282341002 1.3219643831253052 5299
1767282342714 1.409592628479004 5309
1767282344442 1.491241693496704 5319
1767282346175 1.3542331457138062 5329
1767282347901 1.3794668912887573 5339
1767282349641 1.3883163928985596 5349
1767282354552 1.489073395729065 5359
1767282360590 1.4447057247161865 5369
1767282362305 1.362291932106018 5379
1767282364010 1.435525894165039 5389
1767282365710 1.3290293216705322 5399
1767282367412 1.3634803295135498 5409
1767282369121 1.4937412738800049 5419
1767282370847 1.4828425645828247 5429
1767282372582 1.3119513988494873 5439
1767282374330 1.3017258644104004 5449
1767282376069 1.3583416938781738 5459
1767282377788 1.3294284343719482 5469
1767282379517 1.3470888137817383 5479
1767282381241 1.3307654857635498 5489
1767282382989 1.4727879762649536 5499
1767282384737 1.146626353263855 5509
1767282389376 1.3076772689819336 5519
1767282391099 1.2852957248687744 5529
1767282392848 1.3743443489074707 5539
1767282394580 1.3652756214141846 5549
1767282396322 1.1453927755355835 5559
1767282398063 1.331878900527954 5569
1767282399791 1.2478089332580566 5579
1767282401497 1.3722902536392212 5589
1767282403202 1.2912789583206177 5599
1767282404906 1.290626049041748 5609
1767282406614 1.2271479368209839 5619
1767282408351 1.2992048263549805 5629
1767282410064 1.3461031913757324 5639
1767282411763 1.4355673789978027 5649
1767282413499 1.4149854183197021 5659
1767282415194 1.319307804107666 5669
1767282416928 1.2435686588287354 5679
1767282418650 1.2889842987060547 5689
1767282427708 1.3397212028503418 5699
1767282429409 1.3441914319992065 5709
1767282431109 1.3563525676727295 5719
1767282432809 1.2559990882873535 5729
1767282434509 1.4964945316314697 5739
1767282436207 1.3838380575180054 5749
1767282437903 1.162607192993164 5759
1767282439602 1.3830208778381348 5769
1767282441303 1.43168044090271 5779
1767282443003 1.3274258375167847 5789
1767282444705 1.283878207206726 5799
1767282446395 1.2461555004119873 5809
1767282448079 1.1188693046569824 5819
1767282449770 1.3508975505828857 5829
1767282451455 1.3155592679977417 5839
1767282453145 1.2321110963821411 5849
1767282454827 1.3400793075561523 5859
1767282459443 1.2859838008880615 5869
1767282461141 1.2445322275161743 5879
1767282462831 1.3440014123916626 5889
1767282464520 1.3002089262008667 5899
1767282466215 1.234519362449646 5909
1767282467920 1.2015800476074219 5919
1767282469615 1.2163556814193726 5929
1767282471314 1.2503587007522583 5939
1767282473020 1.4611163139343262 5949
1767282474736 1.260094165802002 5959
1767282476445 1.3100271224975586 5969
1767282478160 1.2436883449554443 5979
1767282479874 1.3554532527923584 5989
1767282481582 1.2067233324050903 5999
1767282483281 1.3000942468643188 6009
1767282484987 1.3320105075836182 6019
1767282486895 1.428518533706665 6029
1767282495747 1.152849555015564 6039
1767282497453 1.2074369192123413 6049
1767282499156 1.1797491312026978 6059
1767282500861 1.3315929174423218 6069
1767282502567 1.3018462657928467 6079
1767282504268 1.2642357349395752 6089
1767282505964 1.3252562284469604 6099
1767282507669 1.2425189018249512 6109
1767282509366 1.1376498937606812 6119
1767282511068 1.3431377410888672 6129
1767282512773 1.2951632738113403 6139
1767282514477 1.1385574340820312 6149
1767282516173 1.1828725337982178 6159
1767282517874 1.2502081394195557 6169
1767282519572 1.2647008895874023 6179
1767282521271 1.1507160663604736 6189
1767282522967 1.237461805343628 6199
1767282524669 1.2748229503631592 6209
1767282526370 1.1570460796356201 6219
1767282528074 1.3553993701934814 6229
1767282529781 1.2294232845306396 6239
1767282531488 1.363734483718872 6249
1767282533202 1.165163516998291 6259
1767282534912 1.2519932985305786 6269
1767282536626 1.1446173191070557 6279
1767282538335 1.311313271522522 6289
1767282540049 1.3537092208862305 6299
1767282546071 1.448489785194397 6309
1767282547792 1.428895354270935 6319
1767282549500 1.2289421558380127 6329
1767282551213 1.439669132232666 6339
1767282552932 1.498598575592041 6349
1767282554644 1.3820072412490845 6359
1767282560737 1.2434018850326538 6369
1767282562452 1.3102561235427856 6379
1767282564159 1.3122749328613281 6389
1767282565867 2.182347536087036 6399
1767282567583 2.2406256198883057 6409
1767282569297 2.4568796157836914 6419
1767282571012 2.126931667327881 6429
1767282572734 1.8875834941864014 6439
1767282574454 1.9322433471679688 6449
1767282576168 1.8813508749008179 6459
1767282580814 1.6330832242965698 6469
1767282582523 1.7778747081756592 6479
1767282584222 1.6342853307724 6489
1767282585914 1.753907322883606 6499
1767282587611 1.4756226539611816 6509
1767282589301 1.6802611351013184 6519
1767282591003 1.7877366542816162 6529
1767282592698 1.7301336526870728 6539
1767282594394 1.835409164428711 6549
1767282596094 1.6544488668441772 6559
1767282597796 1.9039850234985352 6569
1767282599494 1.7483348846435547 6579
1767282601202 1.6588689088821411 6589
1767282602913 1.7180546522140503 6599
1767282604625 1.7537660598754883 6609
1767282606336 1.600433349609375 6619
1767282608040 1.7248879671096802 6629
1767282609749 1.6984224319458008 6639
1767282611454 1.5067832469940186 6649
1767282616099 1.522505760192871 6659
1767282617807 1.6633367538452148 6669
1767282619515 1.5626853704452515 6679
1767282621225 1.5255811214447021 6689
1767282623135 1.7332357168197632 6699
1767282629021 1.7298367023468018 6709
1767282630732 1.4748705625534058 6719
1767282632452 1.6477735042572021 6729
1767282634176 1.4650123119354248 6739
1767282635892 1.5755051374435425 6749
1767282637606 1.7835726737976074 6759
1767282639320 1.5610116720199585 6769
1767282641032 1.701609492301941 6779
1767282642750 1.478081464767456 6789
1767282644474 1.6567898988723755 6799
1767282646199 1.486038327217102 6809
1767282650842 1.6115944385528564 6819
1767282652560 1.597804307937622 6829
1767282654274 1.6893959045410156 6839
1767282655992 1.4146159887313843 6849
1767282657701 1.49338698387146 6859
1767282659416 1.5359536409378052 6869
1767282661128 1.4863786697387695 6879
1767282662841 1.4429413080215454 6889
1767282664559 1.6000380516052246 6899
1767282666275 1.520796537399292 6909
1767282667998 1.486863613128662 6919
1767282669720 1.6062875986099243 6929
1767282671440 1.5832206010818481 6939
1767282673163 1.5912549495697021 6949
1767282674883 1.5702085494995117 6959
1767282676601 1.5710334777832031 6969
1767282678323 1.627368450164795 6979
1767282680038 1.5121123790740967 6989
1767282681764 1.7790677547454834 6999
1767282686414 1.5458976030349731 7009
1767282688136 1.6419401168823242 7019
1767282689850 1.6314356327056885 7029
1767282695999 1.523681640625 7039
1767282697712 1.489308476448059 7049
1767282699427 1.6296031475067139 7059
1767282701143 1.5897831916809082 7069
1767282702859 1.5520515441894531 7079
1767282704571 1.4927890300750732 7089
1767282706288 1.4977651834487915 7099
1767282708004 1.3656569719314575 7109
1767282709721 1.3672046661376953 7119
1767282711436 1.3858754634857178 7129
1767282713144 1.5532387495040894 7139
1767282714869 1.42437744140625 7149
1767282716583 1.4084686040878296 7159
1767282721204 1.396396279335022 7169
1767282722901 1.3680773973464966 7179
1767282724596 1.258094310760498 7189
1767282726288 1.3589144945144653 7199
1767282727989 1.4560962915420532 7209
1767282729692 1.4318838119506836 7219
1767282731412 1.274620771408081 7229
1767282733111 1.568887710571289 7239
1767282734810 1.5054467916488647 7249
1767282736515 1.3794442415237427 7259
1767282738226 1.4185116291046143 7269
1767282739935 1.5488817691802979 7279
1767282741649 1.2629026174545288 7289
1767282743357 1.3166016340255737 7299
1767282745067 1.423764944076538 7309
1767282746775 1.4829779863357544 7319
1767282748488 1.449334740638733 7329
1767282750195 1.586235761642456 7339
1767282751903 1.3767940998077393 7349
1767282756542 1.3862693309783936 7359
1767282758453 1.3463313579559326 7369
1767282764374 1.5049309730529785 7379
1767282766075 1.3973246812820435 7389
1767282767779 1.3820539712905884 7399
1767282769480 1.459250807762146 7409
1767282771186 1.453187346458435 7419
1767282772885 1.5468864440917969 7429
1767282774585 1.544325828552246 7439
1767282776286 1.421230673789978 7449
1767282777985 1.2771649360656738 7459
1767282779682 1.344537615776062 7469
1767282781377 1.4329712390899658 7479
1767282783077 1.426326870918274 7489
1767282784776 1.4346879720687866 7499
1767282786476 1.373457431793213 7509
1767282788173 1.398179292678833 7519
1767282792804 1.3112242221832275 7529
1767282794510 1.6064937114715576 7539
1767282796213 1.6867797374725342 7549
1767282797918 1.4786241054534912 7559
1767282799628 1.292680263519287 7569
1767282801328 1.40096116065979 7579
1767282803058 1.4279882907867432 7589
1767282804774 1.4690783023834229 7599
1767282806495 1.428066372871399 7609
1767282808211 1.5361679792404175 7619
1767282809931 1.4874563217163086 7629
1767282811649 1.43465256690979 7639
1767282813366 1.455902338027954 7649
1767282815095 1.498852014541626 7659
1767282816816 1.4326503276824951 7669
1767282818532 1.3635156154632568 7679
1767282820252 1.3974967002868652 7689
1767282821978 1.3491489887237549 7699
1767282831090 1.4455459117889404 7709
1767282832803 1.3243038654327393 7719
1767282834516 1.3521058559417725 7729
1767282836227 1.2962514162063599 7739
1767282837938 1.3604164123535156 7749
1767282839650 1.40212082862854 7759
1767282841362 1.437767505645752 7769
1767282843075 1.2484532594680786 7779
1767282844784 1.3879163265228271 7789
1767282846496 1.2992615699768066 7799
1767282848202 1.4279203414916992 7809
1767282849914 1.2697173357009888 7819
1767282851614 1.3292593955993652 7829
1767282853304 1.3793115615844727 7839
1767282854993 1.2801859378814697 7849
1767282856681 1.3774334192276 7859
1767282858370 1.2913014888763428 7869
1767282862989 1.3362138271331787 7879
1767282864687 1.351590633392334 7889
1767282866374 1.3524998426437378 7899
1767282868069 1.4804701805114746 7909
1767282869763 1.3255200386047363 7919
1767282871467 1.392348289489746 7929
1767282873168 1.263182520866394 7939
1767282874871 1.4052093029022217 7949
1767282876570 1.3189010620117188 7959
1767282878272 1.2517726421356201 7969
1767282879977 1.3535478115081787 7979
1767282881678 1.3392986059188843 7989
1767282883393 1.5054848194122314 7999
1767282885104 1.3470120429992676 8009
1767282886823 1.4641120433807373 8019
1767282888551 1.3253874778747559 8029
1767282890491 1.2979638576507568 8039
1767282899361 1.325319528579712 8049
1767282901087 1.2021818161010742 8059
1767282902805 1.4139611721038818 8069
1767282904522 1.2329035997390747 8079
1767282906242 1.2399325370788574 8089
1767282907960 1.3144162893295288 8099
1767282909674 1.2025847434997559 8109
1767282911391 1.3743681907653809 8119
1767282913106 1.1689465045928955 8129
1767282914824 1.264807939529419 8139
1767282916535 1.1281179189682007 8149
1767282918258 1.3504520654678345 8159
1767282919975 1.193954348564148 8169
1767282921696 1.4210516214370728 8179
1767282923415 1.328965663909912 8189
1767282925139 1.2767000198364258 8199
1767282926853 1.3451037406921387 8209
1767282928566 1.3463134765625 8219
1767282933208 1.3597646951675415 8229
1767282934920 1.4299572706222534 8239
1767282936635 1.4641854763031006 8249
1767282938349 1.3807239532470703 8259
1767282940064 1.35872483253479 8269
1767282941773 1.3510472774505615 8279
1767282943484 1.3968876600265503 8289
1767282945192 1.3749778270721436 8299
1767282946907 1.354982614517212 8309
1767282948618 1.2410268783569336 8319
1767282950326 1.3028589487075806 8329
1767282952036 1.4551336765289307 8339
1767282953743 1.2226160764694214 8349
1767282955454 1.0977823734283447 8359
1767282957170 1.492763876914978 8369
1767282963310 1.5268064737319946 8379
1767282967956 1.2201592922210693 8389
1767282969673 1.4577817916870117 8399
1767282971387 1.3113491535186768 8409
1767282973102 1.3861043453216553 8419
1767282974815 1.430163860321045 8429
1767282976532 1.2734403610229492 8439
1767282978250 1.2208881378173828 8449
1767282979965 1.3909344673156738 8459
1767282981677 1.30781888961792 8469
1767282983395 1.343340516090393 8479
1767282985111 1.4440099000930786 8489
1767282986827 1.3912084102630615 8499
1767282988530 1.4064946174621582 8509
1767282990226 1.3515372276306152 8519
1767282991927 1.2383767366409302 8529
1767282993627 1.2470601797103882 8539
1767282995325 1.289126992225647 8549
1767282997024 1.3387761116027832 8559
1767282998722 1.2177417278289795 8569
1767283003355 1.3261669874191284 8579
1767283005049 1.3699829578399658 8589
1767283006741 1.4045499563217163 8599
1767283008459 1.2775508165359497 8609
1767283010164 1.4207839965820312 8619
1767283011874 1.3521993160247803 8629
1767283013582 1.4798647165298462 8639
1767283015290 1.3907712697982788 8649
1767283016996 1.3392266035079956 8659
1767283018703 1.302259087562561 8669
1767283020406 1.1955111026763916 8679
1767283022112 1.4253729581832886 8689
1767283023816 1.4633064270019531 8699
1767283025729 1.2927082777023315 8709
1767283031635 1.231658935546875 8719
1767283033334 1.3655387163162231 8729
1767283037979 1.2521438598632812 8739
1767283039695 1.3053739070892334 8749
1767283041400 1.31111478805542 8759
1767283043105 1.3185946941375732 8769
1767283044811 1.2456388473510742 8779
1767283046516 1.175870656967163 8789
1767283048221 1.320313572883606 8799
1767283049925 1.0997709035873413 8809
1767283051632 1.2015825510025024 8819
1767283053338 1.1927473545074463 8829
1767283055045 1.2800029516220093 8839
1767283056754 1.254474401473999 8849
1767283058463 1.2472236156463623 8859
1767283060177 1.194520354270935 8869
1767283061886 1.2815868854522705 8879
1767283063595 1.2375046014785767 8889
1767283065310 1.1686527729034424 8899
1767283067016 1.309173822402954 8909
1767283068726 1.0741887092590332 8919
1767283073371 1.2997092008590698 8929
1767283075081 1.1056275367736816 8939
1767283076787 1.1629236936569214 8949
1767283078493 1.3044816255569458 8959
1767283080207 1.3401539325714111 8969
1767283081918 1.3058505058288574 8979
1767283083628 1.0386000871658325 8989
1767283085339 1.0887912511825562 8999
1767283087050 1.3412530422210693 9009
1767283088755 1.2127962112426758 9019
1767283090464 1.1627267599105835 9029
1767283092178 1.2196791172027588 9039
1767283098302 1.3176802396774292 9049
1767283100005 1.1737703084945679 9059
1767283101706 1.2663989067077637 9069
1767283103408 1.5814162492752075 9079
1767283108041 1.247748851776123 9089
1767283109744 1.2484227418899536 9099
1767283111445 1.2193344831466675 9109
1767283113145 1.0509976148605347 9119
1767283114847 1.1783490180969238 9129
1767283116546 1.178363561630249 9139
1767283118244 1.1173434257507324 9149
1767283119949 1.1728637218475342 9159
1767283121650 1.2946234941482544 9169
1767283123349 1.308200716972351 9179
1767283125040 1.3319323062896729 9189
1767283126739 1.455345630645752 9199
1767283128427 1.3693798780441284 9209
1767283130122 1.3140645027160645 9219
1767283131812 1.223671793937683 9229
1767283133502 1.2532267570495605 9239
1767283135195 1.2578892707824707 9249
1767283136886 1.3765130043029785 9259
1767283138578 1.3139028549194336 9269
1767283143198 1.3020285367965698 9279
1767283144903 1.4158000946044922 9289
1767283146607 1.216282844543457 9299
1767283148314 1.26015043258667 9309
1767283150022 1.2360823154449463 9319
1767283151733 1.1996394395828247 9329
1767283153436 1.03408682346344 9339
1767283155141 1.3313276767730713 9349
1767283156856 1.2501952648162842 9359
1767283158566 1.144456148147583 9369
1767283160478 1.2553555965423584 9379
1767283166381 1.111399531364441 9389
1767283168094 1.1861950159072876 9399
1767283169804 1.2169979810714722 9409
1767283171523 1.2643502950668335 9419
1767283173231 1.1149108409881592 9429
1767283174941 1.2638508081436157 9439
1767283179578 1.350701093673706 9449
1767283181288 1.1168062686920166 9459
1767283182998 1.1923242807388306 9469
1767283184715 1.1600245237350464 9479
1767283186419 1.3996741771697998 9489
1767283188134 1.175431489944458 9499
1767283189837 1.1873316764831543 9509
1767283191544 1.2378474473953247 9519
1767283193248 0.9625102877616882 9529
1767283194953 1.222846508026123 9539
1767283196656 1.0994186401367188 9549
1767283198356 1.2720893621444702 9559
1767283200062 1.257870078086853 9569
1767283201766 1.39979887008667 9579
1767283203469 1.1861751079559326 9589
1767283205175 1.3190863132476807 9599
1767283206881 1.2575266361236572 9609
1767283208586 1.1680293083190918 9619
1767283210300 1.1389505863189697 9629
1767283214938 1.297044038772583 9639
1767283216647 1.1865988969802856 9649
1767283218357 1.2391737699508667 9659
1767283220071 1.0770645141601562 9669
1767283221778 1.3651894330978394 9679
1767283223482 1.244419813156128 9689
1767283225186 1.3862931728363037 9699
1767283226896 1.4207967519760132 9709
1767283233021 1.2790008783340454 9719
1767283234727 1.1082338094711304 9729
1767283236430 1.157096266746521 9739
1767283238140 1.2352397441864014 9749
1767283239848 1.0959060192108154 9759
1767283241551 1.3073450326919556 9769
1767283243254 1.1955804824829102 9779
1767283244973 1.2151645421981812 9789
1767283246676 1.2550710439682007 9799
1767283248383 1.043499231338501 9809
1767283250085 1.2365050315856934 9819
1767283251789 1.232980489730835 9829
1767283253493 1.1961926221847534 9839
1767283255199 1.2808942794799805 9849
1767283256928 1.073905348777771 9859
1767283258647 1.2696459293365479 9869
1767283260366 1.2143946886062622 9879
1767283266391 1.0223957300186157 9889
1767283268133 1.133070945739746 9899
1767283269858 1.1984248161315918 9909
1767283271602 1.0872467756271362 9919
1767283273342 1.0939316749572754 9929
1767283275080 0.9767526984214783 9939
1767283276817 1.255386233329773 9949
1767283278557 1.09523344039917 9959
1767283280292 1.1106125116348267 9969
1767283282031 1.0454587936401367 9979
1767283283775 1.338497281074524 9989
1767283285509 1.2615267038345337 9999
1767283287240 1.2927377223968506 10009
1767283288959 1.2201448678970337 10019
1767283290678 1.247459888458252 10029
1767283292389 1.219139575958252 10039
1767283294312 1.3215235471725464 10049
1767283303199 1.3824416399002075 10059
1767283304929 1.2324767112731934 10069
1767283306656 1.4470696449279785 10079
1767283308387 1.316556453704834 10089
1767283310114 1.291344165802002 10099
1767283311852 1.1977938413619995 10109
1767283313616 1.2243142127990723 10119
1767283315368 1.1008214950561523 10129
1767283317094 1.2248995304107666 10139
1767283318811 1.3361310958862305 10149
1767283320515 1.3423304557800293 10159
1767283322234 1.293091893196106 10169
1767283323978 1.1806719303131104 10179
1767283325705 1.2944161891937256 10189
1767283327423 1.2285685539245605 10199
1767283329145 1.244638442993164 10209
1767283330860 1.2311036586761475 10219
1767283332559 1.1720000505447388 10229
1767283337193 1.1413542032241821 10239
1767283338890 1.1276121139526367 10249
1767283340591 1.178499460220337 10259
1767283342310 1.2531592845916748 10269
1767283344067 1.193574070930481 10279
1767283345803 1.2696117162704468 10289
1767283347529 1.273879051208496 10299
1767283349254 1.3307565450668335 10309
1767283350989 1.1440255641937256 10319
1767283352703 1.0772244930267334 10329
1767283354434 1.1104322671890259 10339
1767283356154 1.0730772018432617 10349
1767283357871 1.201218843460083 10359
1767283359600 1.1268975734710693 10369
1767283361336 1.072019338607788 10379
1767283367568 1.138676643371582 10389
1767283372200 0.9876766204833984 10399
1767283373959 1.2502031326293945 10409
1767283375693 1.2496861219406128 10419
1767283377401 1.0747909545898438 10429
1767283379104 1.007994294166565 10439
1767283380810 1.1083385944366455 10449
1767283382508 1.2411587238311768 10459
1767283384209 1.249873161315918 10469
1767283385931 1.0620636940002441 10479
1767283387637 1.1702601909637451 10489
1767283389336 0.8651742935180664 10499
1767283391039 1.0436530113220215 10509
1767283392742 1.1565239429473877 10519
1767283394447 1.1612697839736938 10529
1767283396153 1.1620913743972778 10539
1767283397859 1.0741429328918457 10549
1767283399566 1.3274986743927002 10559
1767283401264 1.064926266670227 10569
1767283402969 1.020925760269165 10579
1767283407721 1.016228199005127 10589
1767283409477 1.0584535598754883 10599
1767283411202 1.2128528356552124 10609
1767283412923 1.181169033050537 10619
1767283414646 1.1070473194122314 10629
1767283416413 1.0800249576568604 10639
1767283418195 1.1785857677459717 10649
1767283420003 0.9832442402839661 10659
1767283421751 1.2451963424682617 10669
1767283423504 1.1517677307128906 10679
1767283425226 1.0625832080841064 10689
1767283426952 1.101508378982544 10699
1767283428686 1.2099666595458984 10709
1767283430618 1.182693362236023 10719
1767283436661 1.1780297756195068 10729
1767283441322 1.0494787693023682 10739
1767283443053 0.9647737145423889 10749
1767283444784 1.0104416608810425 10759
1767283446506 1.0773046016693115 10769
1767283448239 1.1647611856460571 10779
1767283449991 1.2119184732437134 10789
1767283451709 1.0791614055633545 10799
1767283453456 1.250080943107605 10809
1767283455161 0.9441379308700562 10819
1767283456881 1.1683692932128906 10829
1767283458593 1.1791311502456665 10839
1767283460299 1.1078543663024902 10849
1767283462020 1.122175693511963 10859
1767283463725 1.1949344873428345 10869
1767283465425 1.236335039138794 10879
1767283467130 1.2996554374694824 10889
1767283468837 1.1776273250579834 10899
1767283470540 1.0977963209152222 10909
1767283472241 1.2932339906692505 10919
1767283476880 1.2719192504882812 10929
1767283478583 1.0306326150894165 10939
1767283480292 0.892255425453186 10949
1767283481990 1.2437305450439453 10959
1767283483691 1.1781996488571167 10969
1767283485392 1.062721848487854 10979
1767283487090 0.9656647443771362 10989
1767283488796 1.0288431644439697 10999
1767283490506 1.114550232887268 11009
1767283492220 1.1539630889892578 11019
1767283493932 1.1778331995010376 11029
1767283495644 1.0828089714050293 11039
1767283497357 1.1727341413497925 11049
1767283503458 1.082334041595459 11059
1767283505164 1.103907823562622 11069
1767283506878 1.211375117301941 11079
1767283508590 1.2801768779754639 11089
1767283513234 1.1555473804473877 11099
1767283514947 1.1609535217285156 11109
1767283516669 1.0063331127166748 11119
1767283518378 1.159718632698059 11129
1767283520095 1.1817104816436768 11139
1767283521803 1.0806782245635986 11149
1767283523518 1.1281577348709106 11159
1767283525229 1.2084171772003174 11169
1767283526944 1.0725536346435547 11179
1767283528660 1.2431048154830933 11189
1767283530373 1.058383822441101 11199
1767283532084 1.1501872539520264 11209
1767283533795 1.1463754177093506 11219
1767283535506 1.145995855331421 11229
1767283537215 1.0900827646255493 11239
1767283538911 1.1621989011764526 11249
1767283540601 1.1931251287460327 11259
1767283542296 1.0537981986999512 11269
1767283546912 1.0674854516983032 11279
1767283548606 1.0579880475997925 11289
1767283550300 1.1013603210449219 11299
1767283551996 1.1855942010879517 11309
1767283553683 1.0530142784118652 11319
1767283555371 1.1905397176742554 11329
1767283557061 1.129493236541748 11339
1767283558749 1.1354169845581055 11349
1767283560439 1.066953420639038 11359
1767283562127 1.0616190433502197 11369
1767283563814 1.1566540002822876 11379
1767283565717 1.203739881515503 11389
1767283571714 1.2143292427062988 11399
1767283573416 1.1167505979537964 11409
1767283575112 1.15309739112854 11419
1767283576812 1.1771466732025146 11429
1767283578517 1.033083438873291 11439
1767283583149 0.9271095991134644 11449
1767283584856 1.0709419250488281 11459
1767283586558 1.018022060394287 11469
1767283588263 1.0321455001831055 11479
1767283589967 1.0863134860992432 11489
1767283591662 1.0914459228515625 11499
1767283593349 1.031870722770691 11509
1767283595038 1.0949177742004395 11519
1767283596723 0.9483931660652161 11529
1767283598403 1.0487310886383057 11539
1767283600088 1.071692943572998 11549
1767283601776 1.4153971672058105 11559
1767283603459 1.15761137008667 11569
1767283605146 1.0345103740692139 11579
1767283606840 1.0147292613983154 11589
1767283608587 1.072671890258789 11599
1767283610292 0.979152500629425 11609
1767283612039 0.9283545613288879 11619
1767283613760 0.9506100416183472 11629
1767283618397 1.1663469076156616 11639
1767283620261 1.1485027074813843 11649
1767283622077 1.0703669786453247 11659
1767283623876 0.9174546003341675 11669
1767283625584 1.1330513954162598 11679
1767283627311 1.0085241794586182 11689
1767283629083 1.0091723203659058 11699
1767283630894 1.1101518869400024 11709
1767283632630 1.039766550064087 11719
1767283638796 1.0638213157653809 11729
1767283640507 1.019773006439209 11739
1767283642214 0.8963533639907837 11749
1767283643929 1.1923341751098633 11759
1767283645621 1.0517739057540894 11769
1767283647334 1.1750051975250244 11779
1767283649060 0.9710733890533447 11789
1767283653715 0.9920032024383545 11799
1767283655412 1.0280952453613281 11809
1767283657128 1.0636531114578247 11819
1767283658845 0.9298815131187439 11829
1767283660547 1.0562926530838013 11839
1767283662256 0.9208303689956665 11849
1767283663972 1.0689650774002075 11859
1767283665679 0.9992545247077942 11869
1767283667405 1.059516191482544 11879
1767283669128 1.1016708612442017 11889
1767283670857 1.015884518623352 11899
1767283672578 1.0357996225357056 11909
1767283674278 1.1771808862686157 11919
1767283675972 1.045953631401062 11929
1767283677675 1.1224501132965088 11939
1767283679370 1.2045443058013916 11949
1767283681077 1.1085286140441895 11959
1767283682827 1.0123159885406494 11969
1767283684527 0.9523878693580627 11979
1767283689150 1.1306068897247314 11989
1767283690850 1.3226677179336548 11999
1767283692568 0.937610924243927 12009
1767283694278 0.8996945023536682 12019
1767283695991 1.1514391899108887 12029
1767283697689 1.021193265914917 12039
1767283699386 0.9488337635993958 12049
1767283701289 1.063083291053772 12059
1767283707198 0.9244410395622253 12069
1767283708893 1.060448169708252 12079
1767283710591 1.0138859748840332 12089
1767283712289 0.9163813591003418 12099
1767283713991 0.8920080661773682 12109
1767283715690 0.9506434798240662 12119
1767283717387 1.0488457679748535 12129
1767283719085 0.9713881015777588 12139
1767283723714 1.0399061441421509 12149
1767283725416 1.0019701719284058 12159
1767283727113 0.9354179501533508 12169
1767283728805 1.1748440265655518 12179
1767283730492 1.0661053657531738 12189
1767283732182 0.9838355779647827 12199
1767283733868 0.9077398777008057 12209
1767283735549 0.9630968570709229 12219
1767283737232 0.9874564409255981 12229
1767283738911 1.0336287021636963 12239
1767283740589 0.9365010857582092 12249
1767283742274 1.147258996963501 12259
1767283743963 1.2031426429748535 12269
1767283745648 1.1740472316741943 12279
1767283747340 1.1543972492218018 12289
1767283749027 1.0104033946990967 12299
1767283750715 0.9669247269630432 12309
1767283752403 1.075540542602539 12319
1767283754099 0.9449456930160522 12329
1767283758721 1.1651073694229126 12339
1767283760420 1.0174564123153687 12349
1767283762122 1.020578384399414 12359
1767283763826 1.002488374710083 12369
1767283765531 1.061909556388855 12379
1767283767236 0.9475347995758057 12389
1767283773340 1.035659909248352 12399
1767283775048 1.0748339891433716 12409
1767283776747 1.056375503540039 12419
1767283778445 1.1079888343811035 12429
1767283780147 0.9807707667350769 12439
1767283781848 0.8876371383666992 12449
1767283783545 0.9720709919929504 12459
1767283785246 0.961867094039917 12469
1767283786944 1.0008258819580078 12479
1767283788641 0.9971669912338257 12489
1767283793271 1.0432276725769043 12499
1767283794974 0.9245639443397522 12509
1767283796683 1.0084772109985352 12519
1767283798388 0.8722047805786133 12529
1767283800095 0.9205787181854248 12539
1767283801798 1.0731451511383057 12549
1767283803503 0.9933383464813232 12559
1767283805209 1.0876743793487549 12569
1767283806915 1.0866310596466064 12579
1767283808612 0.8878011107444763 12589
1767283810310 1.0793218612670898 12599
1767283812002 1.1346871852874756 12609
1767283813695 1.0585650205612183 12619
1767283815384 0.9364861249923706 12629
1767283817074 0.8689519762992859 12639
1767283818769 0.9929627776145935 12649
1767283820463 0.9406067728996277 12659
1767283822155 1.063391923904419 12669
1767283823850 1.0641648769378662 12679
1767283828480 1.0761909484863281 12689
1767283830174 0.9982841610908508 12699
1767283831870 1.0805401802062988 12709
1767283833567 0.8073908686637878 12719
1767283835467 0.9666290879249573 12729
1767283841376 0.9349626302719116 12739
1767283843085 1.1040823459625244 12749
1767283844794 1.0828663110733032 12759
1767283846512 0.9843404293060303 12769
1767283848221 1.093056559562683 12779
1767283849930 1.0486795902252197 12789
1767283851642 0.997616708278656 12799
1767283853350 0.8612619042396545 12809
1767283855060 1.0191268920898438 12819
1767283856769 1.1846948862075806 12829
1767283858478 0.9485844373703003 12839
1767283860184 1.085261583328247 12849
1767283864825 1.0032446384429932 12859
1767283866517 0.9688835740089417 12869
1767283868211 1.0074799060821533 12879
1767283869909 0.902114748954773 12889
1767283871602 1.0180344581604004 12899
1767283873287 1.1021262407302856 12909
1767283874976 0.9742996692657471 12919
1767283876670 0.9147077798843384 12929
1767283878359 0.9213482141494751 12939
1767283880053 1.0790663957595825 12949
1767283881740 0.9861593246459961 12959
1767283883430 1.1086559295654297 12969
1767283885131 0.9976449608802795 12979
1767283886819 0.9597716331481934 12989
1767283888510 0.9036396145820618 12999
1767283890210 0.9604707956314087 13009
1767283891908 1.0811004638671875 13019
1767283893608 0.8311461210250854 13029
1767283895305 0.9747503995895386 13039
1767283899936 1.23252534866333 13049
1767283901632 1.0424660444259644 13059
1767283907775 0.812823474407196 13069
1767283909473 0.9572547078132629 13079
1767283911163 0.9764368534088135 13089
1767283912861 0.9376059770584106 13099
1767283914557 0.9689030051231384 13109
1767283916255 0.9692463874816895 13119
1767283917961 1.069304347038269 13129
1767283919661 1.0144039392471313 13139
1767283921364 1.1094493865966797 13149
1767283923084 1.1261367797851562 13159
1767283924782 1.1428934335708618 13169
1767283926489 0.9678090214729309 13179
1767283928192 0.933870792388916 13189
1767283929902 1.0392730236053467 13199
1767283934541 0.9716875553131104 13209
1767283936250 0.8878046870231628 13219
1767283937958 1.1354118585586548 13229
1767283939668 0.9777249097824097 13239
1767283941377 1.0918534994125366 13249
1767283943083 0.9640680551528931 13259
1767283944787 1.0684672594070435 13269
1767283946502 1.0381228923797607 13279
1767283948211 0.8932022452354431 13289
1767283949905 1.053378701210022 13299
1767283951607 1.1908687353134155 13309
1767283953307 0.9959688782691956 13319
1767283955015 1.057112216949463 13329
1767283956712 1.013552188873291 13339
1767283958405 1.1287522315979004 13349
1767283960099 0.9846365451812744 13359
1767283961791 0.9597296118736267 13369
1767283963492 1.048250436782837 13379
1767283965184 0.9651265144348145 13389
1767283969991 0.9078043103218079 13399
1767283975846 0.9175693988800049 13409
1767283977540 1.0882290601730347 13419
1767283979232 0.8992962837219238 13429
1767283980933 0.9948643445968628 13439
1767283982634 0.9130065441131592 13449
1767283984341 1.0419622659683228 13459
1767283986052 0.9831848740577698 13469
1767283987769 1.074015736579895 13479
1767283989497 1.0650033950805664 13489
1767283991213 0.9830179214477539 13499
1767283992921 0.9403476119041443 13509
1767283994635 1.0946006774902344 13519
1767283996348 0.9431835412979126 13529
1767283998054 0.9065490961074829 13539
1767283999757 0.819719135761261 13549
1767284004391 0.9728362560272217 13559
1767284006089 1.043237566947937 13569
1767284007792 1.0147955417633057 13579
1767284009507 1.040524959564209 13589
1767284011236 0.8817887306213379 13599
1767284012983 0.9293697476387024 13609
1767284014694 1.0984677076339722 13619
1767284016415 1.099412202835083 13629
1767284018151 1.0402798652648926 13639
1767284019883 0.9968222379684448 13649
1767284021609 1.0142991542816162 13659
1767284023324 1.1356263160705566 13669
1767284025056 1.0726943016052246 13679
1767284026795 1.1322534084320068 13689
1767284028525 1.010724663734436 13699
1767284030247 1.0755748748779297 13709
1767284031984 0.9721388816833496 13719
1767284033713 1.0732848644256592 13729
1767284042822 0.875871479511261 13739
1767284044539 0.9588397741317749 13749
1767284046262 0.97566157579422 13759
1767284047981 0.9552070498466492 13769
1767284049703 1.0062388181686401 13779
1767284051423 0.997306764125824 13789
1767284053151 0.9716792106628418 13799
1767284054879 1.0066083669662476 13809
1767284056603 1.0612083673477173 13819
1767284058332 1.0533794164657593 13829
1767284060061 1.0631449222564697 13839
1767284061794 0.8494809865951538 13849
1767284063517 0.9744461178779602 13859
1767284065250 0.9541357755661011 13869
1767284066977 0.9132658243179321 13879
1767284068711 1.0533372163772583 13889
1767284070431 0.9760808348655701 13899
1767284075097 1.1259021759033203 13909
1767284076830 0.906710147857666 13919
1767284078568 1.1222000122070312 13929
1767284080295 1.084517240524292 13939
1767284082030 0.9354286193847656 13949
1767284083758 1.0233094692230225 13959
1767284085494 0.9775232076644897 13969
1767284087224 1.1687357425689697 13979
1767284088956 1.0548914670944214 13989
1767284090690 0.8991053700447083 13999
1767284092422 1.1840462684631348 14009
1767284094154 0.9495010375976562 14019
1767284095880 0.9907998442649841 14029
1767284097615 1.205820083618164 14039
1767284099346 1.1900020837783813 14049
1767284101082 1.1080386638641357 14059
1767284103025 1.2750847339630127 14069
1767284111886 1.130301594734192 14079
1767284113604 0.9739928245544434 14089
1767284115317 1.0000791549682617 14099
1767284117047 1.1891279220581055 14109
1767284118774 0.8382240533828735 14119
1767284120500 0.9342463612556458 14129
1767284122236 0.9484605193138123 14139
1767284123938 0.9940817356109619 14149
1767284125644 0.9885424375534058 14159
1767284127340 1.0108267068862915 14169
1767284129044 1.0808122158050537 14179
1767284130743 1.0765419006347656 14189
1767284132450 1.01056969165802 14199
1767284134150 1.1164065599441528 14209
1767284135850 0.9981148838996887 14219
1767284137560 1.0940834283828735 14229
1767284139254 0.9869579076766968 14239
1767284140957 1.102461338043213 14249
1767284145578 1.1232422590255737 14259
1767284147279 0.9196567535400391 14269
1767284148974 1.0961062908172607 14279
1767284150674 0.8968794345855713 14289
1767284152385 0.7925167679786682 14299
1767284154102 0.9723845720291138 14309
1767284155812 0.9554012417793274 14319
1767284157531 0.9138660430908203 14329
1767284159246 1.072858452796936 14339
1767284160956 1.1896531581878662 14349
1767284162663 1.0944883823394775 14359
1767284164376 0.9317766427993774 14369
1767284166092 1.1083016395568848 14379
1767284167802 0.8861767053604126 14389
1767284169520 0.9673763513565063 14399
1767284175635 0.9415949583053589 14409
1767284180288 0.8846317529678345 14419
1767284182004 0.8979583978652954 14429
1767284183726 0.9291081428527832 14439
1767284185451 0.9205278158187866 14449
1767284187178 0.9823972582817078 14459
1767284188902 1.0187573432922363 14469
1767284190628 0.9659237861633301 14479
1767284192352 0.9222394227981567 14489
1767284194080 1.0936559438705444 14499
1767284195800 1.0239856243133545 14509
1767284197531 0.969458818435669 14519
1767284199250 1.0148253440856934 14529
1767284200985 0.9737991094589233 14539
1767284202709 0.9451491236686707 14549
1767284204432 0.9181981682777405 14559
1767284206162 0.8275436162948608 14569
1767284207890 0.9676566123962402 14579
1767284209613 1.0303068161010742 14589
1767284211340 0.9826650619506836 14599
1767284215998 1.0333313941955566 14609
1767284217725 0.9365999102592468 14619
1767284219451 0.9741051197052002 14629
1767284221176 1.1089590787887573 14639
1767284222906 1.0875697135925293 14649
1767284224630 1.0731983184814453 14659
1767284226366 1.0496920347213745 14669
1767284228094 0.9943410158157349 14679
1767284229824 0.8586112260818481 14689
1767284231548 0.9993664026260376 14699
1767284233276 0.9475504159927368 14709
1767284234999 0.9551578760147095 14719
1767284236725 0.9533971548080444 14729
1767284238655 1.0995908975601196 14739
1767284244634 1.0395402908325195 14749
1767284246367 0.9428719878196716 14759
1767284251016 1.1351767778396606 14769
1767284252735 0.8918039202690125 14779
1767284254459 0.9211380481719971 14789
1767284256178 0.9654794335365295 14799
1767284257897 1.0451490879058838 14809
1767284259607 1.1032429933547974 14819
1767284261301 1.1591155529022217 14829
1767284263003 0.9192240834236145 14839
1767284264703 1.0344239473342896 14849
1767284266398 0.9914707541465759 14859
1767284268092 0.901305079460144 14869
1767284269795 1.0542134046554565 14879
1767284271487 1.1089890003204346 14889
1767284273188 1.0604541301727295 14899
1767284274893 1.0759315490722656 14909
1767284276589 1.009573221206665 14919
1767284278278 0.9720264673233032 14929
1767284279976 0.8612054586410522 14939
1767284281665 0.8789277672767639 14949
1767284286291 1.0317411422729492 14959
1767284288001 0.8821842670440674 14969
1767284289707 0.9183405637741089 14979
1767284291420 0.949674129486084 14989
1767284293125 0.9068660140037537 14999
1767284294838 0.9076259136199951 15009
1767284296541 0.8019275665283203 15019
1767284298248 0.8833649158477783 15029
1767284299954 0.7962288856506348 15039
1767284301667 0.9940939545631409 15049
1767284303370 0.9438534379005432 15059
1767284305079 0.9439499974250793 15069
1767284311180 0.9616203308105469 15079
1767284312897 1.1766409873962402 15089
1767284314600 0.9856594800949097 15099
1767284316316 1.0598299503326416 15109
1767284320954 1.159905195236206 15119
1767284322668 1.0923957824707031 15129
1767284324378 0.9431061744689941 15139
1767284326088 1.0325140953063965 15149
1767284327799 0.9699931740760803 15159
1767284329506 0.9183537364006042 15169
1767284331213 1.039792537689209 15179
1767284332922 0.825668215751648 15189
1767284334637 0.9500675201416016 15199
1767284336343 1.0448057651519775 15209
1767284338058 1.0312780141830444 15219
1767284339762 1.2451189756393433 15229
1767284341474 1.048385500907898 15239
1767284343190 1.120591402053833 15249
1767284344903 1.2758572101593018 15259
1767284346618 1.0526633262634277 15269
1767284348344 1.026310920715332 15279
1767284350067 0.9413439631462097 15289
1767284351793 1.160906195640564 15299
1767284356446 1.0710563659667969 15309
1767284358175 1.0395973920822144 15319
1767284359902 1.0679280757904053 15329
1767284361629 0.9784198999404907 15339
1767284363352 0.9760264754295349 15349
1767284365077 1.0074365139007568 15359
1767284366802 1.0508626699447632 15369
1767284368519 1.0903457403182983 15379
1767284370244 0.9202833771705627 15389
1767284371962 1.03269624710083 15399
1767284373896 1.2025972604751587 15409
1767284379857 0.95747971534729 15419
1767284381577 1.0545358657836914 15429
1767284383294 1.0039622783660889 15439
1767284385018 0.9783893823623657 15449
1767284386736 0.9823286533355713 15459
1767284391386 0.9778863191604614 15469
1767284393103 0.8852874040603638 15479
1767284394825 0.9356374740600586 15489
1767284396515 0.9224662780761719 15499
1767284398211 0.8967680931091309 15509
1767284399911 1.0697561502456665 15519
1767284401607 1.1676567792892456 15529
1767284403302 1.1176077127456665 15539
1767284404996 1.0355535745620728 15549
1767284406710 0.9150086641311646 15559
1767284408404 0.9281227588653564 15569
1767284410099 1.083207130432129 15579
1767284411794 0.9606095552444458 15589
1767284413489 0.8585560917854309 15599
1767284415183 1.0372388362884521 15609
1767284416886 1.031614065170288 15619
1767284418576 0.9945942759513855 15629
1767284420280 0.9494704604148865 15639
1767284421989 0.9336632490158081 15649
1767284426631 0.9192636013031006 15659
1767284428341 0.8569311499595642 15669
1767284430054 0.8179965615272522 15679
1767284431765 0.9478543996810913 15689
1767284433471 1.0212459564208984 15699
1767284435198 0.853358805179596 15709
1767284436917 1.1061605215072632 15719
1767284438643 0.9349617958068848 15729
1767284440362 0.9784919619560242 15739
1767284446598 0.9193107485771179 15749
1767284448320 1.0192092657089233 15759
1767284450054 0.9096787571907043 15769
1767284451774 1.2016661167144775 15779
1767284453494 0.8896968364715576 15789
1767284455207 0.9624296426773071 15799
1767284456915 0.8924008011817932 15809
1767284461547 0.9892340898513794 15819
1767284463254 0.8840305805206299 15829
1767284464960 1.02022123336792 15839
1767284466670 0.7298714518547058 15849
1767284468374 1.0264556407928467 15859
1767284470085 1.073858380317688 15869
1767284471793 0.912156343460083 15879
1767284473502 1.0095716714859009 15889
1767284475206 1.0761330127716064 15899
1767284476912 0.8825538754463196 15909
1767284478619 1.0838141441345215 15919
1767284480322 0.8794713020324707 15929
1767284482031 0.9364970326423645 15939
1767284483735 0.8239514827728271 15949
1767284485445 0.9402743577957153 15959
1767284487150 0.9329168796539307 15969
1767284488858 0.7831823229789734 15979
1767284490562 1.0443071126937866 15989
1767284492271 0.8644652366638184 15999
1767284496905 0.9628354907035828 16009
1767284498611 0.9386054277420044 16019
1767284500316 0.8874020576477051 16029
1767284502018 0.7698700428009033 16039
1767284503718 0.9860789179801941 16049
1767284505406 0.9343708753585815 16059
1767284507096 0.8994994163513184 16069
1767284508985 0.9170792102813721 16079
1767284514842 0.905731201171875 16089
1767284516533 0.8400281667709351 16099
1767284518221 0.8797520399093628 16109
1767284519906 1.0068293809890747 16119
1767284521598 0.922681987285614 16129
1767284523296 0.8772033452987671 16139
1767284524998 0.940960705280304 16149
1767284526696 0.5997875332832336 16159
1767284528402 0.8117762207984924 16169
1767284533043 1.0588096380233765 16179
1767284534756 0.9498951435089111 16189
1767284536464 0.8668009638786316 16199
1767284538175 1.1366215944290161 16209
1767284539879 1.042243480682373 16219
1767284541574 0.9087706804275513 16229
1767284543267 0.8488644957542419 16239
1767284544966 1.1643345355987549 16249
1767284546658 1.0828003883361816 16259
1767284548355 0.842978298664093 16269
1767284550050 1.052269697189331 16279
1767284551742 0.8340471386909485 16289
1767284553434 0.9146962761878967 16299
1767284555129 0.8067569136619568 16309
1767284556832 0.8920965790748596 16319
1767284558526 0.8983158469200134 16329
1767284560215 0.8211316466331482 16339
1767284561908 0.9587386846542358 16349
1767284563601 1.0388861894607544 16359
1767284568213 0.9952079057693481 16369
1767284569902 0.7721673250198364 16379
1767284571594 0.9112774729728699 16389
1767284573283 0.8120675683021545 16399
1767284574975 0.8168883919715881 16409
