1766857560393 0.0 9
1766857560744 0.0 19
1766857561144 0.0 29
1766857561493 0.0 39
1766857561841 0.0 49
1766857562242 0.0 59
1766857562593 0.0 69
1766857562946 0.0 79
1766857563363 0.0 89
1766857563709 0.0 99
1766857564055 0.0 109
1766857564471 0.0 119
1766857564835 0.0 129
1766857565190 0.0 139
1766857565592 0.0 149
1766857565943 0.0 159
1766857569223 0.0 169
1766857569637 0.0 179
1766857569987 0.0 189
1766857570339 0.0 199
1766857570752 0.0 209
1766857571101 0.0 219
1766857571470 0.0 229
1766857571883 0.0 239
1766857572230 0.0 249
1766857572641 0.0 259
1766857572995 0.0 269
1766857573342 0.0 279
1766857573756 0.0 289
1766857574101 0.0 299
1766857574447 0.0 309
1766857574853 0.0 319
1766857575208 0.0 329
1766857577610 0.0 334
1766857578793 1.0 339
1766857579219 1.0 349
1766857579577 1.0 359
1766857579923 1.0 369
1766857580346 1.0 379
1766857580696 1.0 389
1766857581050 1.0 399
1766857581459 1.0 409
1766857581813 1.0 419
1766857582159 1.0 429
1766857582577 1.0 439
1766857582928 1.0 449
1766857583278 1.0 459
1766857583681 1.0 469
1766857584028 1.0 479
1766857584379 1.0 489
1766857584798 1.0 499
1766857585146 1.0 509
1766857585499 1.0 519
1766857585926 1.0 529
1766857586289 1.0 539
1766857586719 1.0 549
1766857587065 1.0 559
1766857587414 1.0 569
1766857587833 1.0 579
1766857588183 1.0 589
1766857588531 1.0 599
1766857588949 1.0 609
1766857589292 1.0 619
1766857589636 1.0 629
1766857590040 1.0 639
1766857590385 1.0 649
1766857590735 1.0 659
1766857591139 1.0 669
1766857593386 1.0 669
1766857594755 2.0 679
1766857595107 2.0 689
1766857595517 2.0 699
1766857595866 2.0 709
1766857596210 2.0 719
1766857596629 2.0 729
1766857596985 2.0 739
1766857597336 2.0 749
1766857597751 2.0 759
1766857598094 2.0 769
1766857598439 2.0 779
1766857598844 2.0 789
1766857599187 2.0 799
1766857599532 2.0 809
1766857599939 2.0 819
1766857600292 2.0 829
1766857600669 2.0 839
1766857604727 2.0 849
1766857605072 2.0 859
1766857605418 2.0 869
1766857605820 2.0 879
1766857606171 2.0 889
1766857606583 2.0 899
1766857606930 2.0 909
1766857607273 2.0 919
1766857607699 2.0 929
1766857608043 2.0 939
1766857608390 2.0 949
1766857608811 2.0 959
1766857609159 2.0 969
1766857609508 2.0 979
1766857609911 2.0 989
1766857610256 2.0 999
1766857612660 2.0 1004
1766857613837 3.0 1009
1766857614244 3.0 1019
1766857614594 3.0 1029
1766857614944 3.0 1039
1766857615347 3.0 1049
1766857615701 3.0 1059
1766857616045 3.0 1069
1766857616463 3.0 1079
1766857616808 3.0 1089
1766857617151 3.0 1099
1766857617555 3.0 1109
1766857617901 3.0 1119
1766857618245 3.0 1129
1766857618657 3.0 1139
1766857619009 3.0 1149
1766857619359 3.0 1159
1766857619775 3.0 1169
1766857620125 3.0 1179
1766857620477 3.0 1189
1766857620886 3.0 1199
1766857621232 3.0 1209
1766857621577 3.0 1219
1766857621990 3.0 1229
1766857622338 3.0 1239
1766857622690 3.0 1249
1766857623101 3.0 1259
1766857623443 3.0 1269
1766857623786 3.0 1279
1766857624195 3.0 1289
1766857624565 3.0 1299
1766857624969 3.0 1309
1766857625313 3.0 1319
1766857625656 3.0 1329
1766857626061 3.0 1339
1766857628353 3.0 1339
1766857629708 4.0 1349
1766857630061 4.0 1359
1766857630469 4.0 1369
1766857630814 4.0 1379
1766857631161 4.0 1389
1766857631577 4.0 1399
1766857631923 4.0 1409
1766857632274 4.0 1419
1766857632687 4.0 1429
1766857633035 4.0 1439
1766857633380 4.0 1449
1766857633784 4.0 1459
1766857634130 4.0 1469
1766857634472 4.0 1479
1766857634885 4.0 1489
1766857635229 4.0 1499
1766857635575 4.0 1509
1766857635981 4.0 1519
1766857636336 4.0 1529
1766857639617 4.0 1539
1766857640708 4.0 1549
1766857641055 4.0 1559
1766857641403 4.0 1569
1766857641820 4.0 1579
1766857642163 4.0 1589
1766857642506 4.0 1599
1766857642965 4.0 1609
1766857643322 4.0 1619
1766857643667 4.0 1629
1766857644096 4.0 1639
1766857644445 4.0 1649
1766857644800 4.0 1659
1766857645219 4.0 1669
1766857647696 4.0 1674
1766857648862 5.0 1679
1766857649284 5.0 1689
1766857649638 5.0 1699
1766857649987 5.0 1709
1766857650413 5.0 1719
1766857650759 5.0 1729
1766857651105 5.0 1739
1766857651533 5.0 1749
1766857651880 5.0 1759
1766857652226 5.0 1769
1766857652662 5.0 1779
1766857653021 5.0 1789
1766857653376 5.0 1799
1766857653792 5.0 1809
1766857654139 5.0 1819
1766857654489 5.0 1829
1766857654906 5.0 1839
1766857655256 5.0 1849
1766857655608 5.0 1859
1766857656019 5.0 1869
1766857656370 5.0 1879
1766857656724 5.0 1889
1766857657143 5.0 1899
1766857657495 5.0 1909
1766857657847 5.0 1919
1766857658275 5.0 1929
1766857658626 5.0 1939
1766857659047 5.0 1949
1766857659407 5.0 1959
1766857659765 5.0 1969
1766857660175 5.0 1979
1766857660527 5.0 1989
1766857660901 5.0 1999
1766857661323 5.0 2009
1766857663547 5.0 2009
1766857664884 6.0 2019
1766857665233 6.0 2029
1766857665650 6.0 2039
1766857666001 6.0 2049
1766857666348 6.0 2059
1766857666772 6.0 2069
1766857667117 6.0 2079
1766857667465 6.0 2089
1766857667887 6.0 2099
1766857668240 6.0 2109
1766857668584 6.0 2119
1766857668993 6.0 2129
1766857669338 6.0 2139
1766857669682 6.0 2149
1766857670093 6.0 2159
1766857670442 6.0 2169
1766857670790 6.0 2179
1766857671188 6.0 2189
1766857671531 6.0 2199
1766857674803 6.0 2209
1766857675229 6.0 2219
1766857675585 6.0 2229
1766857675931 6.0 2239
1766857676357 6.0 2249
1766857676699 6.0 2259
1766857677120 6.0 2269
1766857677479 6.0 2279
1766857677826 6.0 2289
1766857678232 6.0 2299
1766857678582 6.0 2309
1766857678930 6.0 2319
1766857679340 6.0 2329
1766857679691 6.0 2339
1766857682082 6.0 2344
1766857683225 7.0 2349
1766857683640 7.0 2359
1766857683991 7.0 2369
1766857684338 7.0 2379
1766857684756 7.0 2389
1766857685106 7.0 2399
1766857685455 7.0 2409
1766857685869 7.0 2419
1766857686218 7.0 2429
1766857686567 7.0 2439
1766857686977 7.0 2449
1766857687330 7.0 2459
1766857687680 7.0 2469
1766857688093 7.0 2479
1766857688443 7.0 2489
1766857688789 7.0 2499
1766857689203 7.0 2509
1766857689552 7.0 2519
1766857689899 7.0 2529
1766857690302 7.0 2539
1766857690654 7.0 2549
1766857691001 7.0 2559
1766857691415 7.0 2569
1766857691763 7.0 2579
1766857692113 7.0 2589
1766857692523 7.0 2599
1766857692868 7.0 2609
1766857693218 7.0 2619
1766857693633 7.0 2629
1766857693981 7.0 2639
1766857694388 7.0 2649
1766857694733 7.0 2659
1766857695081 7.0 2669
1766857695489 7.0 2679
1766857697747 7.0 2679
1766857699100 8.0 2689
1766857699456 8.0 2699
1766857699864 8.0 2709
1766857700209 8.0 2719
1766857700554 8.0 2729
1766857700963 8.0 2739
1766857701315 8.0 2749
1766857701663 8.0 2759
1766857702074 8.0 2769
1766857702455 8.0 2779
1766857702801 8.0 2789
1766857703217 8.0 2799
1766857703563 8.0 2809
1766857703915 8.0 2819
1766857705024 8.0 2829
1766857705372 8.0 2839
1766857705722 8.0 2849
1766857706129 8.0 2859
1766857706476 8.0 2869
1766857706825 8.0 2879
1766857710174 8.0 2889
1766857710525 8.0 2899
1766857710870 8.0 2909
1766857711295 8.0 2919
1766857711640 8.0 2929
1766857711988 8.0 2939
1766857712400 8.0 2949
1766857712748 8.0 2959
1766857713097 8.0 2969
1766857713503 8.0 2979
1766857713850 8.0 2989
1766857714234 8.0 2999
1766857714627 8.0 3009
1766857717018 8.0 3014
1766857718172 9.0 3019
1766857718525 9.0 3029
1766857718946 9.0 3039
1766857719290 9.0 3049
1766857719697 9.0 3059
1766857720046 9.0 3069
1766857720392 9.0 3079
1766857720807 9.0 3089
1766857721151 9.0 3099
1766857721500 9.0 3109
1766857721918 9.0 3119
1766857722267 9.0 3129
1766857722613 9.0 3139
1766857723039 9.0 3149
1766857723382 9.0 3159
1766857723730 9.0 3169
1766857724139 9.0 3179
1766857724489 9.0 3189
1766857724840 9.0 3199
1766857725260 9.0 3209
1766857725629 9.0 3219
1766857725975 9.0 3229
1766857726389 9.0 3239
1766857726739 9.0 3249
1766857727093 9.0 3259
1766857727500 9.0 3269
1766857727844 9.0 3279
1766857728190 9.0 3289
1766857728607 9.0 3299
1766857728958 9.0 3309
1766857729310 9.0 3319
1766857729730 9.0 3329
1766857730074 9.0 3339
1766857730418 9.0 3349
1766857732634 9.0 3349
1766857734101 10.0 3359
1766857734447 10.0 3369
1766857734794 10.0 3379
1766857735218 10.0 3389
1766857735566 10.0 3399
1766857735912 10.0 3409
1766857736322 10.0 3419
1766857736667 10.0 3429
1766857737018 10.0 3439
1766857737429 10.0 3449
1766857737778 10.0 3459
1766857738127 10.0 3469
1766857738543 10.0 3479
1766857738890 10.0 3489
1766857739244 10.0 3499
1766857739661 10.0 3509
1766857740011 10.0 3519
1766857740358 10.0 3529
1766857740782 10.0 3539
1766857741127 10.0 3549
1766857741478 10.0 3559
1766857741900 10.0 3569
1766857745170 10.0 3579
1766857745523 10.0 3589
1766857745941 10.0 3599
1766857746297 10.0 3609
1766857746708 10.0 3619
1766857747063 10.0 3629
1766857747410 10.0 3639
1766857748541 10.0 3649
1766857748889 10.0 3659
1766857749241 10.0 3669
1766857749675 10.0 3679
1766857752072 10.0 3684
1766857753247 11.0 3689
1766857753594 11.0 3699
1766857754007 11.0 3709
1766857754358 11.0 3719
1766857754708 11.0 3729
1766857755114 11.0 3739
1766857755463 11.0 3749
1766857755810 11.0 3759
1766857756221 11.0 3769
1766857756573 11.0 3779
1766857756922 11.0 3789
1766857757333 11.0 3799
1766857757674 11.0 3809
1766857758024 11.0 3819
1766857758437 11.0 3829
1766857758783 11.0 3839
1766857759127 11.0 3849
1766857759543 11.0 3859
1766857759890 11.0 3869
1766857760233 11.0 3879
1766857760643 11.0 3889
1766857760992 11.0 3899
1766857761340 11.0 3909
1766857761747 11.0 3919
1766857762099 11.0 3929
1766857762445 11.0 3939
1766857762867 11.0 3949
1766857763216 11.0 3959
1766857763558 11.0 3969
1766857763973 11.0 3979
1766857764322 11.0 3989
1766857764667 11.0 3999
1766857765081 11.0 4009
1766857765428 11.0 4019
1766857767685 11.0 4019
1766857769015 12.0 4029
1766857769431 12.0 4039
1766857769785 12.0 4049
1766857770188 12.0 4059
1766857770540 12.0 4069
1766857770920 12.0 4079
1766857771327 12.0 4089
1766857771672 12.0 4099
1766857772020 12.0 4109
1766857772437 12.0 4119
1766857772787 12.0 4129
1766857773137 12.0 4139
1766857773562 12.0 4149
1766857773912 12.0 4159
1766857774258 12.0 4169
1766857774659 12.0 4179
1766857775007 12.0 4189
1766857775353 12.0 4199
1766857775766 12.0 4209
1766857776111 12.0 4219
1766857776460 12.0 4229
1766857776879 12.0 4239
1766857777227 12.0 4249
1766857780506 12.0 4259
1766857780923 12.0 4269
1766857781272 12.0 4279
1766857781624 12.0 4289
1766857782045 12.0 4299
1766857782391 12.0 4309
1766857782738 12.0 4319
1766857783136 12.0 4329
1766857783483 12.0 4339
1766857783833 12.0 4349
1766857786327 12.0 4354
1766857787500 13.0 4359
1766857787857 13.0 4369
1766857788207 13.0 4379
1766857788617 13.0 4389
1766857788964 13.0 4399
1766857789310 13.0 4409
1766857789728 13.0 4419
1766857790081 13.0 4429
1766857790429 13.0 4439
1766857790843 13.0 4449
1766857791192 13.0 4459
1766857791594 13.0 4469
1766857791943 13.0 4479
1766857792294 13.0 4489
1766857792713 13.0 4499
1766857793060 13.0 4509
1766857793409 13.0 4519
1766857793831 13.0 4529
1766857794202 13.0 4539
1766857794547 13.0 4549
1766857795659 13.0 4559
1766857796006 13.0 4569
1766857796360 13.0 4579
1766857796781 13.0 4589
1766857797130 13.0 4599
1766857797476 13.0 4609
1766857797900 13.0 4619
1766857798254 13.0 4629
1766857798604 13.0 4639
1766857799024 13.0 4649
1766857799380 13.0 4659
1766857799729 13.0 4669
1766857800151 13.0 4679
1766857800499 13.0 4689
1766857802774 13.0 4689
