1766857560393 2.955106735229492 9
1766857560744 2.7790019512176514 19
1766857561144 2.8831799030303955 29
1766857561493 2.52791166305542 39
1766857561841 2.6115469932556152 49
1766857562242 2.495893955230713 59
1766857562593 2.6099839210510254 69
1766857562946 2.4532570838928223 79
1766857563363 2.690295934677124 89
1766857563709 2.6722943782806396 99
1766857564055 2.3324639797210693 109
1766857564471 2.510441541671753 119
1766857564835 2.504067897796631 129
1766857565190 2.59193754196167 139
1766857565592 2.5488626956939697 149
1766857565943 2.362217664718628 159
1766857569223 2.2352867126464844 169
1766857569637 2.3032402992248535 179
1766857569987 2.486997127532959 189
1766857570339 2.0444469451904297 199
1766857570752 2.506723165512085 209
1766857571101 2.4807238578796387 219
1766857571470 2.3490355014801025 229
1766857571883 2.2446041107177734 239
1766857572230 2.4363491535186768 249
1766857572641 2.390758991241455 259
1766857572995 2.511268138885498 269
1766857573342 2.6274702548980713 279
1766857573756 2.420722484588623 289
1766857574101 2.348585367202759 299
1766857574447 2.140997886657715 309
1766857574853 2.3051581382751465 319
1766857575208 2.31972336769104 329
1766857578793 2.259212017059326 339
1766857579219 2.6066365242004395 349
1766857579577 2.5387632846832275 359
1766857579923 2.1059393882751465 369
1766857580346 2.407942533493042 379
1766857580696 2.197758674621582 389
1766857581050 2.258012533187866 399
1766857581459 2.375633716583252 409
1766857581813 2.357309579849243 419
1766857582159 2.313732862472534 429
1766857582577 2.151124954223633 439
1766857582928 2.2376997470855713 449
1766857583278 2.342407703399658 459
1766857583681 2.2719364166259766 469
1766857584028 2.3055419921875 479
1766857584379 2.4028773307800293 489
1766857584798 2.449195384979248 499
1766857585146 2.520266532897949 509
1766857585499 2.390310049057007 519
1766857585926 2.3554446697235107 529
1766857586289 2.4170236587524414 539
1766857586719 2.095852851867676 549
1766857587065 2.4835054874420166 559
1766857587414 2.027310609817505 569
1766857587833 2.0781824588775635 579
1766857588183 2.2003679275512695 589
1766857588531 2.255005121231079 599
1766857588949 1.912796974182129 609
1766857589292 2.3430211544036865 619
1766857589636 2.412257432937622 629
1766857590040 2.45196270942688 639
1766857590385 2.2349157333374023 649
1766857590735 2.164483070373535 659
1766857591139 2.46276593208313 669
1766857594755 1.8565022945404053 679
1766857595107 2.509946823120117 689
1766857595517 2.000225305557251 699
1766857595866 2.106985569000244 709
1766857596210 2.06656551361084 719
1766857596629 1.9889826774597168 729
1766857596985 2.4247448444366455 739
1766857597336 2.165567398071289 749
1766857597751 2.3983097076416016 759
1766857598094 2.2001020908355713 769
1766857598439 2.233743190765381 779
1766857598844 2.2943644523620605 789
1766857599187 2.343198299407959 799
1766857599532 2.1998753547668457 809
1766857599939 2.2836451530456543 819
1766857600292 2.420081615447998 829
1766857600669 2.2107737064361572 839
1766857604727 2.079005241394043 849
1766857605072 2.277397632598877 859
1766857605418 2.157317638397217 869
1766857605820 2.0776190757751465 879
1766857606171 2.0672013759613037 889
1766857606583 2.2643978595733643 899
1766857606930 2.3717007637023926 909
1766857607273 2.3206169605255127 919
1766857607699 2.1216280460357666 929
1766857608043 2.233100414276123 939
1766857608390 2.1179933547973633 949
1766857608811 2.3131916522979736 959
1766857609159 2.1696290969848633 969
1766857609508 2.5162060260772705 979
1766857609911 1.9670026302337646 989
1766857610256 2.216876745223999 999
1766857613837 2.222431182861328 1009
1766857614244 1.975938081741333 1019
1766857614594 2.329698085784912 1029
1766857614944 2.1909713745117188 1039
1766857615347 2.260847330093384 1049
1766857615701 2.5693650245666504 1059
1766857616045 2.4004459381103516 1069
1766857616463 2.0963878631591797 1079
1766857616808 2.4196996688842773 1089
1766857617151 1.9655570983886719 1099
1766857617555 2.160120964050293 1109
1766857617901 2.3367414474487305 1119
1766857618245 2.052297830581665 1129
1766857618657 2.1162221431732178 1139
1766857619009 1.952714443206787 1149
1766857619359 2.3064420223236084 1159
1766857619775 1.969409704208374 1169
1766857620125 2.366050958633423 1179
1766857620477 2.011970043182373 1189
1766857620886 2.241518974304199 1199
1766857621232 2.225440263748169 1209
1766857621577 2.0201449394226074 1219
1766857621990 2.166581630706787 1229
1766857622338 2.382335662841797 1239
1766857622690 2.166543960571289 1249
1766857623101 2.2157058715820312 1259
1766857623443 2.0850439071655273 1269
1766857623786 2.1236391067504883 1279
1766857624195 2.5768487453460693 1289
1766857624565 2.2261767387390137 1299
1766857624969 2.4165215492248535 1309
1766857625313 2.1214816570281982 1319
1766857625656 2.062030792236328 1329
1766857626061 2.287393569946289 1339
1766857629708 2.2937891483306885 1349
1766857630061 2.039490222930908 1359
1766857630469 2.0248451232910156 1369
1766857630814 2.2762575149536133 1379
1766857631161 1.980611801147461 1389
1766857631577 2.239938497543335 1399
1766857631923 2.2293553352355957 1409
1766857632274 1.9526807069778442 1419
1766857632687 2.1557869911193848 1429
1766857633035 2.166966438293457 1439
1766857633380 1.922995924949646 1449
1766857633784 2.14139461517334 1459
1766857634130 2.0152335166931152 1469
1766857634472 2.478372097015381 1479
1766857634885 2.1522464752197266 1489
1766857635229 1.9946836233139038 1499
1766857635575 1.7542593479156494 1509
1766857635981 2.1026716232299805 1519
1766857636336 1.984703540802002 1529
1766857639617 2.0793919563293457 1539
1766857640708 2.029171943664551 1549
1766857641055 2.263005018234253 1559
1766857641403 1.9975136518478394 1569
1766857641820 2.3145461082458496 1579
1766857642163 2.1854963302612305 1589
1766857642506 2.1302168369293213 1599
1766857642965 2.341841220855713 1609
1766857643322 2.2364678382873535 1619
1766857643667 2.224475860595703 1629
1766857644096 2.2034761905670166 1639
1766857644445 1.9308192729949951 1649
1766857644800 2.041985511779785 1659
1766857645219 1.8358235359191895 1669
1766857648862 1.9554870128631592 1679
1766857649284 2.0600063800811768 1689
1766857649638 2.0713963508605957 1699
1766857649987 2.3281912803649902 1709
1766857650413 2.2608847618103027 1719
1766857650759 2.0561118125915527 1729
1766857651105 2.107478618621826 1739
1766857651533 2.292562961578369 1749
1766857651880 2.0777523517608643 1759
1766857652226 2.1967434883117676 1769
1766857652662 2.0205929279327393 1779
1766857653021 2.0182275772094727 1789
1766857653376 2.1411309242248535 1799
1766857653792 2.424689769744873 1809
1766857654139 1.9865007400512695 1819
1766857654489 2.0648295879364014 1829
1766857654906 2.1250181198120117 1839
1766857655256 2.3952698707580566 1849
1766857655608 1.9194774627685547 1859
1766857656019 2.168916702270508 1869
1766857656370 2.114237070083618 1879
1766857656724 2.061997175216675 1889
1766857657143 2.289792537689209 1899
1766857657495 2.108140230178833 1909
1766857657847 2.1941170692443848 1919
1766857658275 2.170437812805176 1929
1766857658626 2.035991907119751 1939
1766857659047 2.063465118408203 1949
1766857659407 2.0446834564208984 1959
1766857659765 2.2278966903686523 1969
1766857660175 1.9639854431152344 1979
1766857660527 2.2947075366973877 1989
1766857660901 2.125499963760376 1999
1766857661323 2.2464356422424316 2009
1766857664884 1.8200489282608032 2019
1766857665233 2.079726457595825 2029
1766857665650 2.272423267364502 2039
1766857666001 2.106349468231201 2049
1766857666348 2.264164924621582 2059
1766857666772 1.8168234825134277 2069
1766857667117 1.847992181777954 2079
1766857667465 2.220324993133545 2089
1766857667887 2.0779755115509033 2099
1766857668240 1.8188412189483643 2109
1766857668584 2.0550620555877686 2119
1766857668993 1.9055826663970947 2129
1766857669338 2.0906319618225098 2139
1766857669682 2.183680295944214 2149
1766857670093 2.0617098808288574 2159
1766857670442 1.846318244934082 2169
1766857670790 1.9597671031951904 2179
1766857671188 2.0822525024414062 2189
1766857671531 2.089665174484253 2199
1766857674803 2.0901689529418945 2209
1766857675229 2.142439365386963 2219
1766857675585 2.2297568321228027 2229
1766857675931 2.181401014328003 2239
1766857676357 2.13618540763855 2249
1766857676699 2.1797873973846436 2259
1766857677120 2.0514230728149414 2269
1766857677479 1.9171621799468994 2279
1766857677826 2.273365020751953 2289
1766857678232 2.285677671432495 2299
1766857678582 1.9623355865478516 2309
1766857678930 2.085479974746704 2319
1766857679340 2.05332088470459 2329
1766857679691 2.0978689193725586 2339
1766857683225 1.8931140899658203 2349
1766857683640 1.9268431663513184 2359
1766857683991 2.0921332836151123 2369
1766857684338 1.8903251886367798 2379
1766857684756 1.9880475997924805 2389
1766857685106 2.039341688156128 2399
1766857685455 2.162505865097046 2409
1766857685869 2.1636648178100586 2419
1766857686218 1.896181344985962 2429
1766857686567 2.1200101375579834 2439
1766857686977 1.9563010931015015 2449
1766857687330 2.134141445159912 2459
1766857687680 2.2683258056640625 2469
1766857688093 2.0408434867858887 2479
1766857688443 2.00093412399292 2489
1766857688789 2.188645839691162 2499
1766857689203 1.8677538633346558 2509
1766857689552 2.2028939723968506 2519
1766857689899 2.042546272277832 2529
1766857690302 1.9925258159637451 2539
1766857690654 1.9677965641021729 2549
1766857691001 2.0589427947998047 2559
1766857691415 2.0543301105499268 2569
1766857691763 2.0612735748291016 2579
1766857692113 2.3055105209350586 2589
1766857692523 2.106130599975586 2599
1766857692868 2.0731775760650635 2609
1766857693218 2.0315494537353516 2619
1766857693633 1.8640496730804443 2629
1766857693981 1.9528586864471436 2639
1766857694388 2.1390819549560547 2649
1766857694733 2.3276796340942383 2659
1766857695081 1.8682348728179932 2669
1766857695489 2.280864715576172 2679
1766857699100 1.8662376403808594 2689
1766857699456 2.179945945739746 2699
1766857699864 2.075134754180908 2709
1766857700209 2.254274368286133 2719
1766857700554 2.1088662147521973 2729
1766857700963 2.0563011169433594 2739
1766857701315 1.695138692855835 2749
1766857701663 2.1735284328460693 2759
1766857702074 1.93115234375 2769
1766857702455 2.0153355598449707 2779
1766857702801 1.9472506046295166 2789
1766857703217 1.997831106185913 2799
1766857703563 2.390984535217285 2809
1766857703915 2.246173858642578 2819
1766857705024 1.9325768947601318 2829
1766857705372 1.9927113056182861 2839
1766857705722 2.2841429710388184 2849
1766857706129 2.417623519897461 2859
1766857706476 2.2612829208374023 2869
1766857706825 2.2447798252105713 2879
1766857710174 2.1327366828918457 2889
1766857710525 2.009396553039551 2899
1766857710870 2.0221505165100098 2909
1766857711295 2.183168649673462 2919
1766857711640 2.056957244873047 2929
1766857711988 2.1783382892608643 2939
1766857712400 2.1462759971618652 2949
1766857712748 1.9546455144882202 2959
1766857713097 1.8450336456298828 2969
1766857713503 2.0283820629119873 2979
1766857713850 2.3100810050964355 2989
1766857714234 2.2789957523345947 2999
1766857714627 2.230489492416382 3009
1766857718172 2.1907436847686768 3019
1766857718525 1.8892362117767334 3029
1766857718946 2.0799307823181152 3039
1766857719290 2.040813684463501 3049
1766857719697 1.9822168350219727 3059
1766857720046 2.099843978881836 3069
1766857720392 1.871415615081787 3079
1766857720807 2.0452117919921875 3089
1766857721151 2.125749111175537 3099
1766857721500 2.015413761138916 3109
1766857721918 2.0236778259277344 3119
1766857722267 1.9885456562042236 3129
1766857722613 1.9641520977020264 3139
1766857723039 2.239975929260254 3149
1766857723382 1.9496731758117676 3159
1766857723730 2.173062324523926 3169
1766857724139 1.9946573972702026 3179
1766857724489 2.4015307426452637 3189
1766857724840 2.2476322650909424 3199
1766857725260 1.884496808052063 3209
1766857725629 1.9728388786315918 3219
1766857725975 2.0699098110198975 3229
1766857726389 2.114903211593628 3239
1766857726739 1.7804248332977295 3249
1766857727093 2.117711067199707 3259
1766857727500 1.5855826139450073 3269
1766857727844 2.1559195518493652 3279
1766857728190 2.0595638751983643 3289
1766857728607 2.2152538299560547 3299
1766857728958 1.8291528224945068 3309
1766857729310 2.0959105491638184 3319
1766857729730 1.6536228656768799 3329
1766857730074 1.9090945720672607 3339
1766857730418 2.2022128105163574 3349
1766857734101 2.1174979209899902 3359
1766857734447 2.0865955352783203 3369
1766857734794 2.193086862564087 3379
1766857735218 2.060654640197754 3389
1766857735566 1.7714545726776123 3399
1766857735912 2.200244426727295 3409
1766857736322 2.117659330368042 3419
1766857736667 1.7704925537109375 3429
1766857737018 1.9666938781738281 3439
1766857737429 2.021824598312378 3449
1766857737778 2.03450083732605 3459
1766857738127 2.196864604949951 3469
1766857738543 2.0877809524536133 3479
1766857738890 2.0142593383789062 3489
1766857739244 2.252551317214966 3499
1766857739661 1.9740726947784424 3509
1766857740011 1.8057188987731934 3519
1766857740358 1.882002353668213 3529
1766857740782 1.782222032546997 3539
1766857741127 2.050136089324951 3549
1766857741478 2.2200653553009033 3559
1766857741900 1.8839151859283447 3569
1766857745170 2.293302297592163 3579
1766857745523 1.954634189605713 3589
1766857745941 2.3363585472106934 3599
1766857746297 2.1959471702575684 3609
1766857746708 1.8834388256072998 3619
1766857747063 2.0675196647644043 3629
1766857747410 1.8058607578277588 3639
1766857748541 1.883115530014038 3649
1766857748889 2.2271013259887695 3659
1766857749241 2.0958383083343506 3669
1766857749675 2.1239261627197266 3679
1766857753247 2.0776665210723877 3689
1766857753594 2.211121082305908 3699
1766857754007 2.2037160396575928 3709
1766857754358 2.3883442878723145 3719
1766857754708 1.9730629920959473 3729
1766857755114 2.0144317150115967 3739
1766857755463 2.112718105316162 3749
1766857755810 2.0138344764709473 3759
1766857756221 1.9019906520843506 3769
1766857756573 1.8986917734146118 3779
1766857756922 2.115839719772339 3789
1766857757333 2.246814012527466 3799
1766857757674 2.1026766300201416 3809
1766857758024 1.9730021953582764 3819
1766857758437 1.7054665088653564 3829
1766857758783 2.0321390628814697 3839
1766857759127 2.1753244400024414 3849
1766857759543 2.160348415374756 3859
1766857759890 2.0277934074401855 3869
1766857760233 2.2024641036987305 3879
1766857760643 1.9165103435516357 3889
1766857760992 2.0723845958709717 3899
1766857761340 2.068093776702881 3909
1766857761747 1.9719641208648682 3919
1766857762099 2.060539722442627 3929
1766857762445 1.987185001373291 3939
1766857762867 1.9648576974868774 3949
1766857763216 2.0006539821624756 3959
1766857763558 1.9044764041900635 3969
1766857763973 1.9132494926452637 3979
1766857764322 2.123211622238159 3989
1766857764667 2.0018293857574463 3999
1766857765081 2.142533540725708 4009
1766857765428 1.9583635330200195 4019
1766857769015 1.7069052457809448 4029
1766857769431 1.8097507953643799 4039
1766857769785 2.154862642288208 4049
1766857770188 1.8710415363311768 4059
1766857770540 1.7644708156585693 4069
1766857770920 1.8124306201934814 4079
1766857771327 2.1221683025360107 4089
1766857771672 2.1893303394317627 4099
1766857772020 2.2202601432800293 4109
1766857772437 1.9930287599563599 4119
1766857772787 1.862716794013977 4129
1766857773137 1.9767537117004395 4139
1766857773562 1.8246153593063354 4149
1766857773912 1.8602735996246338 4159
1766857774258 2.202793598175049 4169
1766857774659 1.837512493133545 4179
1766857775007 1.978886604309082 4189
1766857775353 2.0696537494659424 4199
1766857775766 2.1913788318634033 4209
1766857776111 2.0812339782714844 4219
1766857776460 2.1620609760284424 4229
1766857776879 2.153439998626709 4239
1766857777227 1.905228853225708 4249
1766857780506 2.110835552215576 4259
1766857780923 1.8083336353302002 4269
1766857781272 2.129885673522949 4279
1766857781624 1.8549087047576904 4289
1766857782045 1.9945826530456543 4299
1766857782391 1.991837501525879 4309
1766857782738 1.9369502067565918 4319
1766857783136 2.0074403285980225 4329
1766857783483 2.2128615379333496 4339
1766857783833 1.9335074424743652 4349
1766857787500 2.1366443634033203 4359
1766857787857 1.801917552947998 4369
1766857788207 1.937927007675171 4379
1766857788617 1.6655844449996948 4389
1766857788964 1.701981544494629 4399
1766857789310 2.270158290863037 4409
1766857789728 2.1705002784729004 4419
1766857790081 2.0661542415618896 4429
1766857790429 1.9525606632232666 4439
1766857790843 2.016918182373047 4449
1766857791192 2.024329900741577 4459
1766857791594 1.8085863590240479 4469
1766857791943 1.8853366374969482 4479
1766857792294 2.1558034420013428 4489
1766857792713 2.010434627532959 4499
1766857793060 2.1157028675079346 4509
1766857793409 1.8714523315429688 4519
1766857793831 2.1233444213867188 4529
1766857794202 1.8701552152633667 4539
1766857794547 1.9803423881530762 4549
1766857795659 1.9478949308395386 4559
1766857796006 2.10488224029541 4569
1766857796360 2.0152316093444824 4579
1766857796781 1.9340035915374756 4589
1766857797130 1.9515044689178467 4599
1766857797476 2.181068181991577 4609
1766857797900 2.1366424560546875 4619
1766857798254 2.2155885696411133 4629
1766857798604 2.1325125694274902 4639
1766857799024 2.0195627212524414 4649
1766857799380 2.072915554046631 4659
1766857799729 2.0130250453948975 4669
1766857800151 1.9177095890045166 4679
1766857800499 1.7375400066375732 4689
