1767290629821 0.0 9
1767290631956 0.0 19
1767290633730 0.0 29
1767290635436 0.0 39
1767290637151 0.0 49
1767290638868 0.0 59
1767290640573 0.0 69
1767290642281 0.0 79
1767290643987 0.0 89
1767290648616 0.0 99
1767290650327 0.0 109
1767290652030 0.0 119
1767290653742 0.0 129
1767290655442 0.0 139
1767290657157 0.0 149
1767290658871 0.0 159
1767290660576 0.0 169
1767290662288 0.0 179
1767290663996 0.0 189
1767290665706 0.0 199
1767290667418 0.0 209
1767290669131 0.0 219
1767290670840 0.0 229
1767290672552 0.0 239
1767290674263 0.0 249
1767290675977 0.0 259
1767290677687 0.0 269
1767290679402 0.0 279
1767290684051 0.0 289
1767290685762 0.0 299
1767290687483 0.0 309
1767290689207 0.0 319
1767290690933 0.0 329
1767290695891 0.0 334
1767290697002 1.0 339
1767290698691 1.0 349
1767290700391 1.0 359
1767290702086 1.0 369
1767290703786 1.0 379
1767290705489 1.0 389
1767290707195 1.0 399
1767290708900 1.0 409
1767290710610 1.0 419
1767290712319 1.0 429
1767290714034 1.0 439
1767290718660 1.0 449
1767290720381 1.0 459
1767290722092 1.0 469
1767290723812 1.0 479
1767290725559 1.0 489
1767290727304 1.0 499
1767290729048 1.0 509
1767290730786 1.0 519
1767290732530 1.0 529
1767290734275 1.0 539
1767290736034 1.0 549
1767290737778 1.0 559
1767290739523 1.0 569
1767290741267 1.0 579
1767290743013 1.0 589
1767290744755 1.0 599
1767290746505 1.0 609
1767290748258 1.0 619
1767290750001 1.0 629
1767290754677 1.0 639
1767290756414 1.0 649
1767290758160 1.0 659
1767290760111 1.0 669
1767290764106 1.0 669
1767290766120 2.0 679
1767290767867 2.0 689
1767290769615 2.0 699
1767290771364 2.0 709
1767290773116 2.0 719
1767290774870 2.0 729
1767290776617 2.0 739
1767290778363 2.0 749
1767290780108 2.0 759
1767290781857 2.0 769
1767290783605 2.0 779
1767290788283 2.0 789
1767290790029 2.0 799
1767290791779 2.0 809
1767290793529 2.0 819
1767290795277 2.0 829
1767290797027 2.0 839
1767290798789 2.0 849
1767290800553 2.0 859
1767290802294 2.0 869
1767290804034 2.0 879
1767290805778 2.0 889
1767290807517 2.0 899
1767290809258 2.0 909
1767290811006 2.0 919
1767290812744 2.0 929
1767290814481 2.0 939
1767290816228 2.0 949
1767290817984 2.0 959
1767290819720 2.0 969
1767290824400 2.0 979
1767290826153 2.0 989
1767290827874 2.0 999
1767290832892 2.0 1004
1767290834022 3.0 1009
1767290835747 3.0 1019
1767290837459 3.0 1029
1767290839172 3.0 1039
1767290840890 3.0 1049
1767290842603 3.0 1059
1767290844327 3.0 1069
1767290846041 3.0 1079
1767290847756 3.0 1089
1767290849472 3.0 1099
1767290851196 3.0 1109
1767290852925 3.0 1119
1767290854655 3.0 1129
1767290859317 3.0 1139
1767290861047 3.0 1149
1767290862777 3.0 1159
1767290864507 3.0 1169
1767290866240 3.0 1179
1767290867980 3.0 1189
1767290869704 3.0 1199
1767290871433 3.0 1209
1767290873157 3.0 1219
1767290874893 3.0 1229
1767290876623 3.0 1239
1767290878352 3.0 1249
1767290880086 3.0 1259
1767290881823 3.0 1269
1767290883577 3.0 1279
1767290885335 3.0 1289
1767290887081 3.0 1299
1767290888823 3.0 1309
1767290890567 3.0 1319
1767290895240 3.0 1329
1767290897202 3.0 1339
1767290901225 3.0 1339
1767290903229 4.0 1349
1767290904987 4.0 1359
1767290906737 4.0 1369
1767290908487 4.0 1379
1767290910236 4.0 1389
1767290911984 4.0 1399
1767290913732 4.0 1409
1767290915479 4.0 1419
1767290917220 4.0 1429
1767290918962 4.0 1439
1767290920707 4.0 1449
1767290922449 4.0 1459
1767290924195 4.0 1469
1767290925936 4.0 1479
1767290930610 4.0 1489
1767290932355 4.0 1499
1767290934107 4.0 1509
1767290935852 4.0 1519
1767290937614 4.0 1529
1767290939363 4.0 1539
1767290941114 4.0 1549
1767290942862 4.0 1559
1767290944620 4.0 1569
1767290946377 4.0 1579
1767290948128 4.0 1589
1767290949878 4.0 1599
1767290951627 4.0 1609
1767290953380 4.0 1619
1767290955138 4.0 1629
1767290956894 4.0 1639
1767290958645 4.0 1649
1767290960387 4.0 1659
1767290965032 4.0 1669
1767290970068 4.0 1674
1767290971199 5.0 1679
1767290972929 5.0 1689
1767290974645 5.0 1699
1767290976361 5.0 1709
1767290978076 5.0 1719
1767290979790 5.0 1729
1767290981529 5.0 1739
1767290983243 5.0 1749
1767290984957 5.0 1759
1767290986685 5.0 1769
1767290988408 5.0 1779
1767290990151 5.0 1789
1767290991873 5.0 1799
1767290993599 5.0 1809
1767290995322 5.0 1819
1767290999996 5.0 1829
1767291001719 5.0 1839
1767291003446 5.0 1849
1767291005179 5.0 1859
1767291006922 5.0 1869
1767291008652 5.0 1879
1767291010393 5.0 1889
1767291012121 5.0 1899
1767291013853 5.0 1909
1767291015583 5.0 1919
1767291017313 5.0 1929
1767291019045 5.0 1939
1767291020788 5.0 1949
1767291022521 5.0 1959
1767291024258 5.0 1969
1767291026003 5.0 1979
1767291027737 5.0 1989
1767291029480 5.0 1999
1767291031417 5.0 2009
1767291038399 5.0 2009
1767291040399 6.0 2019
1767291042136 6.0 2029
1767291043867 6.0 2039
1767291045600 6.0 2049
1767291047331 6.0 2059
1767291049070 6.0 2069
1767291050803 6.0 2079
1767291052538 6.0 2089
1767291054303 6.0 2099
1767291056058 6.0 2109
1767291057826 6.0 2119
1767291059579 6.0 2129
1767291061337 6.0 2139
1767291063092 6.0 2149
1767291064835 6.0 2159
1767291066592 6.0 2169
1767291071271 6.0 2179
1767291073015 6.0 2189
1767291074753 6.0 2199
1767291076497 6.0 2209
1767291078240 6.0 2219
1767291079987 6.0 2229
1767291081743 6.0 2239
1767291083491 6.0 2249
1767291085247 6.0 2259
1767291086999 6.0 2269
1767291088747 6.0 2279
1767291090495 6.0 2289
1767291092246 6.0 2299
1767291093982 6.0 2309
1767291095708 6.0 2319
1767291097439 6.0 2329
1767291099177 6.0 2339
1767291107225 6.0 2344
1767291108374 7.0 2349
1767291110100 7.0 2359
1767291111840 7.0 2369
1767291113572 7.0 2379
1767291115301 7.0 2389
1767291117031 7.0 2399
1767291118755 7.0 2409
1767291120478 7.0 2419
1767291122212 7.0 2429
1767291123950 7.0 2439
1767291125692 7.0 2449
1767291127446 7.0 2459
1767291129184 7.0 2469
1767291130920 7.0 2479
1767291132660 7.0 2489
1767291134395 7.0 2499
1767291136126 7.0 2509
1767291140799 7.0 2519
1767291142558 7.0 2529
1767291144308 7.0 2539
1767291146061 7.0 2549
1767291147824 7.0 2559
1767291149573 7.0 2569
1767291151323 7.0 2579
1767291153092 7.0 2589
1767291154849 7.0 2599
1767291156600 7.0 2609
1767291158356 7.0 2619
1767291160112 7.0 2629
1767291161878 7.0 2639
1767291163634 7.0 2649
1767291165394 7.0 2659
1767291167149 7.0 2669
1767291169118 7.0 2679
1767291176107 7.0 2679
1767291178144 8.0 2689
1767291179900 8.0 2699
1767291181656 8.0 2709
1767291183411 8.0 2719
1767291185165 8.0 2729
1767291186920 8.0 2739
1767291188692 8.0 2749
1767291190450 8.0 2759
1767291192206 8.0 2769
1767291193965 8.0 2779
1767291195719 8.0 2789
1767291197483 8.0 2799
1767291199241 8.0 2809
1767291200999 8.0 2819
1767291202757 8.0 2829
1767291204530 8.0 2839
1767291206289 8.0 2849
1767291210982 8.0 2859
1767291212751 8.0 2869
1767291214513 8.0 2879
1767291216267 8.0 2889
1767291218034 8.0 2899
1767291219798 8.0 2909
1767291221555 8.0 2919
1767291223315 8.0 2929
1767291225068 8.0 2939
1767291226848 8.0 2949
1767291228603 8.0 2959
1767291230334 8.0 2969
1767291232075 8.0 2979
1767291233805 8.0 2989
1767291235551 8.0 2999
1767291237288 8.0 3009
1767291242357 8.0 3014
1767291246413 9.0 3019
1767291248149 9.0 3029
1767291249890 9.0 3039
1767291251620 9.0 3049
1767291253349 9.0 3059
1767291255085 9.0 3069
1767291256821 9.0 3079
1767291258566 9.0 3089
1767291260318 9.0 3099
1767291262070 9.0 3109
1767291263821 9.0 3119
1767291265577 9.0 3129
1767291267331 9.0 3139
1767291269074 9.0 3149
1767291270815 9.0 3159
1767291272562 9.0 3169
1767291274309 9.0 3179
1767291276052 9.0 3189
1767291280736 9.0 3199
1767291282489 9.0 3209
1767291284234 9.0 3219
1767291285977 9.0 3229
1767291287720 9.0 3239
1767291289462 9.0 3249
1767291291221 9.0 3259
1767291292975 9.0 3269
1767291294717 9.0 3279
1767291296460 9.0 3289
1767291298203 9.0 3299
1767291299950 9.0 3309
1767291301697 9.0 3319
1767291303445 9.0 3329
1767291305191 9.0 3339
1767291307140 9.0 3349
1767291311220 9.0 3349
1767291316153 10.0 3359
1767291317910 10.0 3369
1767291319663 10.0 3379
1767291321425 10.0 3389
1767291323196 10.0 3399
1767291324956 10.0 3409
1767291326717 10.0 3419
1767291328911 10.0 3429
1767291330667 10.0 3439
1767291332431 10.0 3449
1767291334183 10.0 3459
1767291335934 10.0 3469
1767291337689 10.0 3479
1767291339445 10.0 3489
1767291341200 10.0 3499
1767291342974 10.0 3509
1767291344730 10.0 3519
1767291346498 10.0 3529
1767291351188 10.0 3539
1767291352947 10.0 3549
1767291354761 10.0 3559
1767291356593 10.0 3569
1767291358378 10.0 3579
1767291360138 10.0 3589
1767291361905 10.0 3599
1767291363685 10.0 3609
1767291365452 10.0 3619
1767291367233 10.0 3629
1767291369000 10.0 3639
1767291370772 10.0 3649
1767291372546 10.0 3659
1767291374356 10.0 3669
1767291376191 10.0 3679
1767291381595 10.0 3684
1767291382741 11.0 3689
1767291387438 11.0 3699
1767291389187 11.0 3709
1767291390945 11.0 3719
1767291392695 11.0 3729
1767291394466 11.0 3739
1767291396256 11.0 3749
1767291398030 11.0 3759
1767291399810 11.0 3769
1767291401592 11.0 3779
1767291403369 11.0 3789
1767291405173 11.0 3799
1767291407010 11.0 3809
1767291408784 11.0 3819
1767291410550 11.0 3829
1767291412308 11.0 3839
1767291414090 11.0 3849
1767291415867 11.0 3859
1767291417661 11.0 3869
1767291422416 11.0 3879
1767291424205 11.0 3889
1767291426007 11.0 3899
1767291427822 11.0 3909
1767291429614 11.0 3919
1767291431397 11.0 3929
1767291433182 11.0 3939
1767291434961 11.0 3949
1767291436740 11.0 3959
1767291438567 11.0 3969
1767291440355 11.0 3979
1767291442125 11.0 3989
1767291443903 11.0 3999
1767291445671 11.0 4009
1767291447642 11.0 4019
1767291451759 11.0 4019
1767291456711 12.0 4029
1767291458449 12.0 4039
1767291460187 12.0 4049
1767291461929 12.0 4059
1767291463683 12.0 4069
1767291465417 12.0 4079
1767291467153 12.0 4089
1767291468894 12.0 4099
1767291470649 12.0 4109
1767291472378 12.0 4119
1767291474109 12.0 4129
1767291475860 12.0 4139
1767291477632 12.0 4149
1767291479384 12.0 4159
1767291481162 12.0 4169
1767291482921 12.0 4179
1767291484684 12.0 4189
1767291486454 12.0 4199
1767291488214 12.0 4209
1767291492893 12.0 4219
1767291494658 12.0 4229
1767291496412 12.0 4239
1767291498172 12.0 4249
1767291499918 12.0 4259
1767291501650 12.0 4269
1767291503396 12.0 4279
1767291505123 12.0 4289
1767291506866 12.0 4299
1767291508593 12.0 4309
1767291510343 12.0 4319
1767291512091 12.0 4329
1767291513846 12.0 4339
1767291515597 12.0 4349
1767291520806 12.0 4354
1767291521956 13.0 4359
1767291523711 13.0 4369
1767291528396 13.0 4379
1767291530157 13.0 4389
1767291531914 13.0 4399
1767291533663 13.0 4409
1767291535434 13.0 4419
1767291537192 13.0 4429
1767291538941 13.0 4439
1767291540702 13.0 4449
1767291542457 13.0 4459
1767291544204 13.0 4469
1767291545964 13.0 4479
1767291547708 13.0 4489
1767291549474 13.0 4499
1767291551215 13.0 4509
1767291552964 13.0 4519
1767291554721 13.0 4529
1767291556475 13.0 4539
1767291558236 13.0 4549
1767291562933 13.0 4559
1767291564688 13.0 4569
1767291566463 13.0 4579
1767291568225 13.0 4589
1767291570023 13.0 4599
1767291571807 13.0 4609
1767291573580 13.0 4619
1767291575346 13.0 4629
1767291577109 13.0 4639
1767291578893 13.0 4649
1767291580651 13.0 4659
1767291582413 13.0 4669
1767291584173 13.0 4679
1767291586142 13.0 4689
1767291590224 13.0 4689
1767291592230 14.0 4699
1767291593966 14.0 4709
1767291598637 14.0 4719
1767291600370 14.0 4729
1767291602115 14.0 4739
1767291603858 14.0 4749
1767291605605 14.0 4759
1767291607356 14.0 4769
1767291609115 14.0 4779
1767291610854 14.0 4789
1767291612601 14.0 4799
1767291614348 14.0 4809
1767291616086 14.0 4819
1767291617830 14.0 4829
1767291619586 14.0 4839
1767291621350 14.0 4849
1767291623101 14.0 4859
1767291624870 14.0 4869
1767291626634 14.0 4879
1767291628383 14.0 4889
1767291633054 14.0 4899
1767291634805 14.0 4909
1767291636558 14.0 4919
1767291638306 14.0 4929
1767291640056 14.0 4939
1767291641819 14.0 4949
1767291643566 14.0 4959
1767291645360 14.0 4969
1767291647152 14.0 4979
1767291648950 14.0 4989
1767291650728 14.0 4999
1767291652509 14.0 5009
1767291654287 14.0 5019
1767291659549 14.0 5024
1767291660698 15.0 5029
1767291662458 15.0 5039
1767291664212 15.0 5049
1767291668907 15.0 5059
1767291670675 15.0 5069
1767291672423 15.0 5079
1767291674170 15.0 5089
1767291675907 15.0 5099
1767291677662 15.0 5109
1767291679394 15.0 5119
1767291681130 15.0 5129
1767291682878 15.0 5139
1767291684627 15.0 5149
1767291686360 15.0 5159
1767291688088 15.0 5169
1767291689839 15.0 5179
1767291691568 15.0 5189
1767291693316 15.0 5199
1767291695046 15.0 5209
1767291696776 15.0 5219
1767291698527 15.0 5229
1767291703187 15.0 5239
1767291704945 15.0 5249
1767291706693 15.0 5259
1767291708446 15.0 5269
1767291710206 15.0 5279
1767291711950 15.0 5289
1767291713694 15.0 5299
1767291715448 15.0 5309
1767291717213 15.0 5319
1767291718956 15.0 5329
1767291720712 15.0 5339
1767291722477 15.0 5349
1767291724430 15.0 5359
1767291728474 15.0 5359
1767291730499 16.0 5369
1767291732665 16.0 5379
1767291734404 16.0 5389
1767291739075 16.0 5399
1767291740815 16.0 5409
1767291742574 16.0 5419
1767291744311 16.0 5429
1767291746048 16.0 5439
1767291747793 16.0 5449
1767291749552 16.0 5459
1767291751299 16.0 5469
1767291753039 16.0 5479
1767291754785 16.0 5489
1767291756541 16.0 5499
1767291758274 16.0 5509
1767291760009 16.0 5519
1767291761744 16.0 5529
1767291763485 16.0 5539
1767291765237 16.0 5549
1767291766971 16.0 5559
1767291768702 16.0 5569
1767291773368 16.0 5579
1767291775119 16.0 5589
1767291776856 16.0 5599
1767291778608 16.0 5609
1767291780348 16.0 5619
1767291782114 16.0 5629
1767291783881 16.0 5639
1767291785625 16.0 5649
1767291787372 16.0 5659
1767291789130 16.0 5669
1767291790897 16.0 5679
1767291792641 16.0 5689
1767291797794 16.0 5694
1767291798956 17.0 5699
1767291800723 17.0 5709
1767291802491 17.0 5719
1767291804236 17.0 5729
1767291808904 17.0 5739
1767291810635 17.0 5749
1767291812387 17.0 5759
1767291814118 17.0 5769
1767291815851 17.0 5779
1767291817584 17.0 5789
1767291819327 17.0 5799
1767291821062 17.0 5809
1767291822818 17.0 5819
1767291824550 17.0 5829
1767291826296 17.0 5839
1767291828042 17.0 5849
1767291829790 17.0 5859
1767291831526 17.0 5869
1767291833258 17.0 5879
1767291835011 17.0 5889
1767291836753 17.0 5899
1767291838509 17.0 5909
1767291840256 17.0 5919
1767291844935 17.0 5929
1767291846678 17.0 5939
1767291848450 17.0 5949
1767291850197 17.0 5959
1767291851952 17.0 5969
1767291853721 17.0 5979
1767291855465 17.0 5989
1767291857230 17.0 5999
1767291858980 17.0 6009
1767291860748 17.0 6019
1767291862697 17.0 6029
1767291866790 17.0 6029
1767291868823 18.0 6039
1767291870591 18.0 6049
1767291872351 18.0 6059
1767291874117 18.0 6069
1767291878824 18.0 6079
1767291880596 18.0 6089
1767291882353 18.0 6099
1767291884133 18.0 6109
1767291885903 18.0 6119
1767291887652 18.0 6129
1767291889390 18.0 6139
1767291891146 18.0 6149
1767291892902 18.0 6159
1767291894640 18.0 6169
1767291896376 18.0 6179
1767291898135 18.0 6189
1767291899872 18.0 6199
1767291901638 18.0 6209
1767291903373 18.0 6219
1767291905108 18.0 6229
1767291906855 18.0 6239
1767291908617 18.0 6249
1767291910353 18.0 6259
1767291915027 18.0 6269
1767291916790 18.0 6279
1767291918560 18.0 6289
1767291920309 18.0 6299
1767291922056 18.0 6309
1767291923812 18.0 6319
1767291925580 18.0 6329
1767291927328 18.0 6339
1767291929098 18.0 6349
1767291930867 18.0 6359
1767291936011 18.0 6364
1767291937153 19.0 6369
1767291938929 19.0 6379
1767291940670 19.0 6389
1767291942436 19.0 6399
1767291944172 19.0 6409
1767291945933 19.0 6419
1767291950588 19.0 6429
1767291952327 19.0 6439
1767291954089 19.0 6449
1767291955821 19.0 6459
1767291957578 19.0 6469
1767291959321 19.0 6479
1767291961056 19.0 6489
1767291962811 19.0 6499
1767291964572 19.0 6509
1767291966307 19.0 6519
1767291968042 19.0 6529
1767291969805 19.0 6539
1767291971547 19.0 6549
1767291973315 19.0 6559
1767291975063 19.0 6569
1767291976832 19.0 6579
1767291978595 19.0 6589
1767291980347 19.0 6599
1767291985034 19.0 6609
1767291986798 19.0 6619
1767291988567 19.0 6629
1767291990319 19.0 6639
1767291992075 19.0 6649
1767291993822 19.0 6659
1767291995595 19.0 6669
1767291997342 19.0 6679
1767291999104 19.0 6689
1767292001078 19.0 6699
1767292005690 19.0 6699
1767292007743 20.0 6709
1767292009514 20.0 6719
1767292011281 20.0 6729
1767292013036 20.0 6739
1767292014798 20.0 6749
1767292019500 20.0 6759
1767292021256 20.0 6769
1767292023015 20.0 6779
1767292024772 20.0 6789
1767292026539 20.0 6799
1767292028299 20.0 6809
1767292030058 20.0 6819
1767292031831 20.0 6829
1767292033588 20.0 6839
1767292035345 20.0 6849
1767292037099 20.0 6859
1767292038875 20.0 6869
1767292040631 20.0 6879
1767292042395 20.0 6889
1767292044166 20.0 6899
1767292045924 20.0 6909
1767292047713 20.0 6919
1767292049484 20.0 6929
1767292051244 20.0 6939
1767292055944 20.0 6949
1767292057720 20.0 6959
1767292059480 20.0 6969
1767292061264 20.0 6979
1767292063036 20.0 6989
1767292064805 20.0 6999
1767292066584 20.0 7009
1767292068358 20.0 7019
1767292070124 20.0 7029
1767292075341 20.0 7034
1767292076481 21.0 7039
1767292078220 21.0 7049
1767292080028 21.0 7059
1767292081766 21.0 7069
1767292083507 21.0 7079
1767292085250 21.0 7089
1767292089923 21.0 7099
1767292091685 21.0 7109
1767292093425 21.0 7119
1767292095161 21.0 7129
1767292096898 21.0 7139
1767292098659 21.0 7149
1767292100426 21.0 7159
1767292102168 21.0 7169
1767292103912 21.0 7179
1767292105684 21.0 7189
1767292107461 21.0 7199
1767292109210 21.0 7209
1767292110988 21.0 7219
1767292112767 21.0 7229
1767292114513 21.0 7239
1767292116289 21.0 7249
1767292118063 21.0 7259
1767292119815 21.0 7269
1767292121566 21.0 7279
1767292126269 21.0 7289
1767292128044 21.0 7299
1767292129799 21.0 7309
1767292131552 21.0 7319
1767292133328 21.0 7329
1767292135073 21.0 7339
1767292136824 21.0 7349
1767292138596 21.0 7359
1767292141011 21.0 7369
1767292145063 21.0 7369
1767292147113 22.0 7379
1767292148884 22.0 7389
1767292150634 22.0 7399
1767292152400 22.0 7409
1767292154176 22.0 7419
1767292155927 22.0 7429
1767292160618 22.0 7439
1767292162391 22.0 7449
1767292164163 22.0 7459
1767292165921 22.0 7469
1767292167685 22.0 7479
1767292169462 22.0 7489
1767292171223 22.0 7499
1767292172993 22.0 7509
1767292174791 22.0 7519
1767292176556 22.0 7529
1767292178334 22.0 7539
1767292180109 22.0 7549
1767292181885 22.0 7559
1767292183651 22.0 7569
1767292185431 22.0 7579
1767292187188 22.0 7589
1767292188969 22.0 7599
1767292190746 22.0 7609
1767292195430 22.0 7619
1767292197194 22.0 7629
1767292198967 22.0 7639
1767292200724 22.0 7649
1767292202484 22.0 7659
1767292204247 22.0 7669
1767292206019 22.0 7679
1767292207779 22.0 7689
1767292209539 22.0 7699
1767292214708 22.0 7704
