1767290629821 3.3781392574310303 9
1767290631956 3.077488660812378 19
1767290633730 3.1701009273529053 29
1767290635436 2.74906587600708 39
1767290637151 2.7297885417938232 49
1767290638868 2.944089412689209 59
1767290640573 3.0902180671691895 69
1767290642281 2.699110507965088 79
1767290643987 3.0001251697540283 89
1767290648616 3.0153896808624268 99
1767290650327 2.7307701110839844 109
1767290652030 2.6884243488311768 119
1767290653742 2.694502592086792 129
1767290655442 2.862274646759033 139
1767290657157 2.49318265914917 149
1767290658871 2.814081907272339 159
1767290660576 2.6228702068328857 169
1767290662288 3.041201114654541 179
1767290663996 3.166996717453003 189
1767290665706 2.4463307857513428 199
1767290667418 2.934648036956787 209
1767290669131 2.6724486351013184 219
1767290670840 2.615095853805542 229
1767290672552 2.422271251678467 239
1767290674263 2.8631608486175537 249
1767290675977 2.62465763092041 259
1767290677687 2.526008367538452 269
1767290679402 2.9493489265441895 279
1767290684051 2.751781940460205 289
1767290685762 2.781888008117676 299
1767290687483 2.907123565673828 309
1767290689207 2.703097105026245 319
1767290690933 2.76847243309021 329
1767290697002 2.6284708976745605 339
1767290698691 2.520395278930664 349
1767290700391 2.658287525177002 359
1767290702086 2.7751646041870117 369
1767290703786 2.7624611854553223 379
1767290705489 2.816589832305908 389
1767290707195 2.650489091873169 399
1767290708900 2.8457260131835938 409
1767290710610 2.6365256309509277 419
1767290712319 2.719031810760498 429
1767290714034 2.6125423908233643 439
1767290718660 2.846048593521118 449
1767290720381 2.5152478218078613 459
1767290722092 2.4865150451660156 469
1767290723812 2.3493781089782715 479
1767290725559 2.581357002258301 489
1767290727304 2.6470727920532227 499
1767290729048 2.68707275390625 509
1767290730786 2.3908839225769043 519
1767290732530 2.8888661861419678 529
1767290734275 2.7185516357421875 539
1767290736034 2.8071303367614746 549
1767290737778 2.8801112174987793 559
1767290739523 2.7147867679595947 569
1767290741267 2.6174354553222656 579
1767290743013 2.6737070083618164 589
1767290744755 2.705141067504883 599
1767290746505 2.8535780906677246 609
1767290748258 2.6045730113983154 619
1767290750001 2.575420618057251 629
1767290754677 2.4633827209472656 639
1767290756414 2.651416540145874 649
1767290758160 2.615508556365967 659
1767290760111 2.5882809162139893 669
1767290766120 2.387997627258301 679
1767290767867 2.4952056407928467 689
1767290769615 2.3644182682037354 699
1767290771364 2.575697183609009 709
1767290773116 2.6892855167388916 719
1767290774870 2.4376606941223145 729
1767290776617 2.523392677307129 739
1767290778363 2.8218038082122803 749
1767290780108 2.5300261974334717 759
1767290781857 2.67149019241333 769
1767290783605 2.6000475883483887 779
1767290788283 2.6352829933166504 789
1767290790029 2.240943193435669 799
1767290791779 2.662890911102295 809
1767290793529 2.4660658836364746 819
1767290795277 2.671623468399048 829
1767290797027 2.7414169311523438 839
1767290798789 2.4611458778381348 849
1767290800553 2.385209083557129 859
1767290802294 2.4841132164001465 869
1767290804034 2.502329111099243 879
1767290805778 2.528148889541626 889
1767290807517 2.6089980602264404 899
1767290809258 2.3875489234924316 909
1767290811006 2.9185996055603027 919
1767290812744 2.650282859802246 929
1767290814481 2.5107340812683105 939
1767290816228 2.5820412635803223 949
1767290817984 2.4294495582580566 959
1767290819720 2.687917709350586 969
1767290824400 2.646653652191162 979
1767290826153 2.457465171813965 989
1767290827874 2.5655899047851562 999
1767290834022 2.341735601425171 1009
1767290835747 2.5081706047058105 1019
1767290837459 2.6378395557403564 1029
1767290839172 2.5245423316955566 1039
1767290840890 2.5165915489196777 1049
1767290842603 2.469099998474121 1059
1767290844327 2.7110249996185303 1069
1767290846041 2.564894676208496 1079
1767290847756 2.6443471908569336 1089
1767290849472 2.531954050064087 1099
1767290851196 2.464064598083496 1109
1767290852925 2.6295223236083984 1119
1767290854655 2.1808862686157227 1129
1767290859317 2.389765501022339 1139
1767290861047 2.7252867221832275 1149
1767290862777 2.411893606185913 1159
1767290864507 2.6274092197418213 1169
1767290866240 2.224900245666504 1179
1767290867980 2.5100836753845215 1189
1767290869704 2.862610101699829 1199
1767290871433 2.676612377166748 1209
1767290873157 2.359818458557129 1219
1767290874893 2.541102170944214 1229
1767290876623 2.540104866027832 1239
1767290878352 2.3735594749450684 1249
1767290880086 2.678877353668213 1259
1767290881823 2.731781005859375 1269
1767290883577 2.5191125869750977 1279
1767290885335 2.4553489685058594 1289
1767290887081 2.0795116424560547 1299
1767290888823 2.654599189758301 1309
1767290890567 2.653806447982788 1319
1767290895240 2.3567349910736084 1329
1767290897202 2.2109789848327637 1339
1767290903229 2.670546770095825 1349
1767290904987 2.5738282203674316 1359
1767290906737 2.3653640747070312 1369
1767290908487 2.5307626724243164 1379
1767290910236 2.4994919300079346 1389
1767290911984 2.681762218475342 1399
1767290913732 2.267306327819824 1409
1767290915479 2.5215797424316406 1419
1767290917220 2.515808582305908 1429
1767290918962 2.480764865875244 1439
1767290920707 2.5619583129882812 1449
1767290922449 2.377512216567993 1459
1767290924195 2.518519639968872 1469
1767290925936 2.3573009967803955 1479
1767290930610 2.209801197052002 1489
1767290932355 2.4148221015930176 1499
1767290934107 2.568236827850342 1509
1767290935852 2.320794105529785 1519
1767290937614 2.541245698928833 1529
1767290939363 2.2074713706970215 1539
1767290941114 2.342609405517578 1549
1767290942862 2.415682315826416 1559
1767290944620 2.291713237762451 1569
1767290946377 2.1815552711486816 1579
1767290948128 2.4798779487609863 1589
1767290949878 2.260586738586426 1599
1767290951627 2.6132891178131104 1609
1767290953380 2.321077346801758 1619
1767290955138 2.2276365756988525 1629
1767290956894 2.427180051803589 1639
1767290958645 2.4697885513305664 1649
1767290960387 2.21311092376709 1659
1767290965032 2.4277658462524414 1669
1767290971199 2.280848741531372 1679
1767290972929 2.3160431385040283 1689
1767290974645 2.327770233154297 1699
1767290976361 2.461090087890625 1709
1767290978076 2.271725654602051 1719
1767290979790 2.558535099029541 1729
1767290981529 2.2573349475860596 1739
1767290983243 2.611003875732422 1749
1767290984957 2.2693803310394287 1759
1767290986685 2.50894832611084 1769
1767290988408 2.4300951957702637 1779
1767290990151 2.367119073867798 1789
1767290991873 2.322226047515869 1799
1767290993599 2.222752571105957 1809
1767290995322 2.487400770187378 1819
1767290999996 2.409991979598999 1829
1767291001719 2.3915982246398926 1839
1767291003446 2.4227304458618164 1849
1767291005179 2.3667328357696533 1859
1767291006922 2.2363500595092773 1869
1767291008652 2.2874884605407715 1879
1767291010393 2.5890159606933594 1889
1767291012121 2.2478315830230713 1899
1767291013853 2.475053310394287 1909
1767291015583 2.2769250869750977 1919
1767291017313 2.3797059059143066 1929
1767291019045 2.3540749549865723 1939
1767291020788 2.2834854125976562 1949
1767291022521 2.4454407691955566 1959
1767291024258 2.243680953979492 1969
1767291026003 2.489434003829956 1979
1767291027737 2.2977652549743652 1989
1767291029480 2.349458694458008 1999
1767291031417 2.4836602210998535 2009
1767291040399 2.2074501514434814 2019
1767291042136 2.2095582485198975 2029
1767291043867 2.039057731628418 2039
1767291045600 2.3085432052612305 2049
1767291047331 2.14666485786438 2059
1767291049070 2.5629210472106934 2069
1767291050803 2.198681354522705 2079
1767291052538 2.2545950412750244 2089
1767291054303 2.6185901165008545 2099
1767291056058 2.6525580883026123 2109
1767291057826 2.6472034454345703 2119
1767291059579 2.578272819519043 2129
1767291061337 2.1330626010894775 2139
1767291063092 2.2524759769439697 2149
1767291064835 2.283475875854492 2159
1767291066592 2.254694938659668 2169
1767291071271 2.574350595474243 2179
1767291073015 2.5794034004211426 2189
1767291074753 2.3530311584472656 2199
1767291076497 2.501894235610962 2209
1767291078240 2.588402271270752 2219
1767291079987 2.3939900398254395 2229
1767291081743 2.742227077484131 2239
1767291083491 2.8778738975524902 2249
1767291085247 2.833763599395752 2259
1767291086999 2.6860523223876953 2269
1767291088747 2.704369306564331 2279
1767291090495 2.346249580383301 2289
1767291092246 2.6641643047332764 2299
1767291093982 2.5402841567993164 2309
1767291095708 2.4455246925354004 2319
1767291097439 2.472660779953003 2329
1767291099177 2.497098445892334 2339
1767291108374 2.466946601867676 2349
1767291110100 2.3760435581207275 2359
1767291111840 2.60359263420105 2369
1767291113572 2.6329429149627686 2379
1767291115301 2.517019271850586 2389
1767291117031 2.3524649143218994 2399
1767291118755 2.631777286529541 2409
1767291120478 2.465061902999878 2419
1767291122212 2.4524919986724854 2429
1767291123950 2.7280466556549072 2439
1767291125692 2.260754108428955 2449
1767291127446 2.6606605052948 2459
1767291129184 2.1960110664367676 2469
1767291130920 2.525188446044922 2479
1767291132660 2.5009212493896484 2489
1767291134395 2.53444504737854 2499
1767291136126 2.451467514038086 2509
1767291140799 2.137894630432129 2519
1767291142558 2.563307762145996 2529
1767291144308 2.4161105155944824 2539
1767291146061 2.483421802520752 2549
1767291147824 2.443631649017334 2559
1767291149573 2.482248067855835 2569
1767291151323 2.3074703216552734 2579
1767291153092 2.4112322330474854 2589
1767291154849 2.409306764602661 2599
1767291156600 2.4338109493255615 2609
1767291158356 2.51601243019104 2619
1767291160112 2.7697153091430664 2629
1767291161878 2.566871166229248 2639
1767291163634 2.4825825691223145 2649
1767291165394 2.433894157409668 2659
1767291167149 2.193416118621826 2669
1767291169118 2.2761385440826416 2679
1767291178144 2.28420352935791 2689
1767291179900 2.5237255096435547 2699
1767291181656 2.3584396839141846 2709
1767291183411 2.494535446166992 2719
1767291185165 2.477614402770996 2729
1767291186920 2.423123359680176 2739
1767291188692 2.3457932472229004 2749
1767291190450 2.2118911743164062 2759
1767291192206 2.3848886489868164 2769
1767291193965 2.4378299713134766 2779
1767291195719 2.390421152114868 2789
1767291197483 2.425483226776123 2799
1767291199241 2.3940744400024414 2809
1767291200999 2.2675390243530273 2819
1767291202757 2.2778961658477783 2829
1767291204530 2.4369113445281982 2839
1767291206289 2.2995641231536865 2849
1767291210982 2.4625582695007324 2859
1767291212751 2.406559705734253 2869
1767291214513 2.390333414077759 2879
1767291216267 2.3462865352630615 2889
1767291218034 2.336885690689087 2899
1767291219798 2.5113604068756104 2909
1767291221555 2.3013393878936768 2919
1767291223315 2.2407734394073486 2929
1767291225068 2.7872631549835205 2939
1767291226848 2.431166172027588 2949
1767291228603 2.2311606407165527 2959
1767291230334 2.1579761505126953 2969
1767291232075 2.4912304878234863 2979
1767291233805 2.2013354301452637 2989
1767291235551 2.5894887447357178 2999
1767291237288 2.2460601329803467 3009
1767291246413 2.537886142730713 3019
1767291248149 2.4829766750335693 3029
1767291249890 2.1420345306396484 3039
1767291251620 2.434854507446289 3049
1767291253349 2.6259799003601074 3059
1767291255085 2.1879327297210693 3069
1767291256821 2.4125876426696777 3079
1767291258566 2.3910841941833496 3089
1767291260318 2.440080165863037 3099
1767291262070 2.3022594451904297 3109
1767291263821 2.2456135749816895 3119
1767291265577 2.4404382705688477 3129
1767291267331 2.2713403701782227 3139
1767291269074 2.452115535736084 3149
1767291270815 2.2417917251586914 3159
1767291272562 2.4914798736572266 3169
1767291274309 2.130195140838623 3179
1767291276052 2.404100179672241 3189
1767291280736 2.3534374237060547 3199
1767291282489 2.285517930984497 3209
1767291284234 2.5790348052978516 3219
1767291285977 2.311005115509033 3229
1767291287720 2.4837398529052734 3239
1767291289462 2.4448156356811523 3249
1767291291221 2.3986406326293945 3259
1767291292975 2.1214723587036133 3269
1767291294717 2.1415212154388428 3279
1767291296460 1.9997708797454834 3289
1767291298203 2.2224199771881104 3299
1767291299950 2.252558708190918 3309
1767291301697 2.30098819732666 3319
1767291303445 2.4805922508239746 3329
1767291305191 2.1014835834503174 3339
1767291307140 2.1458487510681152 3349
1767291316153 2.1706719398498535 3359
1767291317910 2.3719191551208496 3369
1767291319663 2.123826503753662 3379
1767291321425 2.3441314697265625 3389
1767291323196 2.6019697189331055 3399
1767291324956 2.361970901489258 3409
1767291326717 2.179293394088745 3419
1767291328911 2.3272616863250732 3429
1767291330667 2.0454459190368652 3439
1767291332431 2.326735496520996 3449
1767291334183 2.3442630767822266 3459
1767291335934 2.19803524017334 3469
1767291337689 2.367638349533081 3479
1767291339445 2.281477451324463 3489
1767291341200 2.5734317302703857 3499
1767291342974 2.2923004627227783 3509
1767291344730 2.275423526763916 3519
1767291346498 2.597573757171631 3529
1767291351188 2.175487518310547 3539
1767291352947 2.3200764656066895 3549
1767291354761 2.2624640464782715 3559
1767291356593 2.354597568511963 3569
1767291358378 2.4030416011810303 3579
1767291360138 2.2095065116882324 3589
1767291361905 2.4728012084960938 3599
1767291363685 2.411938190460205 3609
1767291365452 2.302274703979492 3619
1767291367233 2.2006983757019043 3629
1767291369000 2.624494791030884 3639
1767291370772 2.188607692718506 3649
1767291372546 2.4433393478393555 3659
1767291374356 2.1321394443511963 3669
1767291376191 2.4262561798095703 3679
1767291382741 2.2754695415496826 3689
1767291387438 2.3091070652008057 3699
1767291389187 2.0927491188049316 3709
1767291390945 2.0856127738952637 3719
1767291392695 2.2682814598083496 3729
1767291394466 2.1510238647460938 3739
1767291396256 2.3791511058807373 3749
1767291398030 2.1522281169891357 3759
1767291399810 2.3782002925872803 3769
1767291401592 2.4311535358428955 3779
1767291403369 2.290090322494507 3789
1767291405173 2.2104129791259766 3799
1767291407010 2.3959739208221436 3809
1767291408784 2.281998872756958 3819
1767291410550 2.0398647785186768 3829
1767291412308 2.3571724891662598 3839
1767291414090 2.5186259746551514 3849
1767291415867 2.471329927444458 3859
1767291417661 2.5450336933135986 3869
1767291422416 2.4933054447174072 3879
1767291424205 2.1442625522613525 3889
1767291426007 2.0913894176483154 3899
1767291427822 2.5603718757629395 3909
1767291429614 2.2042384147644043 3919
1767291431397 2.3396108150482178 3929
1767291433182 2.1138768196105957 3939
1767291434961 1.9828474521636963 3949
1767291436740 2.348222494125366 3959
1767291438567 2.305459499359131 3969
1767291440355 1.9868628978729248 3979
1767291442125 2.3715453147888184 3989
1767291443903 2.3482255935668945 3999
1767291445671 2.4322879314422607 4009
1767291447642 2.309528350830078 4019
1767291456711 2.3429601192474365 4029
1767291458449 2.3443751335144043 4039
1767291460187 2.2128612995147705 4049
1767291461929 2.4318606853485107 4059
1767291463683 2.2038393020629883 4069
1767291465417 2.478149890899658 4079
1767291467153 2.364032030105591 4089
1767291468894 2.222574234008789 4099
1767291470649 2.000302791595459 4109
1767291472378 2.1191492080688477 4119
1767291474109 2.3613176345825195 4129
1767291475860 1.9991066455841064 4139
1767291477632 2.329439640045166 4149
1767291479384 2.2709734439849854 4159
1767291481162 2.371211051940918 4169
1767291482921 2.524994134902954 4179
1767291484684 2.4461071491241455 4189
1767291486454 2.5160701274871826 4199
1767291488214 2.247532606124878 4209
1767291492893 2.0142250061035156 4219
1767291494658 2.3419528007507324 4229
1767291496412 2.391392707824707 4239
1767291498172 2.3545446395874023 4249
1767291499918 2.1529221534729004 4259
1767291501650 2.1695048809051514 4269
1767291503396 2.2063682079315186 4279
1767291505123 2.3370370864868164 4289
1767291506866 2.6244935989379883 4299
1767291508593 2.5030412673950195 4309
1767291510343 2.3214216232299805 4319
1767291512091 2.2783544063568115 4329
1767291513846 2.5678744316101074 4339
1767291515597 2.262617349624634 4349
1767291521956 2.6813573837280273 4359
1767291523711 2.3006579875946045 4369
1767291528396 2.2937862873077393 4379
1767291530157 2.3881990909576416 4389
1767291531914 2.4722933769226074 4399
1767291533663 2.404176950454712 4409
1767291535434 2.26505184173584 4419
1767291537192 2.1634645462036133 4429
1767291538941 2.5942509174346924 4439
1767291540702 2.2329187393188477 4449
1767291542457 2.6328208446502686 4459
1767291544204 2.260000228881836 4469
1767291545964 2.3529741764068604 4479
1767291547708 2.087613582611084 4489
1767291549474 2.2418625354766846 4499
1767291551215 2.0190646648406982 4509
1767291552964 2.3768668174743652 4519
1767291554721 2.4223623275756836 4529
1767291556475 2.3157410621643066 4539
1767291558236 2.3894457817077637 4549
1767291562933 2.414700508117676 4559
1767291564688 2.0743560791015625 4569
1767291566463 2.4743051528930664 4579
1767291568225 2.320482015609741 4589
1767291570023 2.2883455753326416 4599
1767291571807 2.5032691955566406 4609
1767291573580 2.290081739425659 4619
1767291575346 2.0577456951141357 4629
1767291577109 2.166249990463257 4639
1767291578893 2.4523980617523193 4649
1767291580651 2.3181569576263428 4659
1767291582413 2.381019353866577 4669
1767291584173 2.0663790702819824 4679
1767291586142 2.1557185649871826 4689
1767291592230 2.509857654571533 4699
1767291593966 2.239093542098999 4709
1767291598637 2.1464881896972656 4719
1767291600370 2.305081605911255 4729
1767291602115 2.2336585521698 4739
1767291603858 2.2267045974731445 4749
1767291605605 2.2993903160095215 4759
1767291607356 2.0894832611083984 4769
1767291609115 2.1097893714904785 4779
1767291610854 2.2989695072174072 4789
1767291612601 2.2452964782714844 4799
1767291614348 2.336226463317871 4809
1767291616086 2.3512089252471924 4819
1767291617830 2.0203967094421387 4829
1767291619586 1.9772679805755615 4839
1767291621350 2.4121103286743164 4849
1767291623101 2.2965946197509766 4859
1767291624870 2.167452812194824 4869
1767291626634 2.2265615463256836 4879
1767291628383 2.2480826377868652 4889
1767291633054 2.187800645828247 4899
1767291634805 1.9852511882781982 4909
1767291636558 2.535050868988037 4919
1767291638306 2.233321189880371 4929
1767291640056 2.3800294399261475 4939
1767291641819 2.056705951690674 4949
1767291643566 2.3567585945129395 4959
1767291645360 2.1747639179229736 4969
1767291647152 2.477996349334717 4979
1767291648950 2.474200963973999 4989
1767291650728 2.430978298187256 4999
1767291652509 2.3596315383911133 5009
1767291654287 2.4976978302001953 5019
1767291660698 2.4567103385925293 5029
1767291662458 2.343660831451416 5039
1767291664212 2.3219947814941406 5049
1767291668907 2.33203125 5059
1767291670675 2.314223527908325 5069
1767291672423 2.4716968536376953 5079
1767291674170 2.3034348487854004 5089
1767291675907 2.2660610675811768 5099
1767291677662 2.2168617248535156 5109
1767291679394 2.2907183170318604 5119
1767291681130 2.0168397426605225 5129
1767291682878 2.3489856719970703 5139
1767291684627 2.0551841259002686 5149
1767291686360 2.164093017578125 5159
1767291688088 2.1425976753234863 5169
1767291689839 2.3174495697021484 5179
1767291691568 2.402289390563965 5189
1767291693316 2.24656343460083 5199
1767291695046 2.3768317699432373 5209
1767291696776 2.3643128871917725 5219
1767291698527 2.2980189323425293 5229
1767291703187 2.3813138008117676 5239
1767291704945 2.430365800857544 5249
1767291706693 2.2622413635253906 5259
1767291708446 2.2756805419921875 5269
1767291710206 2.1036648750305176 5279
1767291711950 2.1490437984466553 5289
1767291713694 2.4192466735839844 5299
1767291715448 2.301067590713501 5309
1767291717213 2.3176510334014893 5319
1767291718956 2.1958534717559814 5329
1767291720712 2.373898983001709 5339
1767291722477 2.259045124053955 5349
1767291724430 2.189950942993164 5359
1767291730499 2.2030980587005615 5369
1767291732665 2.2025163173675537 5379
1767291734404 2.1829233169555664 5389
1767291739075 2.233746290206909 5399
1767291740815 2.126952886581421 5409
1767291742574 2.1096229553222656 5419
1767291744311 2.1697230339050293 5429
1767291746048 2.3697280883789062 5439
1767291747793 2.5245494842529297 5449
1767291749552 2.736480712890625 5459
1767291751299 2.670647621154785 5469
1767291753039 2.4977588653564453 5479
1767291754785 2.5804102420806885 5489
1767291756541 2.1349129676818848 5499
1767291758274 2.5303173065185547 5509
1767291760009 2.5232138633728027 5519
1767291761744 2.334244728088379 5529
1767291763485 2.3415372371673584 5539
1767291765237 2.324215888977051 5549
1767291766971 2.3243138790130615 5559
1767291768702 2.3430612087249756 5569
1767291773368 2.201014995574951 5579
1767291775119 2.5647830963134766 5589
1767291776856 2.5433549880981445 5599
1767291778608 2.4218835830688477 5609
1767291780348 2.5811495780944824 5619
1767291782114 2.5013933181762695 5629
1767291783881 2.3895678520202637 5639
1767291785625 2.3476510047912598 5649
1767291787372 2.432203531265259 5659
1767291789130 2.5042130947113037 5669
1767291790897 2.098963975906372 5679
1767291792641 2.266310691833496 5689
1767291798956 2.2128772735595703 5699
1767291800723 2.1739606857299805 5709
1767291802491 2.6678292751312256 5719
1767291804236 2.1576943397521973 5729
1767291808904 2.2530415058135986 5739
1767291810635 2.125063419342041 5749
1767291812387 2.0678510665893555 5759
1767291814118 2.1571314334869385 5769
1767291815851 2.147061586380005 5779
1767291817584 2.456408977508545 5789
1767291819327 2.108344078063965 5799
1767291821062 2.301494598388672 5809
1767291822818 2.459545373916626 5819
1767291824550 2.289036750793457 5829
1767291826296 2.3579978942871094 5839
1767291828042 2.324857234954834 5849
1767291829790 2.240774631500244 5859
1767291831526 2.434114694595337 5869
1767291833258 2.467344045639038 5879
1767291835011 2.309357166290283 5889
1767291836753 2.5406527519226074 5899
1767291838509 2.1533801555633545 5909
1767291840256 2.5654423236846924 5919
1767291844935 2.6353976726531982 5929
1767291846678 2.593869209289551 5939
1767291848450 2.463670253753662 5949
1767291850197 2.7415108680725098 5959
1767291851952 2.5990471839904785 5969
1767291853721 2.8986825942993164 5979
1767291855465 2.896650791168213 5989
1767291857230 2.775294780731201 5999
1767291858980 2.4914426803588867 6009
1767291860748 2.800771713256836 6019
1767291862697 2.756988286972046 6029
1767291868823 2.6359641551971436 6039
1767291870591 2.2897822856903076 6049
1767291872351 2.7387208938598633 6059
1767291874117 2.5122628211975098 6069
1767291878824 2.636497974395752 6079
1767291880596 2.504777669906616 6089
1767291882353 2.4750726222991943 6099
1767291884133 2.580665111541748 6109
1767291885903 2.733128070831299 6119
1767291887652 2.226407051086426 6129
1767291889390 2.672764301300049 6139
1767291891146 2.6406655311584473 6149
1767291892902 2.425693988800049 6159
1767291894640 2.6948087215423584 6169
1767291896376 2.482445001602173 6179
1767291898135 2.585758686065674 6189
1767291899872 2.6456289291381836 6199
1767291901638 2.420821189880371 6209
1767291903373 2.5432796478271484 6219
1767291905108 2.458986282348633 6229
1767291906855 2.61678147315979 6239
1767291908617 2.484002113342285 6249
1767291910353 2.8209598064422607 6259
1767291915027 2.4816088676452637 6269
1767291916790 2.575333833694458 6279
1767291918560 2.425835132598877 6289
1767291920309 2.6880733966827393 6299
1767291922056 2.990569591522217 6309
1767291923812 2.998270273208618 6319
1767291925580 2.9038126468658447 6329
1767291927328 2.664487600326538 6339
1767291929098 2.8408451080322266 6349
1767291930867 3.098282814025879 6359
1767291937153 3.017735004425049 6369
1767291938929 2.8338379859924316 6379
1767291940670 2.7301411628723145 6389
1767291942436 2.514477252960205 6399
1767291944172 2.481470823287964 6409
1767291945933 2.537799596786499 6419
1767291950588 2.4256975650787354 6429
1767291952327 2.9392566680908203 6439
1767291954089 2.679300546646118 6449
1767291955821 2.7171239852905273 6459
1767291957578 2.4968650341033936 6469
1767291959321 2.3548812866210938 6479
1767291961056 2.8896517753601074 6489
1767291962811 2.6805479526519775 6499
1767291964572 2.3448283672332764 6509
1767291966307 3.0278096199035645 6519
1767291968042 2.721313714981079 6529
1767291969805 2.2928249835968018 6539
1767291971547 2.618295907974243 6549
1767291973315 2.6008148193359375 6559
1767291975063 2.540847063064575 6569
1767291976832 2.775367021560669 6579
1767291978595 2.569986581802368 6589
1767291980347 3.171581506729126 6599
1767291985034 2.645063638687134 6609
1767291986798 2.6973659992218018 6619
1767291988567 2.7195708751678467 6629
1767291990319 2.889453411102295 6639
1767291992075 2.6916141510009766 6649
1767291993822 2.703381061553955 6659
1767291995595 2.8268864154815674 6669
1767291997342 2.4300191402435303 6679
1767291999104 2.6169042587280273 6689
1767292001078 2.7217845916748047 6699
1767292007743 2.922119140625 6709
1767292009514 2.7473535537719727 6719
1767292011281 2.7104601860046387 6729
1767292013036 2.5642261505126953 6739
1767292014798 2.448690414428711 6749
1767292019500 2.7630863189697266 6759
1767292021256 2.245025157928467 6769
1767292023015 2.6033010482788086 6779
1767292024772 2.624497652053833 6789
1767292026539 2.5864005088806152 6799
1767292028299 2.4414424896240234 6809
1767292030058 2.46496319770813 6819
1767292031831 2.569085121154785 6829
1767292033588 2.721169948577881 6839
1767292035345 2.6934447288513184 6849
1767292037099 2.6604833602905273 6859
1767292038875 2.8005521297454834 6869
1767292040631 2.638606548309326 6879
1767292042395 2.4381203651428223 6889
1767292044166 2.7647054195404053 6899
1767292045924 2.760474681854248 6909
1767292047713 2.8430674076080322 6919
1767292049484 2.4261231422424316 6929
1767292051244 2.653887987136841 6939
1767292055944 2.584742546081543 6949
1767292057720 2.5361104011535645 6959
1767292059480 2.409956932067871 6969
1767292061264 2.7627124786376953 6979
1767292063036 2.4420289993286133 6989
1767292064805 2.6362245082855225 6999
1767292066584 2.3668928146362305 7009
1767292068358 2.7257494926452637 7019
1767292070124 2.612044334411621 7029
1767292076481 2.372774362564087 7039
1767292078220 2.6620349884033203 7049
1767292080028 2.899965286254883 7059
1767292081766 2.5688114166259766 7069
1767292083507 2.7374720573425293 7079
1767292085250 2.7035350799560547 7089
1767292089923 2.6445822715759277 7099
1767292091685 2.4173243045806885 7109
1767292093425 2.797571897506714 7119
1767292095161 2.494779348373413 7129
1767292096898 2.6757869720458984 7139
1767292098659 2.4479899406433105 7149
1767292100426 2.5751137733459473 7159
1767292102168 2.2898025512695312 7169
1767292103912 2.753373146057129 7179
1767292105684 2.636718988418579 7189
1767292107461 2.6751468181610107 7199
1767292109210 2.547926425933838 7209
1767292110988 2.4959607124328613 7219
1767292112767 2.5650792121887207 7229
1767292114513 2.771172046661377 7239
1767292116289 2.4644742012023926 7249
1767292118063 2.387132167816162 7259
1767292119815 2.5777244567871094 7269
1767292121566 2.6631019115448 7279
1767292126269 2.355640411376953 7289
1767292128044 2.6041712760925293 7299
1767292129799 2.604224681854248 7309
1767292131552 2.6165449619293213 7319
1767292133328 2.5264620780944824 7329
1767292135073 2.5265953540802 7339
1767292136824 2.461951732635498 7349
1767292138596 2.4265196323394775 7359
1767292141011 2.4740192890167236 7369
1767292147113 2.558668613433838 7379
1767292148884 2.617109775543213 7389
1767292150634 2.7414684295654297 7399
1767292152400 2.510859966278076 7409
1767292154176 2.5340867042541504 7419
1767292155927 2.4173059463500977 7429
1767292160618 2.301064968109131 7439
1767292162391 2.5025782585144043 7449
1767292164163 2.5154969692230225 7459
1767292165921 2.6252713203430176 7469
1767292167685 2.394774913787842 7479
1767292169462 2.408834457397461 7489
1767292171223 2.486459255218506 7499
1767292172993 2.71134614944458 7509
1767292174791 2.414721965789795 7519
1767292176556 2.7839698791503906 7529
1767292178334 2.6013920307159424 7539
1767292180109 2.372337579727173 7549
1767292181885 2.674015998840332 7559
1767292183651 2.3338847160339355 7569
1767292185431 2.332329273223877 7579
1767292187188 2.4499711990356445 7589
1767292188969 2.4564690589904785 7599
1767292190746 2.4185690879821777 7609
1767292195430 2.7923970222473145 7619
1767292197194 2.543313980102539 7629
1767292198967 2.4823906421661377 7639
1767292200724 2.4840211868286133 7649
1767292202484 2.3616385459899902 7659
1767292204247 2.369389533996582 7669
1767292206019 2.445904493331909 7679
1767292207779 2.7007346153259277 7689
1767292209539 2.3729546070098877 7699
