1766869368409 13.6 0
1766869369415 14.0 1
1766869370419 6.4 2
1766869371430 3.3 3
1766869372433 1.5 4
1766869373437 0.3 5
1766869374440 1.6 6
1766869375454 0.1 7
1766869376463 4.4 8
1766869377466 7.8 9
1766869378471 0.9 10
1766869379475 1.9 11
1766869380482 0.9 12
1766869381486 1.9 13
1766869382490 0.4 14
1766869383498 1.5 15
1766869384510 0.2 16
1766869385519 1.6 17
1766869386524 0.5 18
1766869387527 2.0 19
1766869388539 1.2 20
1766869389548 2.1 21
1766869390553 1.0 22
1766869391557 1.2 23
1766869392561 0.7 24
1766869393565 1.1 25
1766869394579 0.4 26
1766869395589 1.6 27
1766869396593 0.5 28
1766869397600 1.9 29
1766869398605 0.4 30
1766869399609 2.0 31
1766869404193 0.4 32
1766869405197 1.7 33
1766869406201 0.9 34
1766869407208 1.5 35
1766869408212 1.1 36
1766869409228 1.0 37
1766869410246 5.3 38
1766869411250 7.6 39
1766869412258 0.9 40
1766869413274 1.6 41
1766869414292 1.0 42
1766869415299 1.4 43
1766869416303 0.7 44
1766869417307 1.2 45
1766869418312 0.5 46
1766869419316 1.7 47
1766869420331 0.5 48
1766869421337 1.0 49
1766869422341 2.3 50
1766869423346 0.1 51
1766869424351 1.0 52
1766869425355 0.7 53
1766869426359 1.2 54
1766869427363 1.0 55
1766869428367 1.6 56
1766869429372 0.4 57
1766869430379 1.6 58
1766869431384 0.6 59
1766869432388 1.7 60
1766869433393 0.4 61
1766869434397 2.6 62
1766869435402 0.6 63
1766869439986 1.4 64
1766869440991 0.5 65
1766869441998 2.6 66
1766869443024 0.5 67
1766869444033 8.8 68
1766869445038 1.5 69
1766869446043 1.6 70
1766869447053 0.1 71
1766869448061 1.7 72
1766869449066 1.2 73
1766869450070 2.1 74
1766869451086 0.5 75
1766869452094 1.8 76
1766869453099 0.7 77
1766869454103 1.6 78
1766869455108 0.0 79
1766869456115 1.4 80
1766869457120 0.5 81
1766869458136 1.7 82
1766869459143 0.5 83
1766869460152 1.2 84
1766869461156 0.5 85
1766869462161 0.9 86
1766869463165 1.6 87
1766869464170 0.9 88
1766869465175 1.4 89
1766869466180 0.4 90
1766869467184 1.7 91
1766869468189 0.5 92
1766869469194 2.0 93
1766869470201 0.6 94
1766869471206 2.0 95
1766869475795 0.3 96
1766869476799 2.1 97
1766869477805 7.6 98
1766869478810 1.5 99
1766869479816 0.2 100
1766869480820 1.4 101
1766869481829 0.9 102
1766869482837 1.2 103
1766869483855 1.6 104
1766869484867 2.8 105
1766869485872 0.5 106
1766869486877 1.5 107
1766869487882 0.1 108
1766869488887 1.5 109
1766869489892 0.4 110
1766869490897 2.0 111
1766869491904 0.2 112
1766869492921 1.4 113
1766869493931 0.6 114
1766869494951 1.7 115
1766869495959 0.9 116
1766869496964 1.0 117
1766869497972 0.1 118
1766869498985 1.5 119
1766869499992 0.4 120
1766869501009 2.2 121
1766869502016 1.2 122
1766869503037 3.0 123
1766869504046 7.9 124
1766869505052 2.7 125
1766869506057 0.9 126
1766869507062 0.6 127
1766869511650 1.9 128
1766869512655 0.3 129
1766869513673 1.1 130
1766869514682 0.6 131
1766869515689 1.5 132
1766869516694 0.2 133
1766869517700 1.9 134
1766869518705 0.6 135
1766869519711 1.6 136
1766869520716 0.3 137
1766869521725 1.1 138
1766869522730 0.7 139
1766869523739 1.5 140
1766869524744 0.4 141
1766869525752 1.7 142
1766869526757 0.5 143
1766869527764 1.9 144
1766869528770 0.5 145
1766869529779 2.0 146
1766869530794 0.6 147
1766869531800 2.3 148
1766869532806 0.4 149
1766869533811 2.4 150
1766869534831 0.1 151
1766869535841 2.1 152
1766869536847 1.0 153
1766869537853 9.1 154
1766869538872 0.2 155
1766869539880 9.9 156
1766869540885 0.5 157
1766869541894 1.2 158
1766869542900 0.7 159
1766869547492 1.6 160
1766869548498 0.7 161
1766869549505 2.2 162
1766869550511 0.7 163
1766869551516 0.4 164
1766869552526 1.2 165
1766869553536 0.5 166
1766869554542 2.1 167
1766869555546 0.7 168
1766869556552 1.6 169
1766869557558 0.6 170
1766869558563 1.6 171
1766869559569 1.0 172
1766869560587 1.1 173
1766869561593 1.0 174
1766869562610 1.9 175
1766869563617 0.7 176
1766869564622 1.1 177
1766869565628 0.9 178
1766869566634 1.4 179
1766869567643 0.4 180
1766869568649 1.5 181
1766869569655 1.1 182
1766869570661 1.5 183
1766869571666 0.1 184
1766869572672 1.2 185
1766869573686 0.6 186
1766869574693 2.1 187
1766869575713 0.6 188
1766869576720 1.7 189
1766869577728 0.9 190
1766869578744 1.0 191
1766869583345 1.0 192
1766869584354 2.9 193
1766869585360 0.7 194
1766869586366 1.6 195
1766869587389 0.4 196
1766869588398 1.8 197
1766869589408 1.2 198
1766869590414 1.7 199
1766869591420 1.0 200
1766869592426 2.2 201
1766869593432 0.4 202
1766869594439 1.0 203
1766869595445 0.9 204
1766869596452 0.5 205
1766869597458 1.7 206
1766869598464 0.7 207
1766869599474 1.2 208
1766869600480 0.4 209
1766869601490 1.7 210
1766869602496 0.4 211
1766869603533 1.6 212
1766869604545 5.0 213
1766869605552 6.4 214
1766869606558 0.7 215
1766869607565 1.9 216
1766869608586 0.6 217
1766869609594 2.1 218
1766869610600 0.6 219
1766869611610 1.9 220
1766869612617 1.0 221
1766869613627 2.0 222
1766869614633 1.1 223
1766869619224 1.4 224
1766869620231 0.5 225
1766869621241 2.0 226
1766869622247 1.4 227
1766869623265 2.1 228
1766869624287 0.9 229
1766869625297 2.0 230
1766869626307 0.9 231
1766869627313 1.6 232
1766869628324 0.7 233
1766869629330 1.6 234
1766869630337 0.4 235
1766869631343 1.4 236
1766869632366 0.7 237
1766869633378 2.7 238
1766869634400 0.4 239
1766869635408 2.0 240
1766869636415 0.4 241
1766869637449 0.9 242
1766869638460 8.7 243
1766869639470 2.2 244
1766869640476 0.4 245
1766869641487 2.0 246
1766869642493 1.0 247
1766869643516 1.1 248
1766869644523 1.5 249
1766869645535 1.0 250
1766869646543 1.8 251
1766869647561 0.2 252
1766869648569 2.2 253
1766869649580 0.9 254
1766869650587 1.6 255
1766869655179 0.9 256
1766869656186 2.3 257
1766869657193 0.9 258
1766869658200 1.6 259
1766869659207 0.6 260
1766869660214 1.2 261
1766869661242 0.5 262
1766869662252 1.8 263
1766869663262 0.6 264
1766869664270 1.5 265
1766869665277 0.5 266
1766869666284 1.4 267
1766869667291 0.7 268
1766869668298 1.6 269
1766869669308 0.9 270
1766869670315 1.6 271
1766869671326 0.9 272
1766869672333 8.9 273
1766869673340 0.6 274
1766869674354 1.5 275
1766869675363 0.6 276
1766869676370 1.9 277
1766869677377 0.7 278
1766869678384 2.7 279
1766869679402 0.6 280
1766869680409 1.7 281
1766869681416 0.9 282
1766869682423 1.4 283
1766869683443 0.6 284
1766869684450 1.7 285
1766869685473 0.4 286
1766869686483 1.5 287
1766869691071 0.9 288
1766869692092 1.6 289
1766869693103 1.2 290
1766869694110 1.4 291
1766869695117 1.0 292
1766869696125 1.4 293
1766869697132 0.2 294
1766869698146 1.2 295
1766869699153 1.0 296
1766869700160 1.7 297
1766869701168 1.2 298
1766869702176 1.0 299
1766869703200 1.6 300
1766869704209 1.2 301
1766869705220 1.2 302
1766869706227 0.7 303
1766869707235 1.9 304
1766869708243 0.5 305
1766869709250 1.7 306
1766869710258 0.6 307
1766869711269 1.5 308
1766869712277 0.5 309
1766869713288 1.1 310
1766869714297 0.6 311
1766869715305 1.7 312
1766869716312 0.7 313
1766869717335 1.1 314
1766869718343 1.5 315
1766869719350 1.2 316
1766869720358 0.4 317
1766869721366 1.2 318
1766869722374 0.6 319
1766869726974 2.0 320
1766869727982 0.7 321
1766869728993 2.1 322
1766869730001 0.9 323
1766869731011 1.7 324
1766869732019 0.6 325
1766869733026 1.4 326
1766869734034 1.0 327
1766869735043 1.6 328
1766869736051 0.9 329
1766869737059 2.1 330
1766869738106 0.9 331
1766869739116 9.6 332
1766869740125 1.6 333
1766869741133 1.6 334
1766869742141 0.4 335
1766869743150 2.0 336
1766869744159 0.9 337
1766869745170 1.9 338
1766869746179 0.6 339
1766869747188 1.5 340
1766869748198 1.6 341
1766869749209 0.6 342
1766869750218 1.5 343
1766869751227 0.2 344
1766869752242 1.2 345
1766869753251 1.0 346
1766869754273 2.2 347
1766869755298 1.0 348
1766869756307 1.9 349
1766869757316 0.7 350
1766869758324 1.6 351
1766869762915 0.4 352
1766869763924 1.6 353
1766869764932 0.6 354
1766869765940 1.6 355
1766869766955 0.6 356
1766869767963 1.6 357
1766869768971 0.4 358
1766869769979 1.6 359
1766869770988 0.4 360
1766869772038 1.6 361
1766869773052 12.0 362
1766869774065 3.0 363
1766869775092 0.5 364
1766869776101 1.6 365
1766869777110 1.4 366
1766869778121 1.7 367
1766869779129 0.2 368
1766869780161 1.4 369
1766869781171 0.8 370
1766869782179 1.7 371
1766869783209 0.5 372
1766869784219 1.5 373
1766869785227 0.7 374
1766869786238 1.4 375
1766869787259 0.7 376
1766869788268 1.5 377
1766869789291 1.0 378
1766869790301 2.0 379
1766869791328 0.5 380
1766869792336 1.5 381
1766869793348 1.2 382
1766869794360 2.5 383
1766869798967 0.4 384
1766869799996 3.0 385
1766869801021 1.0 386
1766869802030 1.8 387
1766869803039 0.4 388
1766869804048 2.5 389
1766869805101 0.7 390
1766869806115 6.9 391
1766869807124 6.9 392
1766869808133 2.1 393
1766869809145 0.6 394
1766869810157 1.1 395
1766869811166 1.8 396
1766869812177 1.0 397
1766869813191 0.7 398
1766869814204 0.6 399
1766869815213 1.7 400
1766869816222 1.1 401
1766869817231 1.5 402
1766869818253 0.2 403
1766869819266 2.1 404
1766869820275 1.0 405
1766869821287 2.0 406
1766869822298 0.2 407
1766869823307 2.0 408
1766869824315 0.4 409
1766869825325 1.1 410
1766869826336 0.4 411
1766869827345 1.7 412
1766869828356 0.4 413
1766869829375 1.2 414
1766869830389 1.0 415
1766869834982 1.7 416
1766869835994 1.0 417
1766869837007 1.4 418
1766869838019 0.5 419
1766869839077 1.8 420
1766869840092 10.2 421
1766869841101 3.0 422
1766869842110 1.2 423
1766869843119 1.1 424
1766869844128 0.5 425
1766869845151 1.7 426
1766869846162 1.0 427
1766869847173 1.2 428
1766869848186 0.5 429
1766869849195 2.0 430
1766869850224 0.5 431
1766869851233 1.3 432
1766869852248 0.5 433
1766869853261 2.8 434
1766869854270 0.7 435
1766869855279 2.0 436
1766869856293 0.4 437
1766869857306 1.8 438
1766869858323 1.0 439
1766869859335 2.0 440
1766869860345 0.6 441
1766869861354 1.6 442
1766869862380 0.7 443
1766869863389 2.3 444
1766869864398 0.4 445
1766869865410 1.2 446
1766869870022 1.0 447
1766869871034 0.7 448
1766869872095 1.2 449
1766869873110 4.9 450
1766869874123 11.7 451
1766869875135 1.0 452
1766869876148 1.4 453
1766869877161 0.6 454
1766869878190 2.3 455
1766869879200 1.2 456
1766869880209 1.9 457
1766869881219 0.4 458
1766869882231 2.5 459
1766869883252 0.7 460
1766869884264 2.0 461
1766869885289 1.2 462
1766869886302 2.2 463
1766869887315 0.2 464
1766869888325 2.6 465
1766869889334 0.5 466
1766869890343 1.1 467
1766869891353 0.5 468
1766869892383 1.2 469
1766869893397 1.1 470
1766869894414 1.7 471
1766869895424 0.4 472
1766869896436 2.8 473
1766869897459 0.5 474
1766869898469 1.7 475
1766869899479 0.4 476
1766869900498 1.7 477
1766869901520 0.2 478
1766869906166 1.7 479
1766869907181 9.3 480
1766869908192 3.9 481
1766869909203 0.4 482
1766869910213 2.8 483
1766869911223 0.2 484
1766869912234 2.1 485
1766869913245 0.5 486
1766869914256 1.2 487
1766869915267 0.5 488
1766869916285 1.7 489
1766869917296 0.9 490
1766869918309 2.1 491
1766869919320 0.5 492
1766869920330 1.2 493
1766869921349 1.1 494
1766869922359 1.5 495
1766869923382 0.2 496
1766869924392 1.8 497
1766869925412 0.7 498
1766869926425 2.0 499
1766869927438 0.5 500
1766869928447 1.5 501
1766869929457 0.7 502
1766869930483 1.7 503
1766869931494 1.1 504
1766869932552 2.4 505
1766869933566 9.5 506
1766869934590 3.6 507
1766869935602 0.9 508
1766869936612 1.0 509
1766869937624 1.1 510
1766869942211 0.4 511
1766869943222 3.3 512
1766869944236 0.9 513
1766869945246 1.7 514
1766869946273 1.5 515
1766869947296 2.1 516
1766869948306 2.7 517
1766869949320 1.7 518
1766869950346 0.7 519
1766869951360 1.5 520
1766869952371 0.5 521
1766869953383 2.2 522
1766869954393 1.0 523
1766869955404 1.7 524
1766869956413 1.0 525
1766869957423 1.4 526
1766869958436 1.1 527
1766869959447 1.4 528
1766869960457 0.6 529
1766869961468 2.1 530
1766869962481 2.5 531
1766869963492 6.3 532
1766869964504 0.4 533
1766869965580 2.5 534
1766869966596 3.0 535
1766869967607 11.4 536
1766869968624 2.2 537
1766869969635 1.7 538
1766869970645 0.4 539
1766869971657 2.7 540
1766869972668 24.0 541
1766869973679 27.8 542
1766869978276 27.3 543
1766869979294 37.6 544
1766869980305 11.7 545
1766869981316 23.0 546
1766869982339 17.8 547
1766869983351 12.7 548
1766869984362 14.9 549
1766869985374 17.7 550
1766869986387 15.5 551
1766869987399 13.0 552
1766869988410 15.0 553
1766869989422 14.3 554
1766869990435 10.4 555
1766869991446 9.5 556
1766869992457 3.8 557
1766869993468 1.2 558
1766869994478 0.5 559
1766869995508 1.0 560
1766869996519 3.3 561
1766869997530 0.7 562
1766869998541 1.8 563
1766869999553 2.0 564
1766870000579 4.3 565
1766870001590 1.0 566
1766870002601 2.1 567
1766870003612 0.7 568
1766870004623 2.6 569
1766870005643 0.9 570
1766870006673 2.1 571
1766870007686 0.9 572
1766870008697 2.1 573
1766870013312 0.7 574
1766870014326 1.3 575
1766870015342 1.4 576
1766870016356 10.2 577
1766870017368 1.2 578
1766870018381 2.0 579
1766870019392 0.2 580
1766870020405 2.8 581
1766870021419 0.4 582
1766870022434 1.7 583
1766870023446 0.9 584
1766870024458 1.7 585
1766870025470 0.9 586
1766870026483 1.4 587
1766870027508 1.0 588
1766870028531 2.6 589
1766870029552 0.5 590
1766870030563 1.8 591
1766870031577 0.9 592
1766870032591 1.4 593
1766870033603 0.6 594
1766870034614 4.9 595
1766870035627 0.5 596
1766870036652 1.1 597
1766870037664 1.0 598
1766870038679 2.5 599
1766870039692 0.2 600
1766870040704 2.6 601
1766870041715 1.0 602
1766870042727 1.7 603
1766870043743 0.2 604
1766870044757 2.0 605
1766870049347 0.6 606
1766870050377 1.6 607
1766870051388 1.2 608
1766870052400 1.6 609
1766870053411 0.7 610
1766870054424 2.3 611
1766870055435 0.6 612
1766870056447 1.7 613
1766870057460 0.6 614
1766870058482 1.0 615
1766870059496 1.7 616
1766870060512 0.9 617
1766870061524 1.5 618
1766870062537 0.7 619
1766870063549 1.4 620
1766870064560 0.6 621
1766870065572 1.6 622
1766870066586 0.9 623
1766870067597 3.8 624
1766870068609 0.6 625
1766870069620 1.5 626
1766870070632 0.5 627
1766870071648 1.7 628
1766870072663 0.5 629
1766870073679 1.6 630
1766870074692 0.2 631
1766870075704 1.8 632
1766870076716 0.4 633
1766870077729 1.4 634
1766870078742 0.9 635
1766870079755 1.8 636
1766870080768 0.4 637
1766870085369 1.7 638
1766870086382 0.7 639
1766870087393 2.0 640
1766870088405 1.0 641
1766870089417 2.0 642
1766870090429 0.5 643
1766870091441 1.6 644
1766870092455 0.7 645
1766870093468 1.2 646
1766870094494 0.6 647
1766870095506 1.9 648
1766870096520 0.5 649
1766870097532 1.8 650
1766870098544 1.2 651
1766870099560 2.0 652
1766870100572 0.5 653
1766870101587 6.0 654
1766870102600 0.6 655
1766870103615 1.8 656
1766870104627 0.9 657
1766870105639 1.5 658
1766870106651 0.6 659
1766870107663 2.1 660
1766870108676 0.5 661
1766870109692 2.0 662
1766870110715 0.9 663
1766870111730 1.5 664
1766870112743 0.4 665
1766870113755 2.6 666
1766870114768 0.5 667
1766870115780 1.7 668
1766870116800 0.6 669
1766870121386 1.6 670
1766870122399 1.5 671
1766870123412 1.0 672
1766870124425 0.7 673
1766870125437 0.9 674
1766870126449 2.0 675
1766870127465 0.2 676
1766870128477 2.3 677
1766870129490 0.4 678
1766870130502 1.1 679
1766870131514 0.1 680
1766870132527 2.2 681
1766870133563 0.5 682
1766870134575 3.9 683
1766870135589 1.0 684
1766870136602 2.2 685
1766870137615 0.6 686
1766870138628 2.1 687
1766870139641 0.5 688
1766870140664 2.1 689
1766870141679 1.1 690
1766870142691 1.8 691
1766870143703 0.2 692
1766870144717 1.7 693
1766870145730 0.5 694
1766870146744 1.5 695
1766870147758 0.9 696
1766870148775 1.7 697
1766870149798 0.5 698
1766870150812 2.2 699
1766870151825 0.5 700
1766870152838 1.6 701
1766870157433 0.6 702
1766870158446 1.5 703
1766870159462 0.9 704
1766870160478 1.7 705
1766870161492 0.6 706
1766870162505 1.4 707
1766870163519 0.4 708
1766870164532 1.6 709
1766870165547 0.2 710
1766870166561 1.8 711
1766870167574 0.4 712
1766870168588 3.1 713
1766870169601 0.5 714
1766870170615 1.0 715
1766870171632 1.4 716
1766870172647 1.8 717
1766870173675 1.0 718
1766870174690 1.8 719
1766870175704 1.1 720
1766870176720 1.7 721
1766870177735 0.9 722
1766870178749 1.8 723
1766870179763 0.5 724
1766870180776 1.5 725
1766870181790 1.7 726
1766870182804 0.7 727
1766870183818 0.9 728
1766870184832 0.6 729
1766870185846 0.9 730
1766870186859 0.6 731
1766870187873 1.4 732
1766870192468 0.7 733
1766870193482 2.1 734
1766870194496 1.1 735
1766870195510 1.5 736
1766870196524 1.3 737
1766870197547 1.4 738
1766870198561 0.4 739
1766870199575 1.1 740
1766870200674 0.2 741
1766870201693 4.6 742
1766870202707 2.8 743
1766870203721 2.2 744
1766870204735 0.2 745
1766870205749 1.4 746
1766870206764 1.2 747
1766870207779 1.4 748
1766870208793 0.7 749
1766870209806 1.6 750
1766870210820 0.7 751
1766870211834 1.7 752
1766870212848 0.2 753
1766870213863 1.4 754
1766870214877 0.1 755
1766870215891 1.8 756
1766870216906 0.2 757
1766870217921 1.5 758
1766870218937 0.7 759
1766870219951 2.0 760
1766870220965 0.6 761
1766870221980 1.8 762
1766870222996 0.2 763
1766870224010 1.4 764
1766870228608 0.9 765
1766870229625 1.7 766
1766870230640 0.4 767
1766870231655 1.7 768
1766870232670 0.2 769
1766870233685 2.0 770
1766870234701 0.6 771
1766870235717 4.7 772
1766870236732 0.7 773
1766870237747 1.6 774
1766870238761 0.6 775
1766870239775 1.5 776
1766870240790 0.4 777
1766870241806 1.5 778
1766870242820 0.2 779
1766870243836 2.0 780
1766870244850 0.7 781
1766870245865 1.4 782
1766870247452 1.3 783
1766870248467 5.6 784
1766870249481 0.5 785
1766870250495 2.0 786
1766870251509 0.2 787
1766870252524 1.0 788
1766870253539 0.5 789
1766870254554 2.3 790
1766870255570 0.5 791
1766870256585 1.0 792
1766870257601 0.4 793
1766870258616 1.8 794
1766870259636 0.2 795
1766870264229 1.0 796
1766870265245 0.9 797
1766870266260 1.2 798
1766870267275 0.6 799
1766870268289 1.7 800
1766870269303 2.5 801
1766870270318 1.7 802
1766870271332 0.9 803
1766870272349 1.1 804
1766870273364 0.2 805
1766870274379 1.4 806
1766870275394 0.7 807
1766870276409 1.8 808
1766870277424 1.2 809
1766870278439 1.5 810
1766870279455 0.6 811
1766870280471 1.2 812
1766870281486 0.5 813
1766870282500 1.8 814
1766870283516 0.4 815
1766870284531 1.7 816
1766870285547 0.6 817
1766870286562 1.4 818
1766870287578 0.9 819
1766870288593 1.5 820
1766870289609 0.6 821
1766870290624 2.5 822
1766870291641 3.3 823
1766870292655 2.2 824
1766870293672 0.2 825
1766870294689 2.1 826
1766870295719 0.4 827
1766870300325 1.9 828
1766870301340 2.0 829
1766870302356 2.6 830
1766870303372 1.2 831
1766870304388 1.6 832
1766870305403 0.7 833
1766870306434 2.2 834
1766870307448 0.5 835
1766870308466 1.5 836
1766870309483 0.7 837
1766870310509 2.3 838
1766870311528 3.4 839
1766870312559 2.7 840
1766870313578 4.5 841
1766870314621 0.7 842
1766870315638 1.8 843
1766870316678 1.5 844
1766870317703 1.9 845
1766870318720 3.4 846
1766870319757 19.8 847
1766870320776 0.8 848
1766870321793 2.0 849
1766870322812 0.9 850
1766870323827 1.8 851
1766870324843 0.5 852
1766870325863 2.0 853
1766870326876 0.9 854
1766870327892 1.6 855
1766870328914 0.5 856
1766870329935 1.7 857
