1766869368409 86849.8 0
1766869369415 86849.9 1
1766869370419 86849.9 2
1766869371430 86850.1 3
1766869372433 86850.1 4
1766869373437 86850.1 5
1766869374440 86850.1 6
1766869375454 86850.1 7
1766869376463 86850.1 8
1766869377466 86850.1 9
1766869378471 86850.1 10
1766869379475 86850.1 11
1766869380482 86850.1 12
1766869381486 86850.1 13
1766869382490 86850.1 14
1766869383498 86850.1 15
1766869384510 86850.1 16
1766869385519 86850.1 17
1766869386524 86850.1 18
1766869387527 86850.1 19
1766869388539 86850.1 20
1766869389548 86850.1 21
1766869390553 86850.1 22
1766869391557 86850.1 23
1766869392561 86850.1 24
1766869393565 86850.1 25
1766869394579 86850.1 26
1766869395589 86850.1 27
1766869396593 86850.1 28
1766869397600 86850.1 29
1766869398605 86850.1 30
1766869399609 86850.1 31
1766869404193 86850.1 32
1766869405197 86850.1 33
1766869406201 86850.1 34
1766869407208 86850.1 35
1766869408212 86850.1 36
1766869409228 86850.1 37
1766869410246 86850.1 38
1766869411250 86850.1 39
1766869412258 86850.1 40
1766869413274 86850.1 41
1766869414292 86850.1 42
1766869415299 86850.1 43
1766869416303 86850.1 44
1766869417307 86850.1 45
1766869418312 86850.1 46
1766869419316 86850.1 47
1766869420331 86850.1 48
1766869421337 86850.1 49
1766869422341 86850.1 50
1766869423346 86850.1 51
1766869424351 86850.1 52
1766869425355 86850.1 53
1766869426359 86850.1 54
1766869427363 86850.1 55
1766869428367 86850.1 56
1766869429372 86850.1 57
1766869430379 86850.1 58
1766869431384 86850.1 59
1766869432388 86850.1 60
1766869433393 86850.1 61
1766869434397 86850.1 62
1766869435402 86850.1 63
1766869439986 86850.1 64
1766869440991 86850.1 65
1766869441998 86850.1 66
1766869443024 86850.1 67
1766869444033 86850.1 68
1766869445038 86850.1 69
1766869446043 86850.1 70
1766869447053 86850.1 71
1766869448061 86850.1 72
1766869449066 86850.1 73
1766869450070 86850.1 74
1766869451086 86850.1 75
1766869452094 86850.1 76
1766869453099 86850.1 77
1766869454103 86850.1 78
1766869455108 86850.1 79
1766869456115 86850.1 80
1766869457120 86850.1 81
1766869458136 86850.1 82
1766869459143 86850.1 83
1766869460152 86850.1 84
1766869461156 86850.1 85
1766869462161 86850.1 86
1766869463165 86850.1 87
1766869464170 86850.1 88
1766869465175 86850.1 89
1766869466180 86850.1 90
1766869467184 86850.1 91
1766869468189 86850.1 92
1766869469194 86850.1 93
1766869470201 86850.1 94
1766869471206 86850.1 95
1766869475795 86850.1 96
1766869476799 86850.1 97
1766869477805 86850.1 98
1766869478810 86850.1 99
1766869479816 86850.1 100
1766869480820 86850.1 101
1766869481829 86850.1 102
1766869482837 86850.1 103
1766869483855 86850.1 104
1766869484867 86850.1 105
1766869485872 86850.1 106
1766869486877 86850.1 107
1766869487882 86850.1 108
1766869488887 86850.1 109
1766869489892 86850.1 110
1766869490897 86850.1 111
1766869491904 86850.1 112
1766869492921 86850.1 113
1766869493931 86850.1 114
1766869494951 86850.1 115
1766869495959 86850.1 116
1766869496964 86850.1 117
1766869497972 86850.1 118
1766869498985 86850.1 119
1766869499992 86850.1 120
1766869501009 86850.1 121
1766869502016 86850.1 122
1766869503037 86850.1 123
1766869504046 86850.1 124
1766869505052 86850.1 125
1766869506057 86850.1 126
1766869507062 86850.1 127
1766869511650 86850.1 128
1766869512655 86850.1 129
1766869513673 86850.1 130
1766869514682 86850.1 131
1766869515689 86850.1 132
1766869516694 86850.1 133
1766869517700 86850.1 134
1766869518705 86850.1 135
1766869519711 86850.1 136
1766869520716 86850.1 137
1766869521725 86850.1 138
1766869522730 86850.1 139
1766869523739 86850.1 140
1766869524744 86850.1 141
1766869525752 86850.1 142
1766869526757 86850.1 143
1766869527764 86850.1 144
1766869528770 86850.1 145
1766869529779 86850.1 146
1766869530794 86850.1 147
1766869531800 86850.1 148
1766869532806 86850.1 149
1766869533811 86850.1 150
1766869534831 86850.1 151
1766869535841 86850.1 152
1766869536847 86850.1 153
1766869537853 86850.1 154
1766869538872 86850.1 155
1766869539880 86850.1 156
1766869540885 86850.1 157
1766869541894 86850.1 158
1766869542900 86850.1 159
1766869547492 86850.1 160
1766869548498 86850.1 161
1766869549505 86850.1 162
1766869550511 86850.1 163
1766869551516 86850.1 164
1766869552526 86850.1 165
1766869553536 86850.1 166
1766869554542 86850.1 167
1766869555546 86850.1 168
1766869556552 86850.1 169
1766869557558 86850.1 170
1766869558563 86850.1 171
1766869559569 86850.1 172
1766869560587 86850.1 173
1766869561593 86850.1 174
1766869562610 86850.1 175
1766869563617 86850.1 176
1766869564622 86850.1 177
1766869565628 86850.1 178
1766869566634 86850.1 179
1766869567643 86850.1 180
1766869568649 86850.1 181
1766869569655 86850.1 182
1766869570661 86850.1 183
1766869571666 86850.1 184
1766869572672 86850.1 185
1766869573686 86850.1 186
1766869574693 86850.1 187
1766869575713 86850.1 188
1766869576720 86850.1 189
1766869577728 86850.1 190
1766869578744 86850.1 191
1766869583345 86850.2 192
1766869584354 86850.2 193
1766869585360 86850.2 194
1766869586366 86850.2 195
1766869587389 86850.2 196
1766869588398 86850.2 197
1766869589408 86850.2 198
1766869590414 86850.2 199
1766869591420 86850.2 200
1766869592426 86850.2 201
1766869593432 86850.2 202
1766869594439 86850.2 203
1766869595445 86850.2 204
1766869596452 86850.2 205
1766869597458 86850.2 206
1766869598464 86850.2 207
1766869599474 86850.2 208
1766869600480 86850.2 209
1766869601490 86850.2 210
1766869602496 86850.2 211
1766869603533 86850.2 212
1766869604545 86850.2 213
1766869605552 86850.2 214
1766869606558 86850.2 215
1766869607565 86850.2 216
1766869608586 86850.2 217
1766869609594 86850.2 218
1766869610600 86850.2 219
1766869611610 86850.2 220
1766869612617 86850.2 221
1766869613627 86850.2 222
1766869614633 86850.2 223
1766869619224 86850.2 224
1766869620231 86850.2 225
1766869621241 86850.2 226
1766869622247 86850.2 227
1766869623265 86850.2 228
1766869624287 86850.2 229
1766869625297 86850.2 230
1766869626307 86850.2 231
1766869627313 86850.2 232
1766869628324 86850.2 233
1766869629330 86850.2 234
1766869630337 86850.2 235
1766869631343 86850.2 236
1766869632366 86850.2 237
1766869633378 86850.2 238
1766869634400 86850.2 239
1766869635408 86850.2 240
1766869636415 86850.2 241
1766869637449 86850.2 242
1766869638460 86850.2 243
1766869639470 86850.2 244
1766869640476 86850.2 245
1766869641487 86850.2 246
1766869642493 86850.2 247
1766869643516 86850.2 248
1766869644523 86850.2 249
1766869645535 86850.2 250
1766869646543 86850.2 251
1766869647561 86850.2 252
1766869648569 86850.2 253
1766869649580 86850.2 254
1766869650587 86850.2 255
1766869655179 86850.2 256
1766869656186 86850.2 257
1766869657193 86850.2 258
1766869658200 86850.2 259
1766869659207 86850.2 260
1766869660214 86850.2 261
1766869661242 86850.2 262
1766869662252 86850.2 263
1766869663262 86850.2 264
1766869664270 86850.2 265
1766869665277 86850.2 266
1766869666284 86850.2 267
1766869667291 86850.2 268
1766869668298 86850.2 269
1766869669308 86850.2 270
1766869670315 86850.2 271
1766869671326 86850.2 272
1766869672333 86850.2 273
1766869673340 86850.2 274
1766869674354 86850.2 275
1766869675363 86850.2 276
1766869676370 86850.2 277
1766869677377 86850.2 278
1766869678384 86850.2 279
1766869679402 86850.2 280
1766869680409 86850.2 281
1766869681416 86850.2 282
1766869682423 86850.2 283
1766869683443 86850.2 284
1766869684450 86850.2 285
1766869685473 86850.2 286
1766869686483 86850.2 287
1766869691071 86850.2 288
1766869692092 86850.2 289
1766869693103 86850.2 290
1766869694110 86850.2 291
1766869695117 86850.2 292
1766869696125 86850.2 293
1766869697132 86850.2 294
1766869698146 86850.2 295
1766869699153 86850.2 296
1766869700160 86850.2 297
1766869701168 86850.2 298
1766869702176 86850.2 299
1766869703200 86850.2 300
1766869704209 86850.2 301
1766869705220 86850.2 302
1766869706227 86850.2 303
1766869707235 86850.2 304
1766869708243 86850.2 305
1766869709250 86850.2 306
1766869710258 86850.2 307
1766869711269 86850.2 308
1766869712277 86850.2 309
1766869713288 86850.2 310
1766869714297 86850.2 311
1766869715305 86850.2 312
1766869716312 86850.2 313
1766869717335 86850.2 314
1766869718343 86850.2 315
1766869719350 86850.2 316
1766869720358 86850.2 317
1766869721366 86850.2 318
1766869722374 86850.2 319
1766869726974 86850.2 320
1766869727982 86850.2 321
1766869728993 86850.2 322
1766869730001 86850.2 323
1766869731011 86850.2 324
1766869732019 86850.2 325
1766869733026 86850.2 326
1766869734034 86850.2 327
1766869735043 86850.2 328
1766869736051 86850.2 329
1766869737059 86850.2 330
1766869738106 86850.2 331
1766869739116 86850.2 332
1766869740125 86850.2 333
1766869741133 86850.2 334
1766869742141 86850.2 335
1766869743150 86850.2 336
1766869744159 86850.2 337
1766869745170 86850.2 338
1766869746179 86850.2 339
1766869747188 86850.2 340
1766869748198 86850.2 341
1766869749209 86850.2 342
1766869750218 86850.2 343
1766869751227 86850.2 344
1766869752242 86850.2 345
1766869753251 86850.2 346
1766869754273 86850.2 347
1766869755298 86850.2 348
1766869756307 86850.2 349
1766869757316 86850.2 350
1766869758324 86850.2 351
1766869762915 86850.2 352
1766869763924 86850.2 353
1766869764932 86850.2 354
1766869765940 86850.2 355
1766869766955 86850.2 356
1766869767963 86850.2 357
1766869768971 86850.2 358
1766869769979 86850.2 359
1766869770988 86850.2 360
1766869772038 86850.2 361
1766869773052 86850.2 362
1766869774065 86850.2 363
1766869775092 86850.2 364
1766869776101 86850.2 365
1766869777110 86850.2 366
1766869778121 86850.2 367
1766869779129 86850.2 368
1766869780161 86850.2 369
1766869781171 86850.2 370
1766869782179 86850.2 371
1766869783209 86850.2 372
1766869784219 86850.2 373
1766869785227 86850.2 374
1766869786238 86850.2 375
1766869787259 86850.2 376
1766869788268 86850.2 377
1766869789291 86850.2 378
1766869790301 86850.2 379
1766869791328 86850.2 380
1766869792336 86850.2 381
1766869793348 86850.2 382
1766869794360 86850.2 383
1766869798967 86850.2 384
1766869799996 86850.2 385
1766869801021 86850.2 386
1766869802030 86850.2 387
1766869803039 86850.2 388
1766869804048 86850.2 389
1766869805101 86850.2 390
1766869806115 86850.2 391
1766869807124 86850.2 392
1766869808133 86850.2 393
1766869809145 86850.2 394
1766869810157 86850.2 395
1766869811166 86850.2 396
1766869812177 86850.2 397
1766869813191 86850.2 398
1766869814204 86850.2 399
1766869815213 86850.2 400
1766869816222 86850.2 401
1766869817231 86850.2 402
1766869818253 86850.2 403
1766869819266 86850.2 404
1766869820275 86850.2 405
1766869821287 86850.2 406
1766869822298 86850.2 407
1766869823307 86850.2 408
1766869824315 86850.2 409
1766869825325 86850.2 410
1766869826336 86850.2 411
1766869827345 86850.2 412
1766869828356 86850.2 413
1766869829375 86850.2 414
1766869830389 86850.2 415
1766869834982 86850.2 416
1766869835994 86850.2 417
1766869837007 86850.2 418
1766869838019 86850.2 419
1766869839077 86850.2 420
1766869840092 86850.2 421
1766869841101 86850.2 422
1766869842110 86850.2 423
1766869843119 86850.2 424
1766869844128 86850.2 425
1766869845151 86850.2 426
1766869846162 86850.2 427
1766869847173 86850.2 428
1766869848186 86850.2 429
1766869849195 86850.2 430
1766869850224 86850.2 431
1766869851233 86850.2 432
1766869852248 86850.2 433
1766869853261 86850.2 434
1766869854270 86850.2 435
1766869855279 86850.2 436
1766869856293 86850.2 437
1766869857306 86850.2 438
1766869858323 86850.2 439
1766869859335 86850.2 440
1766869860345 86850.2 441
1766869861354 86850.2 442
1766869862380 86850.2 443
1766869863389 86850.2 444
1766869864398 86850.2 445
1766869865410 86850.2 446
1766869870022 86850.2 447
1766869871034 86850.2 448
1766869872095 86850.2 449
1766869873110 86850.2 450
1766869874123 86850.2 451
1766869875135 86850.2 452
1766869876148 86850.2 453
1766869877161 86850.2 454
1766869878190 86850.2 455
1766869879200 86850.2 456
1766869880209 86850.2 457
1766869881219 86850.2 458
1766869882231 86850.2 459
1766869883252 86850.2 460
1766869884264 86850.2 461
1766869885289 86850.2 462
1766869886302 86850.2 463
1766869887315 86850.2 464
1766869888325 86850.2 465
1766869889334 86850.2 466
1766869890343 86850.2 467
1766869891353 86850.2 468
1766869892383 86850.2 469
1766869893397 86850.2 470
1766869894414 86850.2 471
1766869895424 86850.2 472
1766869896436 86850.2 473
1766869897459 86850.2 474
1766869898469 86850.2 475
1766869899479 86850.2 476
1766869900498 86850.2 477
1766869901520 86850.2 478
1766869906166 86850.2 479
1766869907181 86850.2 480
1766869908192 86850.2 481
1766869909203 86850.2 482
1766869910213 86850.2 483
1766869911223 86850.2 484
1766869912234 86850.2 485
1766869913245 86850.2 486
1766869914256 86850.2 487
1766869915267 86850.2 488
1766869916285 86850.2 489
1766869917296 86850.2 490
1766869918309 86850.2 491
1766869919320 86850.2 492
1766869920330 86850.2 493
1766869921349 86850.2 494
1766869922359 86850.2 495
1766869923382 86850.2 496
1766869924392 86850.2 497
1766869925412 86850.2 498
1766869926425 86850.2 499
1766869927438 86850.2 500
1766869928447 86850.2 501
1766869929457 86850.2 502
1766869930483 86850.2 503
1766869931494 86850.2 504
1766869932552 86850.2 505
1766869933566 86850.2 506
1766869934590 86850.2 507
1766869935602 86850.2 508
1766869936612 86850.2 509
1766869937624 86850.2 510
1766869942211 86850.2 511
1766869943222 86850.2 512
1766869944236 86850.2 513
1766869945246 86850.2 514
1766869946273 86850.2 515
1766869947296 86850.2 516
1766869948306 86850.2 517
1766869949320 86850.2 518
1766869950346 86850.2 519
1766869951360 86850.2 520
1766869952371 86850.2 521
1766869953383 86850.2 522
1766869954393 86850.2 523
1766869955404 86850.2 524
1766869956413 86850.2 525
1766869957423 86850.2 526
1766869958436 86850.2 527
1766869959447 86850.2 528
1766869960457 86850.2 529
1766869961468 86850.2 530
1766869962481 86850.2 531
1766869963492 86850.2 532
1766869964504 86850.2 533
1766869965580 86850.2 534
1766869966596 86850.2 535
1766869967607 86850.2 536
1766869968624 86850.2 537
1766869969635 86850.2 538
1766869970645 86850.2 539
1766869971657 86850.2 540
1766869972668 86850.2 541
1766869973679 86866.9 542
1766869978276 86869.6 543
1766869979294 86869.6 544
1766869980305 86869.6 545
1766869981316 86869.6 546
1766869982339 86869.6 547
1766869983351 86869.6 548
1766869984362 86869.8 549
1766869985374 86869.8 550
1766869986387 86869.8 551
1766869987399 86869.8 552
1766869988410 86869.8 553
1766869989422 86869.8 554
1766869990435 86869.8 555
1766869991446 86869.8 556
1766869992457 86869.8 557
1766869993468 86869.8 558
1766869994478 86869.8 559
1766869995508 86869.8 560
1766869996519 86869.8 561
1766869997530 86869.8 562
1766869998541 86869.9 563
1766869999553 86869.9 564
1766870000579 86869.9 565
1766870001590 86869.9 566
1766870002601 86869.9 567
1766870003612 86869.9 568
1766870004623 86869.9 569
1766870005643 86869.9 570
1766870006673 86869.9 571
1766870007686 86869.9 572
1766870008697 86869.9 573
1766870013312 86869.9 574
1766870014326 86869.9 575
1766870015342 86869.9 576
1766870016356 86869.9 577
1766870017368 86869.9 578
1766870018381 86869.9 579
1766870019392 86869.9 580
1766870020405 86869.9 581
1766870021419 86869.9 582
1766870022434 86869.9 583
1766870023446 86869.9 584
1766870024458 86869.9 585
1766870025470 86869.9 586
1766870026483 86869.9 587
1766870027508 86869.9 588
1766870028531 86869.9 589
1766870029552 86869.9 590
1766870030563 86869.9 591
1766870031577 86869.9 592
1766870032591 86869.9 593
1766870033603 86869.9 594
1766870034614 86869.9 595
1766870035627 86869.9 596
1766870036652 86869.9 597
1766870037664 86869.9 598
1766870038679 86869.9 599
1766870039692 86869.9 600
1766870040704 86869.9 601
1766870041715 86869.9 602
1766870042727 86869.9 603
1766870043743 86869.9 604
1766870044757 86869.9 605
1766870049347 86869.9 606
1766870050377 86869.9 607
1766870051388 86869.9 608
1766870052400 86869.9 609
1766870053411 86869.9 610
1766870054424 86869.9 611
1766870055435 86869.9 612
1766870056447 86869.9 613
1766870057460 86869.9 614
1766870058482 86869.9 615
1766870059496 86869.9 616
1766870060512 86869.9 617
1766870061524 86869.9 618
1766870062537 86869.9 619
1766870063549 86869.9 620
1766870064560 86869.9 621
1766870065572 86869.9 622
1766870066586 86869.9 623
1766870067597 86869.9 624
1766870068609 86869.9 625
1766870069620 86869.9 626
1766870070632 86869.9 627
1766870071648 86869.9 628
1766870072663 86869.9 629
1766870073679 86869.9 630
1766870074692 86869.9 631
1766870075704 86869.9 632
1766870076716 86869.9 633
1766870077729 86869.9 634
1766870078742 86869.9 635
1766870079755 86869.9 636
1766870080768 86869.9 637
1766870085369 86869.9 638
1766870086382 86869.9 639
1766870087393 86869.9 640
1766870088405 86869.9 641
1766870089417 86869.9 642
1766870090429 86869.9 643
1766870091441 86869.9 644
1766870092455 86869.9 645
1766870093468 86869.9 646
1766870094494 86869.9 647
1766870095506 86869.9 648
1766870096520 86869.9 649
1766870097532 86869.9 650
1766870098544 86869.9 651
1766870099560 86869.9 652
1766870100572 86869.9 653
1766870101587 86869.9 654
1766870102600 86869.9 655
1766870103615 86869.9 656
1766870104627 86869.9 657
1766870105639 86869.9 658
1766870106651 86869.9 659
1766870107663 86869.9 660
1766870108676 86869.9 661
1766870109692 86869.9 662
1766870110715 86869.9 663
1766870111730 86869.9 664
1766870112743 86869.9 665
1766870113755 86869.9 666
1766870114768 86869.9 667
1766870115780 86869.9 668
1766870116800 86869.9 669
1766870121386 86869.9 670
1766870122399 86869.9 671
1766870123412 86869.9 672
1766870124425 86869.9 673
1766870125437 86869.9 674
1766870126449 86869.9 675
1766870127465 86869.9 676
1766870128477 86869.9 677
1766870129490 86869.9 678
1766870130502 86869.9 679
1766870131514 86869.9 680
1766870132527 86869.9 681
1766870133563 86869.9 682
1766870134575 86869.9 683
1766870135589 86869.9 684
1766870136602 86869.9 685
1766870137615 86869.9 686
1766870138628 86869.9 687
1766870139641 86869.9 688
1766870140664 86869.9 689
1766870141679 86869.9 690
1766870142691 86869.9 691
1766870143703 86869.9 692
1766870144717 86869.9 693
1766870145730 86869.9 694
1766870146744 86869.9 695
1766870147758 86869.9 696
1766870148775 86869.9 697
1766870149798 86869.9 698
1766870150812 86869.9 699
1766870151825 86869.9 700
1766870152838 86869.9 701
1766870157433 86869.9 702
1766870158446 86869.9 703
1766870159462 86869.9 704
1766870160478 86869.9 705
1766870161492 86869.9 706
1766870162505 86869.9 707
1766870163519 86869.9 708
1766870164532 86869.9 709
1766870165547 86869.9 710
1766870166561 86869.9 711
1766870167574 86869.9 712
1766870168588 86869.9 713
1766870169601 86869.9 714
1766870170615 86869.9 715
1766870171632 86869.9 716
1766870172647 86869.9 717
1766870173675 86869.9 718
1766870174690 86869.9 719
1766870175704 86869.9 720
1766870176720 86869.9 721
1766870177735 86869.9 722
1766870178749 86869.9 723
1766870179763 86869.9 724
1766870180776 86869.9 725
1766870181790 86869.9 726
1766870182804 86869.9 727
1766870183818 86869.9 728
1766870184832 86869.9 729
1766870185846 86869.9 730
1766870186859 86869.9 731
1766870187873 86869.9 732
1766870192468 86869.9 733
1766870193482 86869.9 734
1766870194496 86869.9 735
1766870195510 86869.9 736
1766870196524 86869.9 737
1766870197547 86869.9 738
1766870198561 86869.9 739
1766870199575 86869.9 740
1766870200674 86869.9 741
1766870201693 86869.9 742
1766870202707 86869.9 743
1766870203721 86869.9 744
1766870204735 86869.9 745
1766870205749 86869.9 746
1766870206764 86869.9 747
1766870207779 86869.9 748
1766870208793 86869.9 749
1766870209806 86869.9 750
1766870210820 86869.9 751
1766870211834 86869.9 752
1766870212848 86869.9 753
1766870213863 86869.9 754
1766870214877 86869.9 755
1766870215891 86869.9 756
1766870216906 86869.9 757
1766870217921 86869.9 758
1766870218937 86869.9 759
1766870219951 86869.9 760
1766870220965 86869.9 761
1766870221980 86869.9 762
1766870222996 86869.9 763
1766870224010 86869.9 764
1766870228608 86869.9 765
1766870229625 86869.9 766
1766870230640 86869.9 767
1766870231655 86869.9 768
1766870232670 86869.9 769
1766870233685 86869.9 770
1766870234701 86869.9 771
1766870235717 86869.9 772
1766870236732 86869.9 773
1766870237747 86869.9 774
1766870238761 86869.9 775
1766870239775 86869.9 776
1766870240790 86869.9 777
1766870241806 86869.9 778
1766870242820 86869.9 779
1766870243836 86869.9 780
1766870244850 86869.9 781
1766870245865 86869.9 782
1766870247452 86869.9 783
1766870248467 86869.9 784
1766870249481 86869.9 785
1766870250495 86869.9 786
1766870251509 86869.9 787
1766870252524 86869.9 788
1766870253539 86869.9 789
1766870254554 86869.9 790
1766870255570 86869.9 791
1766870256585 86869.9 792
1766870257601 86869.9 793
1766870258616 86869.9 794
1766870259636 86869.9 795
1766870264229 86869.9 796
1766870265245 86869.9 797
1766870266260 86869.9 798
1766870267275 86869.9 799
1766870268289 86869.9 800
1766870269303 86869.9 801
1766870270318 86869.9 802
1766870271332 86869.9 803
1766870272349 86869.9 804
1766870273364 86869.9 805
1766870274379 86869.9 806
1766870275394 86869.9 807
1766870276409 86869.9 808
1766870277424 86869.9 809
1766870278439 86869.9 810
1766870279455 86869.9 811
1766870280471 86869.9 812
1766870281486 86869.9 813
1766870282500 86869.9 814
1766870283516 86869.9 815
1766870284531 86869.9 816
1766870285547 86869.9 817
1766870286562 86869.9 818
1766870287578 86869.9 819
1766870288593 86869.9 820
1766870289609 86869.9 821
1766870290624 86870.5 822
1766870291641 86872.9 823
1766870292655 86872.9 824
1766870293672 86872.9 825
1766870294689 86872.9 826
1766870295719 86872.9 827
1766870300325 86872.9 828
1766870301340 86872.9 829
1766870302356 86872.9 830
1766870303372 86872.9 831
1766870304388 86872.9 832
1766870305403 86872.9 833
1766870306434 86872.9 834
1766870307448 86872.9 835
1766870308466 86872.9 836
1766870309483 86872.9 837
1766870310509 86877.3 838
1766870311528 86887.6 839
1766870312559 86897.5 840
1766870313578 86900.3 841
1766870314621 86900.3 842
1766870315638 86900.3 843
1766870316678 86900.3 844
1766870317703 86900.3 845
1766870318720 86900.3 846
1766870319757 86900.3 847
1766870320776 86900.3 848
1766870321793 86900.3 849
1766870322812 86900.3 850
1766870323827 86900.3 851
1766870324843 86900.3 852
1766870325863 86900.3 853
1766870326876 86900.3 854
1766870327892 86900.3 855
1766870328914 86900.3 856
1766870329935 86900.3 857
