1766869368409 939259.1 0
1766869369415 939258.9 1
1766869370419 939258.9 2
1766869371430 939258.7 3
1766869372433 939258.7 4
1766869373437 939258.7 5
1766869374440 939258.7 6
1766869375454 939258.7 7
1766869376463 939258.7 8
1766869377466 939258.7 9
1766869378471 939258.7 10
1766869379475 939258.7 11
1766869380482 939258.7 12
1766869381486 939258.7 13
1766869382490 939258.7 14
1766869383498 939258.7 15
1766869384510 939258.7 16
1766869385519 939258.7 17
1766869386524 939258.7 18
1766869387527 939258.7 19
1766869388539 939258.7 20
1766869389548 939258.7 21
1766869390553 939258.7 22
1766869391557 939258.7 23
1766869392561 939258.7 24
1766869393565 939258.7 25
1766869394579 939258.7 26
1766869395589 939258.7 27
1766869396593 939258.7 28
1766869397600 939258.7 29
1766869398605 939258.7 30
1766869399609 939258.7 31
1766869404193 939258.7 32
1766869405197 939258.7 33
1766869406201 939258.7 34
1766869407208 939258.7 35
1766869408212 939258.7 36
1766869409228 939258.7 37
1766869410246 939258.7 38
1766869411250 939258.7 39
1766869412258 939258.7 40
1766869413274 939258.7 41
1766869414292 939258.7 42
1766869415299 939258.7 43
1766869416303 939258.7 44
1766869417307 939258.7 45
1766869418312 939258.7 46
1766869419316 939258.7 47
1766869420331 939258.7 48
1766869421337 939258.7 49
1766869422341 939258.7 50
1766869423346 939258.7 51
1766869424351 939258.7 52
1766869425355 939258.7 53
1766869426359 939258.7 54
1766869427363 939258.7 55
1766869428367 939258.7 56
1766869429372 939258.7 57
1766869430379 939258.7 58
1766869431384 939258.7 59
1766869432388 939258.7 60
1766869433393 939258.7 61
1766869434397 939258.7 62
1766869435402 939258.7 63
1766869439986 939258.7 64
1766869440991 939258.7 65
1766869441998 939258.7 66
1766869443024 939258.7 67
1766869444033 939258.7 68
1766869445038 939258.7 69
1766869446043 939258.7 70
1766869447053 939258.7 71
1766869448061 939258.7 72
1766869449066 939258.7 73
1766869450070 939258.7 74
1766869451086 939258.7 75
1766869452094 939258.7 76
1766869453099 939258.7 77
1766869454103 939258.7 78
1766869455108 939258.7 79
1766869456115 939258.7 80
1766869457120 939258.7 81
1766869458136 939258.7 82
1766869459143 939258.7 83
1766869460152 939258.7 84
1766869461156 939258.7 85
1766869462161 939258.7 86
1766869463165 939258.7 87
1766869464170 939258.7 88
1766869465175 939258.7 89
1766869466180 939258.7 90
1766869467184 939258.7 91
1766869468189 939258.7 92
1766869469194 939258.7 93
1766869470201 939258.7 94
1766869471206 939258.7 95
1766869475795 939258.7 96
1766869476799 939258.7 97
1766869477805 939258.7 98
1766869478810 939258.7 99
1766869479816 939258.7 100
1766869480820 939258.7 101
1766869481829 939258.7 102
1766869482837 939258.7 103
1766869483855 939258.7 104
1766869484867 939258.7 105
1766869485872 939258.7 106
1766869486877 939258.7 107
1766869487882 939258.7 108
1766869488887 939258.7 109
1766869489892 939258.7 110
1766869490897 939258.7 111
1766869491904 939258.7 112
1766869492921 939258.7 113
1766869493931 939258.7 114
1766869494951 939258.7 115
1766869495959 939258.7 116
1766869496964 939258.7 117
1766869497972 939258.7 118
1766869498985 939258.7 119
1766869499992 939258.7 120
1766869501009 939258.7 121
1766869502016 939258.7 122
1766869503037 939258.7 123
1766869504046 939258.7 124
1766869505052 939258.7 125
1766869506057 939258.7 126
1766869507062 939258.7 127
1766869511650 939258.7 128
1766869512655 939258.7 129
1766869513673 939258.7 130
1766869514682 939258.7 131
1766869515689 939258.7 132
1766869516694 939258.7 133
1766869517700 939258.7 134
1766869518705 939258.7 135
1766869519711 939258.7 136
1766869520716 939258.7 137
1766869521725 939258.7 138
1766869522730 939258.7 139
1766869523739 939258.7 140
1766869524744 939258.7 141
1766869525752 939258.7 142
1766869526757 939258.7 143
1766869527764 939258.7 144
1766869528770 939258.7 145
1766869529779 939258.7 146
1766869530794 939258.7 147
1766869531800 939258.7 148
1766869532806 939258.7 149
1766869533811 939258.7 150
1766869534831 939258.7 151
1766869535841 939258.7 152
1766869536847 939258.7 153
1766869537853 939258.7 154
1766869538872 939258.7 155
1766869539880 939258.7 156
1766869540885 939258.7 157
1766869541894 939258.7 158
1766869542900 939258.7 159
1766869547492 939258.7 160
1766869548498 939258.7 161
1766869549505 939258.7 162
1766869550511 939258.7 163
1766869551516 939258.7 164
1766869552526 939258.7 165
1766869553536 939258.7 166
1766869554542 939258.7 167
1766869555546 939258.7 168
1766869556552 939258.7 169
1766869557558 939258.7 170
1766869558563 939258.7 171
1766869559569 939258.7 172
1766869560587 939258.7 173
1766869561593 939258.7 174
1766869562610 939258.7 175
1766869563617 939258.7 176
1766869564622 939258.7 177
1766869565628 939258.7 178
1766869566634 939258.7 179
1766869567643 939258.7 180
1766869568649 939258.7 181
1766869569655 939258.7 182
1766869570661 939258.7 183
1766869571666 939258.7 184
1766869572672 939258.7 185
1766869573686 939258.7 186
1766869574693 939258.7 187
1766869575713 939258.7 188
1766869576720 939258.7 189
1766869577728 939258.7 190
1766869578744 939258.7 191
1766869583345 939258.7 192
1766869584354 939258.7 193
1766869585360 939258.7 194
1766869586366 939258.7 195
1766869587389 939258.7 196
1766869588398 939258.7 197
1766869589408 939258.7 198
1766869590414 939258.7 199
1766869591420 939258.7 200
1766869592426 939258.7 201
1766869593432 939258.7 202
1766869594439 939258.7 203
1766869595445 939258.7 204
1766869596452 939258.7 205
1766869597458 939258.7 206
1766869598464 939258.7 207
1766869599474 939258.7 208
1766869600480 939258.7 209
1766869601490 939258.7 210
1766869602496 939258.7 211
1766869603533 939258.7 212
1766869604545 939258.7 213
1766869605552 939258.7 214
1766869606558 939258.7 215
1766869607565 939258.7 216
1766869608586 939258.7 217
1766869609594 939258.7 218
1766869610600 939258.7 219
1766869611610 939258.7 220
1766869612617 939258.7 221
1766869613627 939258.7 222
1766869614633 939258.7 223
1766869619224 939258.7 224
1766869620231 939258.7 225
1766869621241 939258.7 226
1766869622247 939258.7 227
1766869623265 939258.7 228
1766869624287 939258.7 229
1766869625297 939258.7 230
1766869626307 939258.7 231
1766869627313 939258.7 232
1766869628324 939258.7 233
1766869629330 939258.7 234
1766869630337 939258.7 235
1766869631343 939258.7 236
1766869632366 939258.7 237
1766869633378 939258.7 238
1766869634400 939258.7 239
1766869635408 939258.7 240
1766869636415 939258.7 241
1766869637449 939258.7 242
1766869638460 939258.7 243
1766869639470 939258.7 244
1766869640476 939258.7 245
1766869641487 939258.7 246
1766869642493 939258.7 247
1766869643516 939258.7 248
1766869644523 939258.7 249
1766869645535 939258.7 250
1766869646543 939258.7 251
1766869647561 939258.7 252
1766869648569 939258.7 253
1766869649580 939258.7 254
1766869650587 939258.7 255
1766869655179 939258.7 256
1766869656186 939258.7 257
1766869657193 939258.7 258
1766869658200 939258.7 259
1766869659207 939258.7 260
1766869660214 939258.7 261
1766869661242 939258.7 262
1766869662252 939258.7 263
1766869663262 939258.7 264
1766869664270 939258.7 265
1766869665277 939258.7 266
1766869666284 939258.7 267
1766869667291 939258.7 268
1766869668298 939258.7 269
1766869669308 939258.7 270
1766869670315 939258.7 271
1766869671326 939258.7 272
1766869672333 939258.7 273
1766869673340 939258.7 274
1766869674354 939258.7 275
1766869675363 939258.7 276
1766869676370 939258.7 277
1766869677377 939258.7 278
1766869678384 939258.7 279
1766869679402 939258.7 280
1766869680409 939258.7 281
1766869681416 939258.7 282
1766869682423 939258.7 283
1766869683443 939258.7 284
1766869684450 939258.7 285
1766869685473 939258.7 286
1766869686483 939258.7 287
1766869691071 939258.7 288
1766869692092 939258.7 289
1766869693103 939258.7 290
1766869694110 939258.7 291
1766869695117 939258.7 292
1766869696125 939258.7 293
1766869697132 939258.7 294
1766869698146 939258.7 295
1766869699153 939258.7 296
1766869700160 939258.7 297
1766869701168 939258.7 298
1766869702176 939258.7 299
1766869703200 939258.7 300
1766869704209 939258.7 301
1766869705220 939258.7 302
1766869706227 939258.7 303
1766869707235 939258.7 304
1766869708243 939258.7 305
1766869709250 939258.7 306
1766869710258 939258.7 307
1766869711269 939258.7 308
1766869712277 939258.7 309
1766869713288 939258.7 310
1766869714297 939258.7 311
1766869715305 939258.7 312
1766869716312 939258.7 313
1766869717335 939258.7 314
1766869718343 939258.7 315
1766869719350 939258.7 316
1766869720358 939258.7 317
1766869721366 939258.7 318
1766869722374 939258.7 319
1766869726974 939258.6 320
1766869727982 939258.6 321
1766869728993 939258.6 322
1766869730001 939258.6 323
1766869731011 939258.6 324
1766869732019 939258.6 325
1766869733026 939258.6 326
1766869734034 939258.6 327
1766869735043 939258.6 328
1766869736051 939258.6 329
1766869737059 939258.6 330
1766869738106 939258.6 331
1766869739116 939258.6 332
1766869740125 939258.6 333
1766869741133 939258.6 334
1766869742141 939258.6 335
1766869743150 939258.6 336
1766869744159 939258.6 337
1766869745170 939258.6 338
1766869746179 939258.6 339
1766869747188 939258.6 340
1766869748198 939258.6 341
1766869749209 939258.6 342
1766869750218 939258.6 343
1766869751227 939258.6 344
1766869752242 939258.6 345
1766869753251 939258.6 346
1766869754273 939258.6 347
1766869755298 939258.6 348
1766869756307 939258.6 349
1766869757316 939258.6 350
1766869758324 939258.6 351
1766869762915 939258.6 352
1766869763924 939258.6 353
1766869764932 939258.6 354
1766869765940 939258.6 355
1766869766955 939258.6 356
1766869767963 939258.6 357
1766869768971 939258.6 358
1766869769979 939258.6 359
1766869770988 939258.6 360
1766869772038 939258.6 361
1766869773052 939258.6 362
1766869774065 939258.6 363
1766869775092 939258.6 364
1766869776101 939258.6 365
1766869777110 939258.6 366
1766869778121 939258.6 367
1766869779129 939258.6 368
1766869780161 939258.6 369
1766869781171 939258.6 370
1766869782179 939258.6 371
1766869783209 939258.6 372
1766869784219 939258.6 373
1766869785227 939258.6 374
1766869786238 939258.6 375
1766869787259 939258.6 376
1766869788268 939258.6 377
1766869789291 939258.6 378
1766869790301 939258.6 379
1766869791328 939258.6 380
1766869792336 939258.6 381
1766869793348 939258.6 382
1766869794360 939258.6 383
1766869798967 939258.6 384
1766869799996 939258.6 385
1766869801021 939258.6 386
1766869802030 939258.6 387
1766869803039 939258.6 388
1766869804048 939258.6 389
1766869805101 939258.6 390
1766869806115 939258.6 391
1766869807124 939258.6 392
1766869808133 939258.6 393
1766869809145 939258.6 394
1766869810157 939258.6 395
1766869811166 939258.6 396
1766869812177 939258.6 397
1766869813191 939258.6 398
1766869814204 939258.6 399
1766869815213 939258.6 400
1766869816222 939258.6 401
1766869817231 939258.6 402
1766869818253 939258.6 403
1766869819266 939258.6 404
1766869820275 939258.6 405
1766869821287 939258.6 406
1766869822298 939258.6 407
1766869823307 939258.6 408
1766869824315 939258.6 409
1766869825325 939258.6 410
1766869826336 939258.6 411
1766869827345 939258.6 412
1766869828356 939258.6 413
1766869829375 939258.6 414
1766869830389 939258.6 415
1766869834982 939258.6 416
1766869835994 939258.6 417
1766869837007 939258.6 418
1766869838019 939258.6 419
1766869839077 939258.6 420
1766869840092 939258.6 421
1766869841101 939258.6 422
1766869842110 939258.6 423
1766869843119 939258.6 424
1766869844128 939258.6 425
1766869845151 939258.6 426
1766869846162 939258.6 427
1766869847173 939258.6 428
1766869848186 939258.6 429
1766869849195 939258.6 430
1766869850224 939258.6 431
1766869851233 939258.6 432
1766869852248 939258.6 433
1766869853261 939258.6 434
1766869854270 939258.6 435
1766869855279 939258.6 436
1766869856293 939258.6 437
1766869857306 939258.6 438
1766869858323 939258.6 439
1766869859335 939258.6 440
1766869860345 939258.6 441
1766869861354 939258.6 442
1766869862380 939258.6 443
1766869863389 939258.6 444
1766869864398 939258.6 445
1766869865410 939258.6 446
1766869870022 939258.6 447
1766869871034 939258.6 448
1766869872095 939258.6 449
1766869873110 939258.6 450
1766869874123 939258.6 451
1766869875135 939258.6 452
1766869876148 939258.6 453
1766869877161 939258.6 454
1766869878190 939258.6 455
1766869879200 939258.6 456
1766869880209 939258.6 457
1766869881219 939258.6 458
1766869882231 939258.6 459
1766869883252 939258.6 460
1766869884264 939258.6 461
1766869885289 939258.6 462
1766869886302 939258.6 463
1766869887315 939258.6 464
1766869888325 939258.6 465
1766869889334 939258.6 466
1766869890343 939258.6 467
1766869891353 939258.6 468
1766869892383 939258.6 469
1766869893397 939258.6 470
1766869894414 939258.6 471
1766869895424 939258.6 472
1766869896436 939258.6 473
1766869897459 939258.6 474
1766869898469 939258.6 475
1766869899479 939258.6 476
1766869900498 939258.6 477
1766869901520 939258.6 478
1766869906166 939258.6 479
1766869907181 939258.6 480
1766869908192 939258.6 481
1766869909203 939258.6 482
1766869910213 939258.6 483
1766869911223 939258.6 484
1766869912234 939258.6 485
1766869913245 939258.6 486
1766869914256 939258.6 487
1766869915267 939258.6 488
1766869916285 939258.6 489
1766869917296 939258.6 490
1766869918309 939258.6 491
1766869919320 939258.6 492
1766869920330 939258.6 493
1766869921349 939258.6 494
1766869922359 939258.6 495
1766869923382 939258.6 496
1766869924392 939258.6 497
1766869925412 939258.6 498
1766869926425 939258.6 499
1766869927438 939258.6 500
1766869928447 939258.6 501
1766869929457 939258.6 502
1766869930483 939258.6 503
1766869931494 939258.6 504
1766869932552 939258.6 505
1766869933566 939258.6 506
1766869934590 939258.6 507
1766869935602 939258.6 508
1766869936612 939258.6 509
1766869937624 939258.6 510
1766869942211 939258.6 511
1766869943222 939258.6 512
1766869944236 939258.6 513
1766869945246 939258.6 514
1766869946273 939258.6 515
1766869947296 939258.6 516
1766869948306 939258.6 517
1766869949320 939258.6 518
1766869950346 939258.6 519
1766869951360 939258.6 520
1766869952371 939258.6 521
1766869953383 939258.6 522
1766869954393 939258.6 523
1766869955404 939258.6 524
1766869956413 939258.6 525
1766869957423 939258.6 526
1766869958436 939258.6 527
1766869959447 939258.6 528
1766869960457 939258.6 529
1766869961468 939258.6 530
1766869962481 939258.6 531
1766869963492 939258.6 532
1766869964504 939258.6 533
1766869965580 939258.6 534
1766869966596 939258.6 535
1766869967607 939258.6 536
1766869968624 939258.6 537
1766869969635 939258.6 538
1766869970645 939258.6 539
1766869971657 939258.6 540
1766869972668 939258.6 541
