1766869368409 0.003311000000394415 0
1766869369415 0.16277099999933853 1
1766869370419 2.7594500000013795 2
1766869371430 19.027784999998403 3
1766869372433 19.032901999999012 4
1766869373437 19.03859200000079 5
1766869374440 19.04380300000048 6
1766869375454 19.04892000000109 7
1766869376463 19.059557000000495 8
1766869377466 19.069971000000805 9
1766869378471 19.075206999998045 10
1766869379475 19.08089100000143 11
1766869380482 19.089097000000038 12
1766869381486 19.094333000000915 13
1766869382490 19.099903999998787 14
1766869383498 19.10508800000025 15
1766869384510 19.11020500000086 16
1766869385519 19.115529999999126 17
1766869386524 19.12101199999961 18
1766869387527 19.13763299999846 19
1766869388539 19.143285999998625 20
1766869389548 19.148402999999234 21
1766869390553 19.15440200000012 22
1766869391557 19.160091999998258 23
1766869392561 19.165208999998868 24
1766869393565 19.170289000001503 25
1766869394579 19.175830000000133 26
1766869395589 19.18119300000035 27
1766869396593 19.186429000001226 28
1766869397600 19.19628300000113 29
1766869398605 19.207256000001507 30
1766869399609 19.218220999999176 31
1766869404193 19.223980999999185 32
1766869405197 19.229693000001134 33
1766869406201 19.234809999998106 34
1766869407208 19.24030599999969 35
1766869408212 19.25163799999791 36
1766869409228 19.2569110000004 37
1766869410246 19.262354999998934 38
1766869411250 19.280287000001408 39
1766869412258 19.286495000000286 40
1766869413274 19.29200900000069 41
1766869414292 19.2971260000013 42
1766869415299 19.30236199999854 43
1766869416303 19.31549499999892 44
1766869417307 19.321654999999737 45
1766869418312 19.328084000000672 46
1766869419316 19.339167999998608 47
1766869420331 19.344403999999486 48
1766869421337 19.354637000000366 49
1766869422341 19.360013999998046 50
1766869423346 19.365130999998655 51
1766869424351 19.37062800000058 52
1766869425355 19.3760199999997 53
1766869426359 19.381502000000182 54
1766869427363 19.386671000000206 55
1766869428367 19.39199599999847 56
1766869429372 19.39711299999908 57
1766869430379 19.408629999998084 58
1766869431384 19.418280999998387 59
1766869432388 19.42344999999841 60
1766869433393 19.42856699999902 61
1766869434397 19.4341459999996 62
1766869435402 19.44071199999962 63
1766869439986 19.45209199999954 64
1766869440991 19.45799099999931 65
1766869441998 19.468800999999075 66
1766869443024 19.47416399999929 67
1766869444033 19.479608000001463 68
1766869445038 19.488882999998168 69
1766869446043 19.49405199999819 70
1766869447053 19.499377000000095 71
1766869448061 19.5082110000003 72
1766869449066 19.514327000000776 73
1766869450070 19.51977099999931 74
1766869451086 19.524939999999333 75
1766869452094 19.536213999999745 76
1766869453099 19.542523000000074 77
1766869454103 19.54775900000095 78
1766869455108 19.557103999999526 79
1766869456115 19.562481000000844 80
1766869457120 19.577582999998413 81
1766869458136 19.582915999999386 82
1766869459143 19.58835999999792 83
1766869460152 19.593779999999242 84
1766869461156 19.599500000000262 85
1766869462161 19.60507299999881 86
1766869463165 19.61062200000015 87
1766869464170 19.625653999999486 88
1766869465175 19.63109799999802 89
1766869466180 19.636555000000953 90
1766869467184 19.641671999997925 91
1766869468189 19.64699699999983 92
1766869469194 19.65229900000122 93
1766869470201 19.657780999998067 94
1766869471206 19.66294999999809 95
1766869475795 19.668274999999994 96
1766869476799 19.674003000000084 97
1766869477805 19.688976000001276 98
1766869478810 19.69454300000143 99
1766869479816 19.700592000001052 100
1766869480820 19.705708999998024 101
1766869481829 19.711153000000195 102
1766869482837 19.717233999999735 103
1766869483855 19.728556999998546 104
1766869484867 19.73430599999847 105
1766869485872 19.73942299999908 106
1766869486877 19.74478199999794 107
1766869487882 19.754267000000254 108
1766869488887 19.759503000001132 109
1766869489892 19.764672000001156 110
1766869490897 19.76999699999942 111
1766869491904 19.77559100000144 112
1766869492921 19.780707999998413 113
1766869493931 19.786152000000584 114
1766869494951 19.79158499999903 115
1766869495959 19.802809000000707 116
1766869496964 19.80825299999924 117
1766869497972 19.817418999999063 118
1766869498985 19.822696999999607 119
1766869499992 19.828074000000925 120
1766869501009 19.83343700000114 121
1766869502016 19.83867299999838 122
1766869503037 19.843998000000283 123
1766869504046 19.84923400000116 124
1766869505052 19.855155000001105 125
1766869506057 19.86660699999993 126
1766869507062 19.872723000000406 127
1766869511650 19.881881000001158 128
1766869512655 19.88813300000038 129
1766869513673 19.893496000000596 130
1766869514682 19.898724999999104 131
1766869515689 19.910203999999794 132
1766869516694 19.918569999998 133
1766869517700 19.924051999998483 134
1766869518705 19.9294289999998 135
1766869519711 19.93454600000041 136
1766869520716 19.939782000001287 137
1766869521725 19.949155999998766 138
1766869522730 19.95463799999925 139
1766869523739 19.959703000000445 140
1766869524744 19.96502799999871 141
1766869525752 19.970479999999952 142
1766869526757 19.976349000000482 143
1766869527764 19.98753199999919 144
1766869528770 19.992700999999215 145
1766869529779 19.997817999999825 146
1766869530794 20.003303999998025 147
1766869531800 20.012707999998383 148
1766869532806 20.01794399999926 149
1766869533811 20.02332100000058 150
1766869534831 20.028438000001188 151
1766869535841 20.033919999998034 152
1766869536847 20.04443800000081 153
1766869537853 20.051565999998274 154
1766869538872 20.056682999998884 155
1766869539880 20.06272600000011 156
1766869540885 20.06842400000096 157
1766869541894 20.077597999999853 158
1766869542900 20.082989999998972 159
1766869547492 20.08810699999958 160
1766869548498 20.093991999998252 161
1766869549505 20.105196000000433 162
1766869550511 20.110208999998576 163
1766869551516 20.115496999998868 164
1766869552526 20.120944999998756 165
1766869553536 20.126185000000987 166
1766869554542 20.131420999998227 167
1766869555546 20.140794999999343 168
1766869556552 20.146294999998645 169
1766869557558 20.15187000000151 170
1766869558563 20.15762299999915 171
1766869559569 20.16357699999935 172
1766869560587 20.1744460000009 173
1766869561593 20.179997999999614 174
1766869562610 20.185237999998208 175
1766869563617 20.190396999998484 176
1766869564622 20.195841000000655 177
1766869565628 20.205025999999634 178
1766869566634 20.210629000001063 179
1766869567643 20.216142000001128 180
1766869568649 20.222139000001334 181
1766869569655 20.227374999998574 182
1766869570661 20.239817999998195 183
1766869571666 20.2451430000001 184
1766869572672 20.250260000000708 185
1766869573686 20.255768999999418 186
1766869574693 20.261312999999063 187
1766869575713 20.270833999999013 188
1766869576720 20.27621100000033 189
1766869577728 20.28132800000094 190
1766869578744 20.28644499999791 191
1766869583345 20.29213499999969 192
1766869584354 20.300810000000638 193
1766869585360 20.306220999998914 194
1766869586366 20.317165000000386 195
1766869587389 20.322282000000996 196
1766869588398 20.32776400000148 197
1766869589408 20.33724699999948 198
1766869590414 20.342312000000675 199
1766869591420 20.347860999998375 200
1766869592426 20.359935000000405 201
1766869593432 20.365171000001283 202
1766869594439 20.370406999998522 203
1766869595445 20.375825999999506 204
1766869596452 20.380943000000116 205
1766869597458 20.38630600000033 206
1766869598464 20.39169799999945 207
1766869599474 20.401678999998694 208
1766869600480 20.406847999998718 209
1766869601490 20.418330000000424 210
1766869602496 20.42456300000049 211
1766869603533 20.430326999998215 212
1766869604545 20.435882999998285 213
1766869605552 20.441051999998308 214
1766869606558 20.446414999998524 215
1766869607565 20.451859000000695 216
1766869608586 20.461025000000518 217
1766869609594 20.466261000001396 218
1766869610600 20.47188399999868 219
1766869611610 20.476897000000463 220
1766869612617 20.488258000001224 221
1766869613627 20.49358299999949 222
1766869614633 20.49894199999835 223
1766869619224 20.504233999999997 224
1766869620231 20.509648999999627 225
1766869621241 20.514952000001358 226
1766869622247 20.52462799999921 227
1766869623265 20.53593700000056 228
1766869624287 20.541106000000582 229
1766869625297 20.54622300000119 230
1766869626307 20.55177900000126 231
1766869627313 20.557184000001143 232
1766869628324 20.562795999998343 233
1766869629330 20.569052999999258 234
1766869630337 20.574169999999867 235
1766869631343 20.579406000000745 236
1766869632366 20.58962999999858 237
1766869633378 20.600900999997975 238
1766869634400 20.606442000000243 239
1766869635408 20.61176699999851 240
1766869636415 20.617145000000164 241
1766869637449 20.622262000000774 242
1766869638460 20.627705999999307 243
1766869639470 20.63287499999933 244
1766869640476 20.63799199999994 245
1766869641487 20.64368199999808 246
1766869642493 20.652844000000186 247
1766869643516 20.658080000001064 248
1766869644523 20.668649999999616 249
1766869645535 20.67501099999936 250
1766869646543 20.680247000000236 251
1766869647561 20.6855719999985 252
1766869648569 20.69080799999938 253
1766869649580 20.69906600000104 254
1766869650587 20.70463699999891 255
1766869655179 20.70987299999979 256
1766869656186 20.719129000000976 257
1766869657193 20.730659000000742 258
1766869658200 20.736022000000958 259
1766869659207 20.741354999998293 260
1766869660214 20.74772099999973 261
1766869661242 20.752838000000338 262
1766869662252 20.75886299999911 263
1766869663262 20.76409699999931 264
1766869664270 20.76921399999992 265
1766869665277 20.774561999998696 266
1766869666284 20.783926000000065 267
1766869667291 20.789966000000277 268
1766869668298 20.800702000000456 269
1766869669308 20.80602699999872 270
1766869670315 20.8112629999996 271
1766869671326 20.816569999999047 272
1766869672333 20.8221220000014 273
1766869673340 20.82723899999837 274
1766869674354 20.83235599999898 275
1766869675363 20.838012000000163 276
1766869676370 20.84775499999887 277
1766869677377 20.853135999997903 278
1766869678384 20.864642000000458 279
1766869679402 20.86991499999931 280
1766869680409 20.875396999999793 281
1766869681416 20.880840999998327 282
1766869682423 20.88600999999835 283
1766869683443 20.89112699999896 284
1766869684450 20.896452000000863 285
1766869685473 20.902310000001307 286
1766869686483 20.91160300000047 287
1766869691071 20.917860000001383 288
1766869692092 20.923573000000033 289
1766869693103 20.93551799999841 290
1766869694110 20.941013999999996 291
1766869695117 20.94636199999877 292
1766869696125 20.951530999998795 293
1766869697132 20.956898000000365 294
1766869698146 20.96226100000058 295
1766869699153 20.967497000001458 296
1766869700160 20.97697799999878 297
1766869701168 20.982146999998804 298
1766869702176 20.98750999999902 299
1766869703200 20.993098999999347 300
1766869704209 21.00410600000032 301
1766869705220 21.00949799999944 302
1766869706227 21.014875000000757 303
1766869707235 21.020238000000973 304
1766869708243 21.025354999997944 305
1766869709250 21.030799000000115 306
1766869710258 21.040079999998852 307
1766869711269 21.045494999998482 308
1766869712277 21.050820000000385 309
1766869713288 21.055937000000995 310
1766869714297 21.061172999998234 311
1766869715305 21.072864999998274 312
1766869716312 21.07815699999992 313
1766869717335 21.08636100000149 314
1766869718343 21.09268499999962 315
1766869719350 21.09780200000023 316
1766869720358 21.108046999997896 317
1766869721366 21.113484000001336 318
1766869722374 21.118600999998307 319
1766869726974 21.124455000001035 320
1766869727982 21.135677999998734 321
1766869728993 21.141051999999036 322
1766869730001 21.14622099999906 323
1766869731011 21.15158800000063 324
1766869732019 21.156824000001507 325
1766869733026 21.16622600000119 326
1766869734034 21.17770499999824 327
1766869735043 21.183633000000555 328
1766869736051 21.19462199999907 329
1766869737059 21.20031200000085 330
1766869738106 21.20542900000146 331
1766869739116 21.2106649999987 332
1766869740125 21.216042000000016 333
1766869741133 21.221159000000625 334
1766869742141 21.22664100000111 335
1766869743150 21.236014999998588 336
1766869744159 21.241683000000194 337
1766869745170 21.252610999999888 338
1766869746179 21.258182000001398 339
1766869747188 21.263793999998597 340
1766869748198 21.275677999998152 341
1766869749209 21.283222999998543 342
1766869750218 21.28911000000153 343
1766869751227 21.29436899999928 344
1766869752242 21.29981300000145 345
1766869753251 21.30898299999899 346
1766869754273 21.314218999999866 347
1766869755298 21.32514699999956 348
1766869756307 21.33119599999918 349
1766869757316 21.336543999997957 350
1766869758324 21.34186899999986 351
1766869762915 21.347147000000405 352
1766869763924 21.3526520000014 353
1766869764932 21.357976999999664 354
1766869765940 21.363719000000856 355
1766869766955 21.378497999998217 356
1766869767963 21.38413600000058 357
1766869768971 21.389305000000604 358
1766869769979 21.394422000001214 359
1766869770988 21.399865999999747 360
1766869772038 21.40510599999834 361
1766869773052 21.410303000000567 362
1766869774065 21.415627999998833 363
1766869775092 21.420744999999442 364
1766869776101 21.43201599999884 365
1766869777110 21.441902999999 366
1766869778121 21.447071999999025 367
1766869779129 21.452188999999635 368
1766869780161 21.458394000001135 369
1766869781171 21.464594000000943 370
1766869782179 21.469882000001235 371
1766869783209 21.475258999998914 372
1766869784219 21.480375999999524 373
1766869785227 21.488698000001023 374
1766869786238 21.49481999999989 375
1766869787259 21.5098739999994 376
1766869788268 21.515042999999423 377
1766869789291 21.520368000001326 378
1766869790301 21.52594699999827 379
1766869791328 21.531224999998813 380
1766869792336 21.536669000000984 381
1766869793348 21.541838000001007 382
1766869794360 21.547378999999637 383
1766869798967 21.553162000000157 384
1766869799996 21.564683000000514 385
1766869801021 21.574195000001055 386
1766869802030 21.579571999998734 387
1766869803039 21.58493499999895 388
1766869804048 21.590170999999827 389
1766869805101 21.595495999998093 390
1766869806115 21.600797999999486 391
1766869807124 21.60609000000113 392
1766869808133 21.61191400000098 393
1766869809145 21.61714999999822 394
1766869810157 21.627621999999974 395
1766869811166 21.638890999998694 396
1766869812177 21.645024000001285 397
1766869813191 21.650088999998843 398
1766869814204 21.655533000001014 399
1766869815213 21.66086599999835 400
1766869816222 21.666347999998834 401
1766869817231 21.67172500000015 402
1766869818253 21.67684200000076 403
1766869819266 21.687926999999036 404
1766869820275 21.69804600000134 405
1766869821287 21.70911200000046 406
1766869822298 21.71478399999978 407
1766869823307 21.72015100000135 408
1766869824315 21.725499000000127 409
1766869825325 21.730862000000343 410
1766869826336 21.736305999998876 411
1766869827345 21.7414749999989 412
1766869828356 21.74659199999951 413
1766869829375 21.752035999998043 414
1766869830389 21.761438000001363 415
1766869834982 21.766673999998602 416
1766869835994 21.77264699999796 417
1766869837007 21.783448999998654 418
1766869838019 21.78893099999914 419
1766869839077 21.79425600000104 420
1766869840092 21.79949199999828 421
1766869841101 21.805540999997902 422
1766869842110 21.81755300000077 423
1766869843119 21.823190999999497 424
1766869844128 21.83234100000118 425
1766869845151 21.837844999998197 426
1766869846162 21.842961999998806 427
1766869847173 21.848324999999022 428
1766869848186 21.853769000001193 429
1766869849195 21.858885999998165 430
1766869850224 21.864173999998457 431
1766869851233 21.869621999998344 432
1766869852248 21.875294000001304 433
1766869853261 21.88944199999969 434
1766869854270 21.898936999998114 435
1766869855279 21.904105999998137 436
1766869856293 21.909468999998353 437
1766869857306 21.915052000000287 438
1766869858323 21.920288000001165 439
1766869859335 21.925523999998404 440
1766869860345 21.931146999999328 441
1766869861354 21.93631800000003 442
1766869862380 21.941435000000638 443
1766869863389 21.952979999998206 444
1766869864398 21.962406999999075 445
1766869865410 21.968197999998665 446
1766869870022 21.97352300000057 447
1766869871034 21.978729999998905 448
1766869872095 21.984809000001405 449
1766869873110 21.991752999998425 450
1766869874123 22.002510999998776 451
1766869875135 22.00784399999975 452
1766869876148 22.013168999998015 453
1766869877161 22.018404999998893 454
1766869878190 22.027939999999944 455
1766869879200 22.03331700000126 456
1766869880209 22.038433999998233 457
1766869881219 22.04366999999911 458
1766869882231 22.04924100000062 459
1766869883252 22.054477000001498 460
1766869884264 22.064838999998756 461
1766869885289 22.071162000000186 462
1766869886302 22.076520999999047 463
1766869887315 22.08176100000128 464
1766869888325 22.091287999999622 465
1766869889334 22.096456999999646 466
1766869890343 22.101574000000255 467
1766869891353 22.10737599999993 468
1766869892383 22.11249300000054 469
1766869893397 22.117729000001418 470
1766869894414 22.123105999999098 471
1766869895424 22.128468999999313 472
1766869896436 22.138898000001063 473
1766869897459 22.149335999998584 474
1766869898469 22.15457199999946 475
1766869899479 22.160620999999082 476
1766869900498 22.16680600000109 477
1766869901520 22.172153999999864 478
1766869906166 22.177271000000474 479
1766869907181 22.1832370000011 480
1766869908192 22.194344999999885 481
1766869909203 22.199462000000494 482
1766869910213 22.204905999999028 483
1766869911223 22.21407199999885 484
1766869912234 22.219307999999728 485
1766869913245 22.22493100000065 486
1766869914256 22.23004800000126 487
1766869915267 22.2352839999985 488
1766869916285 22.240820999999414 489
1766869917296 22.246462999999494 490
1766869918309 22.2570369999994 491
1766869919320 22.26357199999984 492
1766869920330 22.268808000000718 493
1766869921349 22.278095000001485 494
1766869922359 22.286748999998963 495
1766869923382 22.291865999999573 496
1766869924392 22.297199000000546 497
1766869925412 22.30264299999908 498
1766869926425 22.308313000001363 499
1766869927438 22.313669999999547 500
1766869928447 22.31942699999854 501
1766869929457 22.33118299999842 502
1766869930483 22.337330999998812 503
1766869931494 22.34692400000131 504
1766869932552 22.351988999998866 505
1766869933566 22.357209999998304 506
1766869934590 22.362646999998105 507
1766869935602 22.36812899999859 508
1766869936612 22.373364999999467 509
1766869937624 22.378742000000784 510
1766869942211 22.383859000001394 511
1766869943222 22.613258999997925 512
1766869944236 22.651006000000052 513
1766869945246 22.666348999999173 514
1766869946273 22.672373999997944 515
1766869947296 22.683313000001363 516
1766869948306 22.90305299999818 517
1766869949320 22.90828899999906 518
1766869950346 22.91373300000123 519
1766869951360 22.918902000001253 520
1766869952371 22.92426500000147 521
1766869953383 23.144359999998414 522
1766869954393 23.15530199999921 523
1766869955404 23.1645869999993 524
1766869956413 23.170086999998603 525
1766869957423 23.175216999999975 526
1766869958436 23.395198999998684 527
1766869959447 23.400524000000587 528
1766869960457 23.40664000000106 529
1766869961468 23.417921000000206 530
1766869962481 23.462242999998125 531
1766869963492 23.697084999999788 532
1766869964504 23.716021000000183 533
1766869965580 23.747847999999067 534
1766869966596 23.763276000001497 535
1766869967607 23.771128000000317 536
1766869968624 23.990733999999065 537
1766869969635 23.995850999999675 538
1766869970645 24.017109000000346 539
1766869971657 25.014779000001 540
1766869972668 25.357301000000007 541
1766869973679 25.79541600000084 542
1766869978276 26.2722700000013 543
1766869979294 26.29188499999873 544
1766869980305 26.487167999999656 545
1766869981316 26.825622000000294 546
1766869982339 27.507832999999664 547
1766869983351 27.683302000001277 548
1766869984362 28.038034000001062 549
1766869985374 29.284120000000257 550
1766869986387 29.560997000000498 551
1766869987399 30.737096000000747 552
1766869988410 32.008977999998024 553
1766869989422 32.181806000000506 554
1766869990435 32.28972399999839 555
1766869991446 32.555130000000645 556
1766869992457 32.614637999999104 557
1766869993468 32.62099300000045 558
1766869994478 32.626571000000695 559
1766869995508 32.63272000000143 560
1766869996519 32.643983999998454 561
1766869997530 32.64940999999817 562
1766869998541 32.65846800000145 563
1766869999553 32.682505000000674 564
1766870000579 32.69921400000021 565
1766870001590 32.705300999998144 566
1766870002601 32.720956000001024 567
1766870003612 32.727334999999584 568
1766870004623 32.7469740000015 569
1766870005643 32.753819000001386 570
1766870006673 32.76418099999864 571
1766870007686 32.77041499999905 572
1766870008697 32.77990399999908 573
1766870013312 32.78531899999871 574
1766870014326 32.79052600000068 575
1766870015342 32.816828999999416 576
1766870016356 32.82354699999996 577
1766870017368 32.83497400000124 578
1766870018381 32.840596999998525 579
1766870019392 32.845713999999134 580
1766870020405 32.86035600000105 581
1766870021419 32.86602599999969 582
1766870022434 32.87707099999898 583
1766870023446 32.88276799999949 584
1766870024458 32.89775400000144 585
1766870025470 32.91960199999812 586
1766870026483 32.92514400000073 587
1766870027508 32.93149999999878 588
1766870028531 32.94234800000049 589
1766870029552 32.948397000000114 590
1766870030563 32.95384099999865 591
1766870031577 32.95920399999886 592
1766870032591 32.968488999998954 593
1766870033603 32.97386600000027 594
1766870034614 32.97919499999989 595
1766870035627 32.9847660000014 596
1766870036652 32.9904260000003 597
1766870037664 32.996306000000914 598
1766870038679 33.00716800000009 599
1766870039692 33.01249299999836 600
1766870040704 33.01797499999884 601
1766870041715 33.02315799999997 602
1766870042727 33.03264299999864 603
1766870043743 33.03781199999867 604
1766870044757 33.043071000000054 605
1766870049347 33.04889099999855 606
1766870050377 33.05409800000052 607
1766870051388 33.06459399999949 608
1766870052400 33.07184899999993 609
1766870053411 33.077823999999964 610
1766870054424 33.08331800000087 611
1766870055435 33.09267399999953 612
1766870056447 33.09791000000041 613
1766870057460 33.10322100000121 614
1766870058482 33.111643000000186 615
1766870059496 33.11709500000143 616
1766870060512 33.1222119999984 617
1766870061524 33.127919999998994 618
1766870062537 33.1392620000006 619
1766870063549 33.14437900000121 620
1766870064560 33.14982299999974 621
1766870065572 33.15897699999914 622
1766870066586 33.164458999999624 623
1766870067597 33.17642899999919 624
1766870068609 33.1815459999998 625
1766870069620 33.186782000000676 626
1766870070632 33.19223000000056 627
1766870071648 33.19778999999835 628
1766870072663 33.20809999999983 629
1766870073679 33.21442300000126 630
1766870074692 33.2196589999985 631
1766870075704 33.22907099999793 632
1766870076716 33.234566999999515 633
1766870077729 33.239684000000125 634
1766870078742 33.244801000000734 635
1766870079755 33.25203699999838 636
1766870080768 33.25754099999904 637
1766870085369 33.26265799999965 638
1766870086382 33.268072999999276 639
1766870087393 33.27368900000147 640
1766870088405 33.28486400000111 641
1766870089417 33.29436100000021 642
1766870090429 33.2995719999999 643
1766870091441 33.30468900000051 644
1766870092455 33.310475999998744 645
1766870093468 33.31571199999962 646
1766870094494 33.32120899999791 647
1766870095506 33.326585999999224 648
1766870096520 33.331702999999834 649
1766870097532 33.33706600000005 650
1766870098544 33.34870099999898 651
1766870099560 33.357975999999326 652
1766870100572 33.36314499999935 653
1766870101587 33.36871600000086 654
1766870102600 33.37383300000147 655
1766870103615 33.37906899999871 656
1766870104627 33.38451300000088 657
1766870105639 33.3896820000009 658
1766870106651 33.39550500000041 659
1766870107663 33.40602299999955 660
1766870108676 33.412256999999954 661
1766870109692 33.42153999999937 662
1766870110715 33.42876099999921 663
1766870111730 33.433929999999236 664
1766870112743 33.439166000000114 665
1766870113755 33.44449099999838 666
1766870114768 33.45006600000124 667
1766870115780 33.45535799999925 668
1766870116800 33.460683000001154 669
1766870121386 33.465918999998394 670
1766870122399 33.47731700000077 671
1766870123412 33.48706500000117 672
1766870124425 33.49218199999814 673
1766870125437 33.49729899999875 674
1766870126449 33.505990000001475 675
1766870127465 33.51135299999805 676
1766870128477 33.517094999999244 677
1766870129490 33.52809100000013 678
1766870130502 33.53320800000074 679
1766870131514 33.53844399999798 680
1766870132527 33.54401499999949 681
1766870133563 33.55330799999865 682
1766870134575 33.558476999998675 683
1766870135589 33.56380200000058 684
1766870136602 33.56928400000106 685
1766870137615 33.57440099999803 686
1766870138628 33.579845000000205 687
1766870139641 33.58527799999865 688
1766870140664 33.59632200000124 689
1766870141679 33.6036099999983 690
1766870142691 33.61277599999812 691
1766870143703 33.618011999999 692
1766870144717 33.623500999998214 693
1766870145730 33.62886399999843 694
1766870146744 33.63409999999931 695
1766870147758 33.63942500000121 696
1766870148775 33.644608999999036 697
1766870149798 33.64984900000127 698
1766870150812 33.66161999999895 699
1766870151825 33.666855999999825 700
1766870152838 33.67602199999965 701
1766870157433 33.681626000001415 702
1766870158446 33.687332999998034 703
1766870159462 33.692841000000044 704
1766870160478 33.6990029999979 705
1766870161492 33.70987199999945 706
1766870162505 33.715338999998494 707
1766870163519 33.7206640000004 708
1766870164532 33.72567699999854 709
1766870165547 33.73091299999942 710
1766870166561 33.74041999999827 711
1766870167574 33.746398999999656 712
1766870168588 33.751516000000265 713
1766870169601 33.75684099999853 714
1766870170615 33.76207699999941 715
1766870171632 33.77431200000137 716
1766870172647 33.780948999999964 717
1766870173675 33.78615799999898 718
1766870174690 33.79149099999995 719
1766870175704 33.796934999998484 720
1766870176720 33.80646400000114 721
1766870177735 33.811633000001166 722
1766870178749 33.81695799999943 723
1766870179763 33.82207500000004 724
1766870180776 33.827557000000525 725
1766870181790 33.83350699999937 726
1766870182804 33.84436099999948 727
1766870183818 33.84947800000009 728
1766870184832 33.854802999998356 729
1766870185846 33.86028499999884 730
1766870186859 33.869620000001305 731
1766870187873 33.87727799999993 732
1766870192468 33.88311299999987 733
1766870193482 33.89023299999826 734
1766870194496 33.90698699999848 735
1766870195510 33.91376300000047 736
1766870196524 33.92925000000105 737
1766870197547 33.96482100000139 738
1766870198561 33.97094999999899 739
1766870199575 33.97678499999893 740
1766870200674 33.986268000000564 741
1766870201693 33.99143700000059 742
1766870202707 33.998397999999725 743
1766870203721 34.00389400000131 744
1766870204735 34.009226999998646 745
1766870205749 34.019656000000396 746
1766870206764 34.026277000000846 747
1766870207779 34.031394000001455 748
1766870208793 34.036629999998695 749
1766870209806 34.04599800000142 750
1766870210820 34.05123399999866 751
1766870211834 34.05664899999829 752
1766870212848 34.062691999999515 753
1766870213863 34.06792800000039 754
1766870214877 34.073045000001 755
1766870215891 34.08492599999954 756
1766870216906 34.090094999999565 757
1766870217921 34.095212000000174 758
1766870218937 34.10065599999871 759
1766870219951 34.10988300000099 760
1766870220965 34.115138000001025 761
1766870221980 34.12046299999929 762
1766870222996 34.125796000000264 763
1766870224010 34.13103200000114 764
1766870228608 34.13679100000081 765
1766870229625 34.147634000000835 766
1766870230640 34.15374900000097 767
1766870231655 34.15907399999924 768
1766870232670 34.16522199999963 769
1766870233685 34.175482999999076 770
1766870234701 34.18245999999999 771
1766870235717 34.1875770000006 772
1766870236732 34.19888499999797 773
1766870237747 34.20457499999975 774
1766870238761 34.20981100000063 775
1766870239775 34.21498000000065 776
1766870240790 34.220304999998916 777
1766870241806 34.22566799999913 778
1766870242820 34.23090400000001 779
1766870243836 34.24038500000097 780
1766870244850 34.24555400000099 781
1766870245865 34.250670999997965 782
1766870247452 34.25773100000151 783
1766870248467 34.26865199999884 784
1766870249481 34.27409600000101 785
1766870250495 34.27926500000103 786
1766870251509 34.284670000000915 787
1766870252524 34.29011399999945 788
1766870253539 34.29927599999792 789
1766870254554 34.30445999999938 790
1766870255570 34.31003100000089 791
1766870256585 34.315363999998226 792
1766870257601 34.32103199999983 793
1766870258616 34.332116000001406 794
1766870259636 34.34122800000114 795
1766870264229 34.34739999999874 796
1766870265245 34.35292699999991 797
1766870266260 34.358229999998 798
1766870267275 34.36750300000131 799
1766870268289 34.37312599999859 800
1766870269303 34.38427800000136 801
1766870270318 34.38955100000021 802
1766870271332 34.40901500000109 803
1766870272349 34.416134999999485 804
1766870273364 34.421252000000095 805
1766870274379 34.42657699999836 806
1766870275394 34.44079000000056 807
1766870276409 34.44743799999924 808
1766870277424 34.472146000000066 809
1766870278439 34.47822399999859 810
1766870279455 34.489025999999285 811
1766870280471 34.49435100000119 812
1766870281486 34.499832999998034 813
1766870282500 34.51442699999825 814
1766870283516 34.51980399999957 815
1766870284531 34.52492100000018 816
1766870285547 34.5302640000009 817
1766870286562 34.536692000001494 818
1766870287578 34.555905000001076 819
1766870288593 34.56155399999989 820
1766870289609 34.56731099999888 821
1766870290624 35.11625600000116 822
1766870291641 43.746682000000874 823
1766870292655 43.76618199999939 824
1766870293672 43.77219200000036 825
1766870294689 43.77848900000026 826
1766870295719 43.7888959999982 827
1766870300325 43.79724300000089 828
1766870301340 43.83897299999808 829
1766870302356 43.853556999998546 830
1766870303372 43.86555999999837 831
1766870304388 43.87890899999911 832
1766870305403 43.89625700000033 833
1766870306434 43.91584800000055 834
1766870307448 43.92151699999886 835
1766870308466 43.926894000000175 836
1766870309483 43.93213000000105 837
1766870310509 48.63109799999802 838
1766870311528 58.95533299999806 839
1766870312559 68.95580500000142 840
1766870313578 82.43373699999938 841
1766870314621 82.43918099999792 842
1766870315638 82.44663500000024 843
1766870316678 82.46576899999855 844
1766870317703 82.4714419999982 845
1766870318720 109.96746699999858 846
1766870319757 137.55467399999907 847
1766870320776 137.56659199999922 848
1766870321793 137.58764399999927 849
1766870322812 137.59276099999988 850
1766870323827 137.60501099999965 851
1766870324843 137.6105150000003 852
1766870325863 137.62603699999818 853
1766870326876 137.6502419999997 854
1766870327892 137.66124900000068 855
1766870328914 137.67313899999863 856
1766870329935 137.6791630000007 857
