1766869368409 0.003311000000394415 0
1766869369415 0.1626730000025418 1
1766869370419 2.7668910000029427 2
1766869371430 19.038759000002756 3
1766869372433 19.043875999999727 4
1766869373437 19.049566000001505 5
1766869374440 19.054777000001195 6
1766869375454 19.059894000001805 7
1766869376463 19.071407999999792 8
1766869377466 19.08106400000179 9
1766869378471 19.086300000002666 10
1766869379475 19.091984000002412 11
1766869380482 19.10019000000102 12
1766869381486 19.1054260000019 13
1766869382490 19.11099699999977 14
1766869383498 19.116329000000405 15
1766869384510 19.121594000000186 16
1766869385519 19.127215000000433 17
1766869386524 19.132697000000917 18
1766869387527 19.150857000000542 19
1766869388539 19.15642300000036 20
1766869389548 19.16154000000097 21
1766869390553 19.167539000001852 22
1766869391557 19.173228999999992 23
1766869392561 19.178420000000187 24
1766869393565 19.18357400000241 25
1766869394579 19.18911500000104 26
1766869395589 19.194478000001254 27
1766869396593 19.199714000002132 28
1766869397600 19.20995100000073 29
1766869398605 19.222568000001047 30
1766869399609 19.233828000000358 31
1766869404193 19.23936500000127 32
1766869405197 19.244872999999643 33
1766869406201 19.249990000000253 34
1766869407208 19.255486000001838 35
1766869408212 19.267117000003054 36
1766869409228 19.272342000000208 37
1766869410246 19.27778600000238 38
1766869411250 19.34442300000228 39
1766869412258 19.350063000001683 40
1766869413274 19.355577000002086 41
1766869414292 19.360694000002695 42
1766869415299 19.365929999999935 43
1766869416303 19.37713200000144 44
1766869417307 19.382768999999826 45
1766869418312 19.388126000001648 46
1766869419316 19.40171300000293 47
1766869420331 19.407022999999754 48
1766869421337 19.417256000000634 49
1766869422341 19.42263300000195 50
1766869423346 19.42775000000256 51
1766869424351 19.433247000000847 52
1766869425355 19.438638999999966 53
1766869426359 19.444195000000036 54
1766869427363 19.449437999999645 55
1766869428367 19.454837000001135 56
1766869429372 19.460111000000325 57
1766869430379 19.47440800000186 58
1766869431384 19.48408500000005 59
1766869432388 19.489254000000074 60
1766869433393 19.49444500000027 61
1766869434397 19.499886000001425 62
1766869435402 19.505644000000757 63
1766869439986 19.5147160000015 64
1766869440991 19.520423000001756 65
1766869441998 19.532246000002488 66
1766869443024 19.53768300000229 67
1766869444033 19.54320100000041 68
1766869445038 19.552476000000752 69
1766869446043 19.557645000000775 70
1766869447053 19.56297000000268 71
1766869448061 19.57150200000251 72
1766869449066 19.576812000002974 73
1766869450070 19.582256000001507 74
1766869451086 19.58742500000153 75
1766869452094 19.6021980000005 76
1766869453099 19.60781500000303 77
1766869454103 19.61305100000027 78
1766869455108 19.62239600000248 79
1766869456115 19.62777300000016 80
1766869457120 19.638231000000815 81
1766869458136 19.64356400000179 82
1766869459143 19.64900800000032 83
1766869460152 19.6542440000012 84
1766869461156 19.659899000002042 85
1766869462161 19.66533200000049 86
1766869463165 19.670689000002312 87
1766869464170 19.688720000001922 88
1766869465175 19.694164000000455 89
1766869466180 19.699620999999752 90
1766869467184 19.70473800000036 91
1766869468189 19.710063000002265 92
1766869469194 19.71536500000002 93
1766869470201 19.720847000000504 94
1766869471206 19.726016000000527 95
1766869475795 19.73134100000243 96
1766869476799 19.737452000001213 97
1766869477805 19.754213000000163 98
1766869478810 19.75978000000032 99
1766869479816 19.764949000000342 100
1766869480820 19.770066000000952 101
1766869481829 19.775509999999485 102
1766869482837 19.781591000002663 103
1766869483855 19.793093000000226 104
1766869484867 19.79879400000209 105
1766869485872 19.8039110000027 106
1766869486877 19.80927000000156 107
1766869487882 19.818755000000237 108
1766869488887 19.823991000001115 109
1766869489892 19.82916000000114 110
1766869490897 19.834485000003042 111
1766869491904 19.840079000001424 112
1766869492921 19.845196000002034 113
1766869493931 19.85072299999956 114
1766869494951 19.855975000002218 115
1766869495959 19.869456000000355 116
1766869496964 19.874900000002526 117
1766869497972 19.88406600000235 118
1766869498985 19.889344000002893 119
1766869499992 19.894721000000573 120
1766869501009 19.90008400000079 121
1766869502016 19.905320000001666 122
1766869503037 19.91064499999993 123
1766869504046 19.91588100000081 124
1766869505052 19.922185000003083 125
1766869506057 19.935553000002983 126
1766869507062 19.940789000000223 127
1766869511650 19.949947000000975 128
1766869512655 19.956199000000197 129
1766869513673 19.961562000000413 130
1766869514682 19.96679100000256 131
1766869515689 19.978511000001163 132
1766869516694 19.986903000000893 133
1766869517700 19.992385000001377 134
1766869518705 19.997762000002695 135
1766869519711 20.002878999999666 136
1766869520716 20.008115000000544 137
1766869521725 20.01748900000166 138
1766869522730 20.02304500000173 139
1766869523739 20.02818400000251 140
1766869524744 20.033509000000777 141
1766869525752 20.039044000001013 142
1766869526757 20.044630000000325 143
1766869527764 20.05811800000083 144
1766869528770 20.063287000000855 145
1766869529779 20.06847800000105 146
1766869530794 20.074038000002474 147
1766869531800 20.083442000002833 148
1766869532806 20.088678000000073 149
1766869533811 20.09405500000139 150
1766869534831 20.099172000002 151
1766869535841 20.104654000002483 152
1766869536847 20.118593000002875 153
1766869537853 20.124017000001913 154
1766869538872 20.12920800000211 155
1766869539880 20.135399000002508 156
1766869540885 20.14117100000294 157
1766869541894 20.150345000001835 158
1766869542900 20.155737000000954 159
1766869547492 20.160854000001564 160
1766869548498 20.16654700000072 161
1766869549505 20.17876400000023 162
1766869550511 20.18377700000201 163
1766869551516 20.189139000001887 164
1766869552526 20.19466100000136 165
1766869553536 20.199900999999954 166
1766869554542 20.205137000000832 167
1766869555546 20.21451100000195 168
1766869556552 20.21979900000224 169
1766869557558 20.225162000002456 170
1766869558563 20.230703000001085 171
1766869559569 20.236902000000555 172
1766869560587 20.250191000002815 173
1766869561593 20.25574300000153 174
1766869562610 20.260983000000124 175
1766869563617 20.2661420000004 176
1766869564622 20.27158600000257 177
1766869565628 20.28077100000155 178
1766869566634 20.28618600000118 179
1766869567643 20.291511000003084 180
1766869568649 20.296628000000055 181
1766869569655 20.301864000000933 182
1766869570661 20.31708400000207 183
1766869571666 20.322361000002275 184
1766869572672 20.32755200000247 185
1766869573686 20.33295100000032 186
1766869574693 20.338403000001563 187
1766869575713 20.347924000001512 188
1766869576720 20.35330100000283 189
1766869577728 20.3584179999998 190
1766869578744 20.36353500000041 191
1766869583345 20.36922500000219 192
1766869584354 20.377802000002703 193
1766869585360 20.383694000000105 194
1766869586366 20.39641400000255 195
1766869587389 20.401530999999522 196
1766869588398 20.407013000000006 197
1766869589408 20.416496000001644 198
1766869590414 20.42156100000284 199
1766869591420 20.426918000001024 200
1766869592426 20.438787000002776 201
1766869593432 20.444023000000016 202
1766869594439 20.449259000000893 203
1766869595445 20.454678000001877 204
1766869596452 20.459795000002487 205
1766869597458 20.465158000002702 206
1766869598464 20.470550000001822 207
1766869599474 20.479827000002842 208
1766869600480 20.484996000002866 209
1766869601490 20.49926300000152 210
1766869602496 20.504672000002756 211
1766869603533 20.509907999999996 212
1766869604545 20.515464000000065 213
1766869605552 20.52063300000009 214
1766869606558 20.525996000000305 215
1766869607565 20.531440000002476 216
1766869608586 20.5406060000023 217
1766869609594 20.54584199999954 218
1766869610600 20.551465000000462 219
1766869611610 20.556478000002244 220
1766869612617 20.5706339999997 221
1766869613627 20.575959000001603 222
1766869614633 20.581318000000465 223
1766869619224 20.58661000000211 224
1766869620231 20.59202500000174 225
1766869621241 20.597327999999834 226
1766869622247 20.607387000000017 227
1766869623265 20.617862000002788 228
1766869624287 20.62303100000281 229
1766869625297 20.628147999999783 230
1766869626307 20.633703999999852 231
1766869627313 20.639108999999735 232
1766869628324 20.644345000000612 233
1766869629330 20.64972200000193 234
1766869630337 20.65483900000254 235
1766869631343 20.66007499999978 236
1766869632366 20.67029900000125 237
1766869633378 20.684347000002163 238
1766869634400 20.689914000002318 239
1766869635408 20.69531300000017 240
1766869636415 20.700691000001825 241
1766869637449 20.705808000002435 242
1766869638460 20.711252000000968 243
1766869639470 20.71642100000099 244
1766869640476 20.7215380000016 245
1766869641487 20.72722799999974 246
1766869642493 20.736390000001848 247
1766869643516 20.74170900000172 248
1766869644523 20.75517899999977 249
1766869645535 20.7607820000012 250
1766869646543 20.766018000002077 251
1766869647561 20.771343000000343 252
1766869648569 20.77657900000122 253
1766869649580 20.78483700000288 254
1766869650587 20.790408000000753 255
1766869655179 20.79564400000163 256
1766869656186 20.804900000002817 257
1766869657193 20.818523000001733 258
1766869658200 20.82388600000195 259
1766869659207 20.829219000002922 260
1766869660214 20.834705000001122 261
1766869661242 20.839822000001732 262
1766869662252 20.845847000000504 263
1766869663262 20.851081000000704 264
1766869664270 20.856198000001314 265
1766869665277 20.86154600000009 266
1766869666284 20.87091000000146 267
1766869667291 20.877333000000363 268
1766869668298 20.889845000001515 269
1766869669308 20.89516999999978 270
1766869670315 20.900406000000658 271
1766869671326 20.905713000000105 272
1766869672333 20.91126500000246 273
1766869673340 20.91638200000307 274
1766869674354 20.92149900000004 275
1766869675363 20.92694300000221 276
1766869676370 20.93647400000191 277
1766869677377 20.941643000001932 278
1766869678384 20.95578000000023 279
1766869679402 20.961005000001023 280
1766869680409 20.966487000001507 281
1766869681416 20.97193100000004 282
1766869682423 20.977100000000064 283
1766869683443 20.982217000000674 284
1766869684450 20.987542000002577 285
1766869685473 20.99302400000306 286
1766869686483 21.002317000002222 287
1766869691071 21.0076939999999 288
1766869692092 21.013206999999966 289
1766869693103 21.027444999999716 290
1766869694110 21.0329410000013 291
1766869695117 21.038289000000077 292
1766869696125 21.0434580000001 293
1766869697132 21.04882500000167 294
1766869698146 21.054188000001886 295
1766869699153 21.059424000002764 296
1766869700160 21.068905000000086 297
1766869701168 21.07407400000011 298
1766869702176 21.079437000000325 299
1766869703200 21.084928000000218 300
1766869704209 21.09887600000002 301
1766869705220 21.104220000001078 302
1766869706227 21.109597000002395 303
1766869707235 21.11496000000261 304
1766869708243 21.120076999999583 305
1766869709250 21.125521000001754 306
1766869710258 21.13480200000049 307
1766869711269 21.14021700000012 308
1766869712277 21.145542000002024 309
1766869713288 21.150742000001628 310
1766869714297 21.155978000002506 311
1766869715305 21.169745999999577 312
1766869716312 21.175038000001223 313
1766869717335 21.183242000002792 314
1766869718343 21.188686000001326 315
1766869719350 21.193803000001935 316
1766869720358 21.204047999999602 317
1766869721366 21.209485000003042 318
1766869722374 21.2146759999996 319
1766869726974 21.22091300000102 320
1766869727982 21.233986000002915 321
1766869728993 21.23935999999958 322
1766869730001 21.244528999999602 323
1766869731011 21.249896000001172 324
1766869732019 21.25513200000205 325
1766869733026 21.264608000001317 326
1766869734034 21.27632799999992 327
1766869735043 21.281863000000158 328
1766869736051 21.292905000002065 329
1766869737059 21.298595000000205 330
1766869738106 21.303712000000814 331
1766869739116 21.308948000001692 332
1766869740125 21.31432500000301 333
1766869741133 21.319515999999567 334
1766869742141 21.325071999999636 335
1766869743150 21.334446000000753 336
1766869744159 21.339922000002844 337
1766869745170 21.353135000001203 338
1766869746179 21.358706000002712 339
1766869747188 21.363941999999952 340
1766869748198 21.374750000002678 341
1766869749209 21.38055600000007 342
1766869750218 21.386591000002227 343
1766869751227 21.391923999999563 344
1766869752242 21.397368000001734 345
1766869753251 21.40653800000291 346
1766869754273 21.41177400000015 347
1766869755298 21.426189000001614 348
1766869756307 21.4315459999998 349
1766869757316 21.436968000001798 350
1766869758324 21.44236699999965 351
1766869762915 21.447645000000193 352
1766869763924 21.453150000001187 353
1766869764932 21.458558000002085 354
1766869765940 21.464091000001645 355
1766869766955 21.47877100000187 356
1766869767963 21.484409000000596 357
1766869768971 21.48957800000062 358
1766869769979 21.494769000000815 359
1766869770988 21.500287000002572 360
1766869772038 21.505527000001166 361
1766869773052 21.510723999999755 362
1766869774065 21.516049000001658 363
1766869775092 21.521166000002268 364
1766869776101 21.535280000000057 365
1766869777110 21.54511900000216 366
1766869778121 21.550288000002183 367
1766869779129 21.555405000002793 368
1766869780161 21.560804000000644 369
1766869781171 21.567078000000038 370
1766869782179 21.57236600000033 371
1766869783209 21.577743000001647 372
1766869784219 21.582860000002256 373
1766869785227 21.591182000000117 374
1766869786238 21.59711199999947 375
1766869787259 21.61453700000129 376
1766869788268 21.6197800000009 377
1766869789291 21.625105000002804 378
1766869790301 21.630683999999746 379
1766869791328 21.63596200000029 380
1766869792336 21.641406000002462 381
1766869793348 21.646575000002485 382
1766869794360 21.651692000003095 383
1766869798967 21.657263000000967 384
1766869799996 21.67077900000004 385
1766869801021 21.68024300000252 386
1766869802030 21.6856200000002 387
1766869803039 21.690983000000415 388
1766869804048 21.696219000001292 389
1766869805101 21.701610000000073 390
1766869806115 21.70684600000095 391
1766869807124 21.712138000002597 392
1766869808133 21.717586000002484 393
1766869809145 21.722821999999724 394
1766869810157 21.732222000002366 395
1766869811166 21.74577599999975 396
1766869812177 21.751909000002343 397
1766869813191 21.7569739999999 398
1766869814204 21.76241800000207 399
1766869815213 21.767751000003045 400
1766869816222 21.773529000001872 401
1766869817231 21.779202000001533 402
1766869818253 21.784319000002142 403
1766869819266 21.793375000001106 404
1766869820275 21.802973000001657 405
1766869821287 21.817149000002246 406
1766869822298 21.82250600000043 407
1766869823307 21.827873000002 408
1766869824315 21.833221000000776 409
1766869825325 21.838584000000992 410
1766869826336 21.844027999999525 411
1766869827345 21.84919699999955 412
1766869828356 21.85431400000016 413
1766869829375 21.85975800000233 414
1766869830389 21.86916000000201 415
1766869834982 21.874479000001884 416
1766869835994 21.88075200000094 417
1766869837007 21.893330000002607 418
1766869838019 21.89881200000309 419
1766869839077 21.904137000001356 420
1766869840092 21.909373000002233 421
1766869841101 21.914542000002257 422
1766869842110 21.926853000000847 423
1766869843119 21.932443000001513 424
1766869844128 21.941592999999557 425
1766869845151 21.947097000000213 426
1766869846162 21.952361999999994 427
1766869847173 21.95802100000219 428
1766869848186 21.963612999999896 429
1766869849195 21.968730000000505 430
1766869850224 21.974018000000797 431
1766869851233 21.979466000000684 432
1766869852248 21.985020000000077 433
1766869853261 22.001460999999836 434
1766869854270 22.010956000001897 435
1766869855279 22.01612500000192 436
1766869856293 22.021488000002137 437
1766869857306 22.027071000000433 438
1766869858323 22.032381000000896 439
1766869859335 22.03769100000136 440
1766869860345 22.043314000002283 441
1766869861354 22.048431000002893 442
1766869862380 22.053547999999864 443
1766869863389 22.06780400000207 444
1766869864398 22.07718300000124 445
1766869865410 22.08259800000087 446
1766869870022 22.087923000002775 447
1766869871034 22.09313000000111 448
1766869872095 22.098329000000376 449
1766869873110 22.105155000001105 450
1766869874123 22.115728000000672 451
1766869875135 22.121061000001646 452
1766869876148 22.12638599999991 453
1766869877161 22.13162200000079 454
1766869878190 22.14115700000184 455
1766869879200 22.14653399999952 456
1766869880209 22.15165100000013 457
1766869881219 22.156961000000592 458
1766869882231 22.162606000001688 459
1766869883252 22.167842000002565 460
1766869884264 22.181703000002017 461
1766869885289 22.187268000001495 462
1766869886302 22.192627000000357 463
1766869887315 22.19786700000259 464
1766869888325 22.207468000000517 465
1766869889334 22.212711000000127 466
1766869890343 22.217828000000736 467
1766869891353 22.223630000000412 468
1766869892383 22.22874700000102 469
1766869893397 22.2339830000019 470
1766869894414 22.23944300000221 471
1766869895424 22.244806000002427 472
1766869896436 22.258068999999523 473
1766869897459 22.267683000001853 474
1766869898469 22.27291900000273 475
1766869899479 22.278088000002754 476
1766869900498 22.28427300000112 477
1766869901520 22.289620999999897 478
1766869906166 22.294738000000507 479
1766869907181 22.300512000001618 480
1766869908192 22.313203000001522 481
1766869909203 22.31832000000213 482
1766869910213 22.323764000000665 483
1766869911223 22.332930000000488 484
1766869912234 22.338166000001365 485
1766869913245 22.34378900000229 486
1766869914256 22.3489060000029 487
1766869915267 22.354142000000138 488
1766869916285 22.35946700000204 489
1766869917296 22.364896999999473 490
1766869918309 22.37874600000214 491
1766869919320 22.384311000001617 492
1766869920330 22.389547000002494 493
1766869921349 22.398908000002848 494
1766869922359 22.40763599999991 495
1766869923382 22.41275300000052 496
1766869924392 22.418086000001495 497
1766869925412 22.423530000000028 498
1766869926425 22.42901200000051 499
1766869927438 22.434181000000535 500
1766869928447 22.439746000000014 501
1766869929457 22.452972999999474 502
1766869930483 22.459120999999868 503
1766869931494 22.468714000002365 504
1766869932552 22.473778999999922 505
1766869933566 22.479000000002998 506
1766869934590 22.4844370000028 507
1766869935602 22.489918999999645 508
1766869936612 22.495155000000523 509
1766869937624 22.50053200000184 510
1766869942211 22.50564900000245 511
1766869943222 22.73853600000075 512
1766869944236 22.775525000000926 513
1766869945246 22.790868000000046 514
1766869946273 22.798765999999887 515
1766869947296 22.81474900000103 516
1766869948306 23.034489000001486 517
1766869949320 23.039725000002363 518
1766869950346 23.045169000000897 519
1766869951360 23.05033800000092 520
1766869952371 23.055701000001136 521
1766869953383 23.275604000002204 522
1766869954393 23.288855000002513 523
1766869955404 23.298140000002604 524
1766869956413 23.303640000001906 525
1766869957423 23.30876999999964 526
1766869958436 23.528752000001987 527
1766869959447 23.534077000000252 528
1766869960457 23.53931300000113 529
1766869961468 23.55066799999986 530
1766869962481 23.595064000001003 531
1766869963492 23.829906000002666 532
1766869964504 23.849073000001226 533
1766869965580 23.88431800000035 534
1766869966596 23.89969800000108 535
1766869967607 23.9075499999999 536
1766869968624 24.127156000002287 537
1766869969635 24.132273000002897 538
1766869970645 24.15353099999993 539
1766869971657 25.147733000001608 540
1766869972668 25.490255000000616 541
1766869973679 25.92837000000145 542
1766869978276 26.405032000002393 543
1766869979294 26.426800000001094 544
1766869980305 26.62208300000202 545
1766869981316 26.96053700000266 546
1766869982339 27.64274800000203 547
1766869983351 27.818217000000004 548
1766869984362 28.17294899999979 549
1766869985374 29.41984600000069 550
1766869986387 29.695965000002616 551
1766869987399 30.872064000002865 552
1766869988410 32.14357000000018 553
1766869989422 32.31254500000068 554
1766869990435 36.89789600000222 555
1766869991446 49.39572799999951 556
1766869992457 49.4492879999998 557
1766869993468 49.455643000001146 558
1766869994478 49.46122100000139 559
1766869995508 49.467178000002605 560
1766869996519 49.480805000002874 561
1766869997530 49.48623100000259 562
1766869998541 49.49528900000223 563
1766869999553 49.519326000001456 564
1766870000579 49.53603500000099 565
1766870001590 49.542122000002564 566
1766870002601 49.557777000001806 567
1766870003612 49.56415600000037 568
1766870004623 49.58379500000228 569
1766870005643 49.59064000000217 570
1766870006673 49.604489000001195 571
1766870007686 49.60996499999965 572
1766870008697 49.61945399999968 573
1766870013312 49.624869000002946 574
1766870014326 49.63007600000128 575
1766870015342 49.656379000000015 576
1766870016356 49.66309700000056 577
1766870017368 49.674643000002106 578
1766870018381 49.68026600000303 579
1766870019392 49.685383 580
1766870020405 49.700025000001915 581
1766870021419 49.705511000000115 582
1766870022434 49.715760000002774 583
1766870023446 49.721456999999646 584
1766870024458 49.7364430000016 585
1766870025470 49.75829100000192 586
1766870026483 49.763833000000886 587
1766870027508 49.77027200000157 588
1766870028531 49.78346800000145 589
1766870029552 49.78882499999963 590
1766870030563 49.794269000001805 591
1766870031577 49.79963200000202 592
1766870032591 49.80891700000211 593
1766870033603 49.81429399999979 594
1766870034614 49.8194110000004 595
1766870035627 49.8247700000029 596
1766870036652 49.83021800000279 597
1766870037664 49.83569400000124 598
1766870038679 49.8489069999996 599
1766870039692 49.8542320000015 600
1766870040704 49.859714000001986 601
1766870041715 49.86489699999947 602
1766870042727 49.87438200000179 603
1766870043743 49.87955100000181 604
1766870044757 49.88480999999956 605
1766870049347 49.89025400000173 606
1766870050377 49.89546100000007 607
1766870051388 49.90874199999962 608
1766870052400 49.91435900000215 609
1766870053411 49.920334000002185 610
1766870054424 49.925828000003094 611
1766870055435 49.93525800000134 612
1766870056447 49.940568000001804 613
1766870057460 49.945879000002606 614
1766870058482 49.95430100000158 615
1766870059496 49.95975300000282 616
1766870060512 49.96516600000177 617
1766870061524 49.97107200000028 618
1766870062537 49.98461700000189 619
1766870063549 49.9897340000025 620
1766870064560 49.995326000000205 621
1766870065572 50.00462800000241 622
1766870066586 50.010110000002896 623
1766870067597 50.01950900000156 624
1766870068609 50.02462600000217 625
1766870069620 50.02986200000305 626
1766870070632 50.03531000000294 627
1766870071648 50.04094400000031 628
1766870072663 50.05481499999951 629
1766870073679 50.060380000002624 630
1766870074692 50.065615999999864 631
1766870075704 50.07502800000293 632
1766870076716 50.080598000000464 633
1766870077729 50.08578900000066 634
1766870078742 50.09090600000127 635
1766870079755 50.09726200000296 636
1766870080768 50.102765999999974 637
1766870085369 50.107883000000584 638
1766870086382 50.11329800000021 639
1766870087393 50.11872200000289 640
1766870088405 50.13288400000238 641
1766870089417 50.14238100000148 642
1766870090429 50.147666000000754 643
1766870091441 50.15285700000095 644
1766870092455 50.15864400000282 645
1766870093468 50.16388000000006 646
1766870094494 50.16935600000215 647
1766870095506 50.17473299999983 648
1766870096520 50.17992400000003 649
1766870097532 50.18544400000246 650
1766870098544 50.19922100000258 651
1766870099560 50.208496000002924 652
1766870100572 50.21373900000253 653
1766870101587 50.21945799999958 654
1766870102600 50.22464899999977 655
1766870103615 50.22988500000065 656
1766870104627 50.23532900000282 657
1766870105639 50.240498000002844 658
1766870106651 50.245757000000594 659
1766870107663 50.25906000000032 660
1766870108676 50.264610000001994 661
1766870109692 50.273967000000994 662
1766870110715 50.28030800000124 663
1766870111730 50.285477000001265 664
1766870112743 50.29071300000214 665
1766870113755 50.29603800000041 666
1766870114768 50.301612999999634 667
1766870115780 50.30690500000128 668
1766870116800 50.312229999999545 669
1766870121386 50.31746600000042 670
1766870122399 50.33159300000261 671
1766870123412 50.34134100000301 672
1766870124425 50.346457999999984 673
1766870125437 50.35164900000018 674
1766870126449 50.36034000000291 675
1766870127465 50.36577700000271 676
1766870128477 50.37190200000259 677
1766870129490 50.38199800000075 678
1766870130502 50.38711500000136 679
1766870131514 50.392351000002236 680
1766870132527 50.39792200000011 681
1766870133563 50.40721500000291 682
1766870134575 50.41238400000293 683
1766870135589 50.417709000001196 684
1766870136602 50.42319100000168 685
1766870137615 50.42830800000229 686
1766870138628 50.43375200000082 687
1766870139641 50.43908700000247 688
1766870140664 50.453113999999914 689
1766870141679 50.459522000001016 690
1766870142691 50.46868800000084 691
1766870143703 50.473924000001716 692
1766870144717 50.47941300000093 693
1766870145730 50.48477600000115 694
1766870146744 50.490012000002025 695
1766870147758 50.49533700000029 696
1766870148775 50.500521000001754 697
1766870149798 50.50584400000298 698
1766870150812 50.519492999999784 699
1766870151825 50.52472900000066 700
1766870152838 50.533895000000484 701
1766870157433 50.539286999999604 702
1766870158446 50.54478200000085 703
1766870159462 50.55007800000021 704
1766870160478 50.55641100000139 705
1766870161492 50.567016000000876 706
1766870162505 50.57248299999992 707
1766870163519 50.57780800000182 708
1766870164532 50.58282099999997 709
1766870165547 50.588057000000845 710
1766870166561 50.59756399999969 711
1766870167574 50.60297900000296 712
1766870168588 50.60809599999993 713
1766870169601 50.613421000001836 714
1766870170615 50.61865700000271 715
1766870171632 50.633669000002556 716
1766870172647 50.639102000001 717
1766870173675 50.64421900000161 718
1766870174690 50.649552000002586 719
1766870175704 50.65499600000112 720
1766870176720 50.66452500000014 721
1766870177735 50.66969400000016 722
1766870178749 50.67501900000207 723
1766870179763 50.680136000002676 724
1766870180776 50.68561799999952 725
1766870181790 50.6919510000007 726
1766870182804 50.70466700000179 727
1766870183818 50.70985800000199 728
1766870184832 50.71518300000025 729
1766870185846 50.720665000000736 730
1766870186859 50.72999999999956 731
1766870187873 50.73765800000183 732
1766870192468 50.74356700000135 733
1766870193482 50.75076100000297 734
1766870194496 50.76904400000058 735
1766870195510 50.77577200000087 736
1766870196524 50.791259000001446 737
1766870197547 50.82683000000179 738
1766870198561 50.83295900000303 739
1766870199575 50.83886800000255 740
1766870200674 50.848425000000134 741
1766870201693 50.85359400000016 742
1766870202707 50.8596749999997 743
1766870203721 50.86517100000128 744
1766870204735 50.87058700000125 745
1766870205749 50.883796000001894 746
1766870206764 50.88965900000039 747
1766870207779 50.894776000001 748
1766870208793 50.90001200000188 749
1766870209806 50.90945400000055 750
1766870210820 50.9148380000006 751
1766870211834 50.920326999999816 752
1766870212848 50.92637000000104 753
1766870213863 50.93160600000192 754
1766870214877 50.93672300000253 755
1766870215891 50.951333000000886 756
1766870216906 50.95650200000091 757
1766870217921 50.96161900000152 758
1766870218937 50.96706300000005 759
1766870219951 50.97636400000192 760
1766870220965 50.98169300000154 761
1766870221980 50.98701799999981 762
1766870222996 50.99235100000078 763
1766870224010 50.99758700000166 764
1766870228608 51.00315799999953 765
1766870229625 51.01648800000112 766
1766870230640 51.02184500000294 767
1766870231655 51.02724400000079 768
1766870232670 51.03346600000077 769
1766870233685 51.04284700000062 770
1766870234701 51.049824000001536 771
1766870235717 51.054941000002145 772
1766870236732 51.066367999999784 773
1766870237747 51.07205800000156 774
1766870238761 51.07729400000244 775
1766870239775 51.08246300000246 776
1766870240790 51.08778800000073 777
1766870241806 51.093151000000944 778
1766870242820 51.09838700000182 779
1766870243836 51.10786800000278 780
1766870244850 51.113037000002805 781
1766870245865 51.11815399999978 782
1766870247452 51.12559700000202 783
1766870248467 51.1382279999998 784
1766870249481 51.14367200000197 785
1766870250495 51.148841000001994 786
1766870251509 51.154246000001876 787
1766870252524 51.15969000000041 788
1766870253539 51.168852000002516 789
1766870254554 51.17403600000034 790
1766870255570 51.17960700000185 791
1766870256585 51.184940000002825 792
1766870257601 51.19041600000128 793
1766870258616 51.20385100000203 794
1766870259636 51.212963000001764 795
1766870264229 51.21825499999977 796
1766870265245 51.22378200000094 797
1766870266260 51.22908500000267 798
1766870267275 51.238358000002336 799
1766870268289 51.244064000002254 800
1766870269303 51.255300000000716 801
1766870270318 51.26052500000151 802
1766870271332 51.27998900000239 803
1766870272349 51.28710900000078 804
1766870273364 51.29222600000139 805
1766870274379 51.29755099999966 806
1766870275394 51.31176400000186 807
1766870276409 51.318200000001525 808
1766870277424 51.342484000000695 809
1766870278439 51.34873300000254 810
1766870279455 51.36124500000005 811
1766870280471 51.36657000000196 812
1766870281486 51.37205200000244 813
1766870282500 51.386646000002656 814
1766870283516 51.392023000000336 815
1766870284531 51.397140000000945 816
1766870285547 51.402483000001666 817
1766870286562 51.408347000000504 818
1766870287578 51.427560000000085 819
1766870288593 51.433209000002535 820
1766870289609 51.43877400000201 821
1766870290624 51.99065200000041 822
1766870291641 60.6203740000019 823
1766870292655 60.63987400000042 824
1766870293672 60.64588400000139 825
1766870294689 60.65218100000129 826
1766870295719 60.66258800000287 827
1766870300325 60.67093500000192 828
1766870301340 60.712665000002744 829
1766870302356 60.728955000002316 830
1766870303372 60.740643000001 831
1766870304388 60.753992000001745 832
1766870305403 60.771340000002965 833
1766870306434 60.790930999999546 834
1766870307448 60.79660000000149 835
1766870308466 60.80197700000281 836
1766870309483 60.80721300000005 837
1766870310509 65.50618100000065 838
1766870311528 75.8304160000007 839
1766870312559 85.8306960000009 840
1766870313578 99.31091300000116 841
1766870314621 99.3163569999997 842
1766870315638 99.32381100000202 843
1766870316678 99.34294500000033 844
1766870317703 99.34861799999999 845
1766870318720 126.84464300000036 846
1766870319757 154.43185000000085 847
1766870320776 154.443768000001 848
1766870321793 154.46394000000146 849
1766870322812 154.46905700000207 850
1766870323827 154.4840839999997 851
1766870324843 154.4895400000023 852
1766870325863 154.50506200000018 853
1766870326876 154.5292670000017 854
1766870327892 154.54027400000268 855
1766870328914 154.55216400000063 856
1766870329935 154.5581880000027 857
