1766869368409 20359.7 0
1766869369415 20370.1 1
1766869370419 20375.5 2
1766869371430 20444.1 3
1766869372433 20443.8 4
1766869373437 20443.7 5
1766869374440 20441.4 6
1766869375454 20441.6 7
1766869376463 20438.3 8
1766869377466 20443.7 9
1766869378471 20444.2 10
1766869379475 20385.5 11
1766869380482 20385.5 12
1766869381486 20386.8 13
1766869382490 20386.8 14
1766869383498 20386.0 15
1766869384510 20386.0 16
1766869385519 20386.9 17
1766869386524 20386.8 18
1766869387527 20386.0 19
1766869388539 20388.1 20
1766869389548 20386.2 21
1766869390553 20386.2 22
1766869391557 20387.8 23
1766869392561 20387.5 24
1766869393565 20388.5 25
1766869394579 20388.5 26
1766869395589 20390.3 27
1766869396593 20390.1 28
1766869397600 20391.1 29
1766869398605 20392.9 30
1766869399609 20391.1 31
1766869404193 20391.1 32
1766869405197 20391.1 33
1766869406201 20391.1 34
1766869407208 20391.3 35
1766869408212 20391.3 36
1766869409228 20392.4 37
1766869410246 20392.6 38
1766869411250 20383.2 39
1766869412258 20385.4 40
1766869413274 20385.3 41
1766869414292 20385.3 42
1766869415299 20386.6 43
1766869416303 20386.6 44
1766869417307 20388.7 45
1766869418312 20388.7 46
1766869419316 20389.0 47
1766869420331 20389.0 48
1766869421337 20389.2 49
1766869422341 20391.0 50
1766869423346 20388.9 51
1766869424351 20388.9 52
1766869425355 20388.9 53
1766869426359 20389.1 54
1766869427363 20389.1 55
1766869428367 20389.1 56
1766869429372 20389.1 57
1766869430379 20388.1 58
1766869431384 20388.0 59
1766869432388 20389.3 60
1766869433393 20387.2 61
1766869434397 20386.4 62
1766869435402 20386.4 63
1766869439986 20385.3 64
1766869440991 20385.3 65
1766869441998 20385.8 66
1766869443024 20385.8 67
1766869444033 20383.8 68
1766869445038 20381.3 69
1766869446043 20383.4 70
1766869447053 20381.1 71
1766869448061 20382.9 72
1766869449066 20382.9 73
1766869450070 20383.7 74
1766869451086 20383.7 75
1766869452094 20383.8 76
1766869453099 20383.9 77
1766869454103 20382.9 78
1766869455108 20382.9 79
1766869456115 20383.1 80
1766869457120 20377.9 81
1766869458136 20380.0 82
1766869459143 20380.0 83
1766869460152 20380.2 84
1766869461156 20378.2 85
1766869462161 20378.2 86
1766869463165 20376.6 87
1766869464170 20376.6 88
1766869465175 20378.1 89
1766869466180 20378.1 90
1766869467184 20372.1 91
1766869468189 20372.1 92
1766869469194 20372.4 93
1766869470201 20372.4 94
1766869471206 20373.9 95
1766869475795 20373.9 96
1766869476799 20373.9 97
1766869477805 20373.7 98
1766869478810 20373.7 99
1766869479816 20373.7 100
1766869480820 20375.5 101
1766869481829 20373.4 102
1766869482837 20374.2 103
1766869483855 20374.2 104
1766869484867 20376.5 105
1766869485872 20376.5 106
1766869486877 20376.4 107
1766869487882 20376.5 108
1766869488887 20378.3 109
1766869489892 20378.3 110
1766869490897 20378.3 111
1766869491904 20378.5 112
1766869492921 20378.5 113
1766869493931 20378.5 114
1766869494951 20379.0 115
1766869495959 20379.3 116
1766869496964 20378.7 117
1766869497972 20378.5 118
1766869498985 20379.5 119
1766869499992 20379.5 120
1766869501009 20380.5 121
1766869502016 20380.5 122
1766869503037 20381.9 123
1766869504046 20381.0 124
1766869505052 20386.0 125
1766869506057 20386.0 126
1766869507062 20386.0 127
1766869511650 20387.6 128
1766869512655 20387.8 129
1766869513673 20389.9 130
1766869514682 20391.7 131
1766869515689 20389.9 132
1766869516694 20389.9 133
1766869517700 20390.3 134
1766869518705 20390.1 135
1766869519711 20390.6 136
1766869520716 20390.6 137
1766869521725 20390.6 138
1766869522730 20390.4 139
1766869523739 20388.7 140
1766869524744 20388.8 141
1766869525752 20388.9 142
1766869526757 20388.8 143
1766869527764 20390.3 144
1766869528770 20390.5 145
1766869529779 20392.6 146
1766869530794 20392.6 147
1766869531800 20393.9 148
1766869532806 20393.9 149
1766869533811 20393.7 150
1766869534831 20393.9 151
1766869535841 20393.4 152
1766869536847 20393.4 153
1766869537853 20394.4 154
1766869538872 20394.5 155
1766869539880 20389.8 156
1766869540885 20389.5 157
1766869541894 20390.1 158
1766869542900 20390.0 159
1766869547492 20391.1 160
1766869548498 20389.8 161
1766869549505 20389.8 162
1766869550511 20388.2 163
1766869551516 20388.5 164
1766869552526 20386.1 165
1766869553536 20385.6 166
1766869554542 20383.5 167
1766869555546 20383.5 168
1766869556552 20383.3 169
1766869557558 20383.3 170
1766869558563 20382.8 171
1766869559569 20384.8 172
1766869560587 20381.9 173
1766869561593 20381.9 174
1766869562610 20382.2 175
1766869563617 20382.2 176
1766869564622 20381.9 177
1766869565628 20381.9 178
1766869566634 20381.3 179
1766869567643 20381.1 180
1766869568649 20381.0 181
1766869569655 20383.2 182
1766869570661 20382.8 183
1766869571666 20382.8 184
1766869572672 20383.6 185
1766869573686 20383.6 186
1766869574693 20384.9 187
1766869575713 20384.9 188
1766869576720 20386.5 189
1766869577728 20386.5 190
1766869578744 20387.2 191
1766869583345 20389.3 192
1766869584354 20387.9 193
1766869585360 20387.9 194
1766869586366 20389.0 195
1766869587389 20388.9 196
1766869588398 20389.8 197
1766869589408 20390.0 198
1766869590414 20390.4 199
1766869591420 20390.0 200
1766869592426 20390.0 201
1766869593432 20391.4 202
1766869594439 20390.1 203
1766869595445 20389.1 204
1766869596452 20389.1 205
1766869597458 20390.0 206
1766869598464 20389.9 207
1766869599474 20389.1 208
1766869600480 20389.1 209
1766869601490 20389.3 210
1766869602496 20389.3 211
1766869603533 20388.8 212
1766869604545 20390.3 213
1766869605552 20390.1 214
1766869606558 20390.1 215
1766869607565 20386.7 216
1766869608586 20386.7 217
1766869609594 20385.7 218
1766869610600 20385.7 219
1766869611610 20384.7 220
1766869612617 20384.7 221
1766869613627 20382.9 222
1766869614633 20387.0 223
1766869619224 20386.3 224
1766869620231 20386.0 225
1766869621241 20384.6 226
1766869622247 20384.5 227
1766869623265 20385.2 228
1766869624287 20385.2 229
1766869625297 20386.8 230
1766869626307 20387.0 231
1766869627313 20387.8 232
1766869628324 20387.5 233
1766869629330 20387.4 234
1766869630337 20387.3 235
1766869631343 20386.9 236
1766869632366 20387.0 237
1766869633378 20387.0 238
1766869634400 20386.7 239
1766869635408 20385.9 240
1766869636415 20385.9 241
1766869637449 20384.2 242
1766869638460 20382.2 243
1766869639470 20380.6 244
1766869640476 20380.4 245
1766869641487 20379.4 246
1766869642493 20377.6 247
1766869643516 20377.6 248
1766869644523 20375.3 249
1766869645535 20375.3 250
1766869646543 20375.5 251
1766869647561 20375.5 252
1766869648569 20378.4 253
1766869649580 20378.4 254
1766869650587 20376.3 255
1766869655179 20376.3 256
1766869656186 20375.7 257
1766869657193 20375.7 258
1766869658200 20375.5 259
1766869659207 20375.5 260
1766869660214 20374.2 261
1766869661242 20373.7 262
1766869662252 20374.1 263
1766869663262 20373.9 264
1766869664270 20373.4 265
1766869665277 20373.3 266
1766869666284 20373.6 267
1766869667291 20373.6 268
1766869668298 20373.1 269
1766869669308 20373.3 270
1766869670315 20374.6 271
1766869671326 20374.6 272
1766869672333 20376.4 273
1766869673340 20376.4 274
1766869674354 20372.9 275
1766869675363 20372.9 276
1766869676370 20372.8 277
1766869677377 20372.7 278
1766869678384 20372.9 279
1766869679402 20372.9 280
1766869680409 20372.3 281
1766869681416 20371.9 282
1766869682423 20371.6 283
1766869683443 20373.7 284
1766869684450 20371.1 285
1766869685473 20371.1 286
1766869686483 20372.6 287
1766869691071 20372.9 288
1766869692092 20372.3 289
1766869693103 20372.1 290
1766869694110 20373.6 291
1766869695117 20373.9 292
1766869696125 20376.2 293
1766869697132 20377.2 294
1766869698146 20375.6 295
1766869699153 20373.6 296
1766869700160 20373.6 297
1766869701168 20374.3 298
1766869702176 20374.3 299
1766869703200 20374.9 300
1766869704209 20374.8 301
1766869705220 20375.1 302
1766869706227 20375.1 303
1766869707235 20377.5 304
1766869708243 20376.9 305
1766869709250 20374.3 306
1766869710258 20374.3 307
1766869711269 20374.3 308
1766869712277 20374.3 309
1766869713288 20373.2 310
1766869714297 20373.2 311
1766869715305 20373.2 312
1766869716312 20373.2 313
1766869717335 20375.3 314
1766869718343 20375.3 315
1766869719350 20373.2 316
1766869720358 20372.9 317
1766869721366 20372.5 318
1766869722374 20372.4 319
1766869726974 20372.9 320
1766869727982 20372.6 321
1766869728993 20372.2 322
1766869730001 20372.1 323
1766869731011 20372.1 324
1766869732019 20372.5 325
1766869733026 20372.5 326
1766869734034 20372.5 327
1766869735043 20371.4 328
1766869736051 20371.7 329
1766869737059 20373.0 330
1766869738106 20373.0 331
1766869739116 20372.2 332
1766869740125 20371.8 333
1766869741133 20371.1 334
1766869742141 20371.3 335
1766869743150 20372.4 336
1766869744159 20372.3 337
1766869745170 20373.4 338
1766869746179 20372.6 339
1766869747188 20373.3 340
1766869748198 20372.8 341
1766869749209 20372.8 342
1766869750218 20373.6 343
1766869751227 20375.7 344
1766869752242 20373.3 345
1766869753251 20373.3 346
1766869754273 20373.5 347
1766869755298 20373.5 348
1766869756307 20373.0 349
1766869757316 20373.0 350
1766869758324 20373.8 351
1766869762915 20373.8 352
1766869763924 20373.0 353
1766869764932 20374.8 354
1766869765940 20373.0 355
1766869766955 20373.0 356
1766869767963 20371.5 357
1766869768971 20371.4 358
1766869769979 20372.7 359
1766869770988 20372.7 360
1766869772038 20372.3 361
1766869773052 20372.2 362
1766869774065 20372.9 363
1766869775092 20372.9 364
1766869776101 20372.3 365
1766869777110 20372.3 366
1766869778121 20373.4 367
1766869779129 20373.3 368
1766869780161 20371.8 369
1766869781171 20371.8 370
1766869782179 20372.3 371
1766869783209 20372.3 372
1766869784219 20371.8 373
1766869785227 20371.8 374
1766869786238 20372.0 375
1766869787259 20372.0 376
1766869788268 20373.6 377
1766869789291 20373.5 378
1766869790301 20373.5 379
1766869791328 20373.5 380
1766869792336 20373.9 381
1766869793348 20374.0 382
1766869794360 20374.0 383
1766869798967 20374.0 384
1766869799996 20373.6 385
1766869801021 20373.2 386
1766869802030 20374.5 387
1766869803039 20374.5 388
1766869804048 20375.3 389
1766869805101 20373.1 390
1766869806115 20372.5 391
1766869807124 20371.7 392
1766869808133 20371.3 393
1766869809145 20369.6 394
1766869810157 20370.0 395
1766869811166 20369.7 396
1766869812177 20369.7 397
1766869813191 20369.7 398
1766869814204 20369.7 399
1766869815213 20369.9 400
1766869816222 20369.9 401
1766869817231 20370.2 402
1766869818253 20370.2 403
1766869819266 20368.9 404
1766869820275 20371.0 405
1766869821287 20369.4 406
1766869822298 20369.4 407
1766869823307 20368.3 408
1766869824315 20368.3 409
1766869825325 20367.3 410
1766869826336 20367.6 411
1766869827345 20366.3 412
1766869828356 20366.3 413
1766869829375 20364.7 414
1766869830389 20366.5 415
1766869834982 20365.7 416
1766869835994 20366.0 417
1766869837007 20364.8 418
1766869838019 20364.7 419
1766869839077 20366.5 420
1766869840092 20366.5 421
1766869841101 20366.0 422
1766869842110 20366.0 423
1766869843119 20368.0 424
1766869844128 20367.7 425
1766869845151 20369.0 426
1766869846162 20369.3 427
1766869847173 20368.5 428
1766869848186 20368.5 429
1766869849195 20369.2 430
1766869850224 20369.2 431
1766869851233 20370.4 432
1766869852248 20370.4 433
1766869853261 20371.8 434
1766869854270 20372.0 435
1766869855279 20371.1 436
1766869856293 20371.0 437
1766869857306 20367.1 438
1766869858323 20367.1 439
1766869859335 20369.1 440
1766869860345 20369.1 441
1766869861354 20369.0 442
1766869862380 20368.9 443
1766869863389 20370.4 444
1766869864398 20371.0 445
1766869865410 20372.0 446
1766869870022 20372.3 447
1766869871034 20372.3 448
1766869872095 20372.8 449
1766869873110 20371.2 450
1766869874123 20371.7 451
1766869875135 20371.7 452
1766869876148 20372.5 453
1766869877161 20372.5 454
1766869878190 20374.6 455
1766869879200 20374.5 456
1766869880209 20372.9 457
1766869881219 20372.7 458
1766869882231 20372.4 459
1766869883252 20372.4 460
1766869884264 20372.5 461
1766869885289 20372.4 462
1766869886302 20372.4 463
1766869887315 20372.4 464
1766869888325 20374.4 465
1766869889334 20373.9 466
1766869890343 20371.0 467
1766869891353 20371.0 468
1766869892383 20371.6 469
1766869893397 20371.5 470
1766869894414 20370.8 471
1766869895424 20370.8 472
1766869896436 20371.3 473
1766869897459 20371.3 474
1766869898469 20370.4 475
1766869899479 20372.3 476
1766869900498 20370.7 477
1766869901520 20370.4 478
1766869906166 20370.7 479
1766869907181 20370.7 480
1766869908192 20371.5 481
1766869909203 20371.5 482
1766869910213 20372.0 483
1766869911223 20371.8 484
1766869912234 20371.2 485
1766869913245 20373.1 486
1766869914256 20372.4 487
1766869915267 20372.4 488
1766869916285 20371.2 489
1766869917296 20371.2 490
1766869918309 20371.5 491
1766869919320 20371.4 492
1766869920330 20371.8 493
1766869921349 20371.7 494
1766869922359 20370.7 495
1766869923382 20372.7 496
1766869924392 20370.9 497
1766869925412 20370.9 498
1766869926425 20370.1 499
1766869927438 20370.1 500
1766869928447 20371.5 501
1766869929457 20371.4 502
1766869930483 20372.2 503
1766869931494 20371.2 504
1766869932552 20372.6 505
1766869933566 20372.9 506
1766869934590 20372.6 507
1766869935602 20371.6 508
1766869936612 20372.1 509
1766869937624 20371.3 510
1766869942211 20371.3 511
1766869943222 20368.0 512
1766869944236 20367.7 513
1766869945246 20368.5 514
1766869946273 20368.5 515
1766869947296 20370.0 516
1766869948306 20366.1 517
1766869949320 20366.6 518
1766869950346 20366.6 519
1766869951360 20366.8 520
1766869952371 20366.9 521
1766869953383 20368.4 522
1766869954393 20368.1 523
1766869955404 20368.0 524
1766869956413 20368.1 525
1766869957423 20372.0 526
1766869958436 20372.2 527
1766869959447 20372.9 528
1766869960457 20372.9 529
1766869961468 20374.2 530
1766869962481 20374.2 531
1766869963492 20373.6 532
1766869964504 20373.4 533
1766869965580 20372.9 534
1766869966596 20372.9 535
1766869967607 20373.4 536
1766869968624 20373.8 537
1766869969635 20374.4 538
1766869970645 20374.3 539
1766869971657 20374.0 540
1766869972668 20439.4 541
