1766869368409 48.5 0
1766869369415 48.5 1
1766869370419 48.5 2
1766869371430 48.7 3
1766869372433 48.7 4
1766869373437 48.7 5
1766869374440 48.6 6
1766869375454 48.6 7
1766869376463 48.6 8
1766869377466 48.7 9
1766869378471 48.7 10
1766869379475 48.5 11
1766869380482 48.5 12
1766869381486 48.5 13
1766869382490 48.5 14
1766869383498 48.5 15
1766869384510 48.5 16
1766869385519 48.5 17
1766869386524 48.5 18
1766869387527 48.5 19
1766869388539 48.5 20
1766869389548 48.5 21
1766869390553 48.5 22
1766869391557 48.5 23
1766869392561 48.5 24
1766869393565 48.5 25
1766869394579 48.5 26
1766869395589 48.5 27
1766869396593 48.5 28
1766869397600 48.5 29
1766869398605 48.5 30
1766869399609 48.5 31
1766869404193 48.5 32
1766869405197 48.5 33
1766869406201 48.5 34
1766869407208 48.5 35
1766869408212 48.5 36
1766869409228 48.5 37
1766869410246 48.5 38
1766869411250 48.5 39
1766869412258 48.5 40
1766869413274 48.5 41
1766869414292 48.5 42
1766869415299 48.5 43
1766869416303 48.5 44
1766869417307 48.5 45
1766869418312 48.5 46
1766869419316 48.5 47
1766869420331 48.5 48
1766869421337 48.5 49
1766869422341 48.5 50
1766869423346 48.5 51
1766869424351 48.5 52
1766869425355 48.5 53
1766869426359 48.5 54
1766869427363 48.5 55
1766869428367 48.5 56
1766869429372 48.5 57
1766869430379 48.5 58
1766869431384 48.5 59
1766869432388 48.5 60
1766869433393 48.5 61
1766869434397 48.5 62
1766869435402 48.5 63
1766869439986 48.5 64
1766869440991 48.5 65
1766869441998 48.5 66
1766869443024 48.5 67
1766869444033 48.5 68
1766869445038 48.5 69
1766869446043 48.5 70
1766869447053 48.5 71
1766869448061 48.5 72
1766869449066 48.5 73
1766869450070 48.5 74
1766869451086 48.5 75
1766869452094 48.5 76
1766869453099 48.5 77
1766869454103 48.5 78
1766869455108 48.5 79
1766869456115 48.5 80
1766869457120 48.5 81
1766869458136 48.5 82
1766869459143 48.5 83
1766869460152 48.5 84
1766869461156 48.5 85
1766869462161 48.5 86
1766869463165 48.5 87
1766869464170 48.5 88
1766869465175 48.5 89
1766869466180 48.5 90
1766869467184 48.5 91
1766869468189 48.5 92
1766869469194 48.5 93
1766869470201 48.5 94
1766869471206 48.5 95
1766869475795 48.5 96
1766869476799 48.5 97
1766869477805 48.5 98
1766869478810 48.5 99
1766869479816 48.5 100
1766869480820 48.5 101
1766869481829 48.5 102
1766869482837 48.5 103
1766869483855 48.5 104
1766869484867 48.5 105
1766869485872 48.5 106
1766869486877 48.5 107
1766869487882 48.5 108
1766869488887 48.5 109
1766869489892 48.5 110
1766869490897 48.5 111
1766869491904 48.5 112
1766869492921 48.5 113
1766869493931 48.5 114
1766869494951 48.5 115
1766869495959 48.5 116
1766869496964 48.5 117
1766869497972 48.5 118
1766869498985 48.5 119
1766869499992 48.5 120
1766869501009 48.5 121
1766869502016 48.5 122
1766869503037 48.5 123
1766869504046 48.5 124
1766869505052 48.5 125
1766869506057 48.5 126
1766869507062 48.5 127
1766869511650 48.5 128
1766869512655 48.5 129
1766869513673 48.5 130
1766869514682 48.5 131
1766869515689 48.5 132
1766869516694 48.5 133
1766869517700 48.5 134
1766869518705 48.5 135
1766869519711 48.5 136
1766869520716 48.5 137
1766869521725 48.5 138
1766869522730 48.5 139
1766869523739 48.5 140
1766869524744 48.5 141
1766869525752 48.5 142
1766869526757 48.5 143
1766869527764 48.5 144
1766869528770 48.5 145
1766869529779 48.5 146
1766869530794 48.5 147
1766869531800 48.5 148
1766869532806 48.5 149
1766869533811 48.5 150
1766869534831 48.5 151
1766869535841 48.5 152
1766869536847 48.5 153
1766869537853 48.5 154
1766869538872 48.5 155
1766869539880 48.5 156
1766869540885 48.5 157
1766869541894 48.5 158
1766869542900 48.5 159
1766869547492 48.5 160
1766869548498 48.5 161
1766869549505 48.5 162
1766869550511 48.5 163
1766869551516 48.5 164
1766869552526 48.5 165
1766869553536 48.5 166
1766869554542 48.5 167
1766869555546 48.5 168
1766869556552 48.5 169
1766869557558 48.5 170
1766869558563 48.5 171
1766869559569 48.5 172
1766869560587 48.5 173
1766869561593 48.5 174
1766869562610 48.5 175
1766869563617 48.5 176
1766869564622 48.5 177
1766869565628 48.5 178
1766869566634 48.5 179
1766869567643 48.5 180
1766869568649 48.5 181
1766869569655 48.5 182
1766869570661 48.5 183
1766869571666 48.5 184
1766869572672 48.5 185
1766869573686 48.5 186
1766869574693 48.5 187
1766869575713 48.5 188
1766869576720 48.5 189
1766869577728 48.5 190
1766869578744 48.5 191
1766869583345 48.5 192
1766869584354 48.5 193
1766869585360 48.5 194
1766869586366 48.5 195
1766869587389 48.5 196
1766869588398 48.5 197
1766869589408 48.5 198
1766869590414 48.5 199
1766869591420 48.5 200
1766869592426 48.5 201
1766869593432 48.5 202
1766869594439 48.5 203
1766869595445 48.5 204
1766869596452 48.5 205
1766869597458 48.5 206
1766869598464 48.5 207
1766869599474 48.5 208
1766869600480 48.5 209
1766869601490 48.5 210
1766869602496 48.5 211
1766869603533 48.5 212
1766869604545 48.5 213
1766869605552 48.5 214
1766869606558 48.5 215
1766869607565 48.5 216
1766869608586 48.5 217
1766869609594 48.5 218
1766869610600 48.5 219
1766869611610 48.5 220
1766869612617 48.5 221
1766869613627 48.5 222
1766869614633 48.5 223
1766869619224 48.5 224
1766869620231 48.5 225
1766869621241 48.5 226
1766869622247 48.5 227
1766869623265 48.5 228
1766869624287 48.5 229
1766869625297 48.5 230
1766869626307 48.5 231
1766869627313 48.5 232
1766869628324 48.5 233
1766869629330 48.5 234
1766869630337 48.5 235
1766869631343 48.5 236
1766869632366 48.5 237
1766869633378 48.5 238
1766869634400 48.5 239
1766869635408 48.5 240
1766869636415 48.5 241
1766869637449 48.5 242
1766869638460 48.5 243
1766869639470 48.5 244
1766869640476 48.5 245
1766869641487 48.5 246
1766869642493 48.5 247
1766869643516 48.5 248
1766869644523 48.5 249
1766869645535 48.5 250
1766869646543 48.5 251
1766869647561 48.5 252
1766869648569 48.5 253
1766869649580 48.5 254
1766869650587 48.5 255
1766869655179 48.5 256
1766869656186 48.5 257
1766869657193 48.5 258
1766869658200 48.5 259
1766869659207 48.5 260
1766869660214 48.5 261
1766869661242 48.5 262
1766869662252 48.5 263
1766869663262 48.5 264
1766869664270 48.5 265
1766869665277 48.5 266
1766869666284 48.5 267
1766869667291 48.5 268
1766869668298 48.5 269
1766869669308 48.5 270
1766869670315 48.5 271
1766869671326 48.5 272
1766869672333 48.5 273
1766869673340 48.5 274
1766869674354 48.5 275
1766869675363 48.5 276
1766869676370 48.5 277
1766869677377 48.5 278
1766869678384 48.5 279
1766869679402 48.5 280
1766869680409 48.5 281
1766869681416 48.5 282
1766869682423 48.5 283
1766869683443 48.5 284
1766869684450 48.5 285
1766869685473 48.5 286
1766869686483 48.5 287
1766869691071 48.5 288
1766869692092 48.5 289
1766869693103 48.5 290
1766869694110 48.5 291
1766869695117 48.5 292
1766869696125 48.5 293
1766869697132 48.5 294
1766869698146 48.5 295
1766869699153 48.5 296
1766869700160 48.5 297
1766869701168 48.5 298
1766869702176 48.5 299
1766869703200 48.5 300
1766869704209 48.5 301
1766869705220 48.5 302
1766869706227 48.5 303
1766869707235 48.5 304
1766869708243 48.5 305
1766869709250 48.5 306
1766869710258 48.5 307
1766869711269 48.5 308
1766869712277 48.5 309
1766869713288 48.5 310
1766869714297 48.5 311
1766869715305 48.5 312
1766869716312 48.5 313
1766869717335 48.5 314
1766869718343 48.5 315
1766869719350 48.5 316
1766869720358 48.5 317
1766869721366 48.5 318
1766869722374 48.5 319
1766869726974 48.5 320
1766869727982 48.5 321
1766869728993 48.5 322
1766869730001 48.5 323
1766869731011 48.5 324
1766869732019 48.5 325
1766869733026 48.5 326
1766869734034 48.5 327
1766869735043 48.5 328
1766869736051 48.5 329
1766869737059 48.5 330
1766869738106 48.5 331
1766869739116 48.5 332
1766869740125 48.5 333
1766869741133 48.5 334
1766869742141 48.5 335
1766869743150 48.5 336
1766869744159 48.5 337
1766869745170 48.5 338
1766869746179 48.5 339
1766869747188 48.5 340
1766869748198 48.5 341
1766869749209 48.5 342
1766869750218 48.5 343
1766869751227 48.5 344
1766869752242 48.5 345
1766869753251 48.5 346
1766869754273 48.5 347
1766869755298 48.5 348
1766869756307 48.5 349
1766869757316 48.5 350
1766869758324 48.5 351
1766869762915 48.5 352
1766869763924 48.5 353
1766869764932 48.5 354
1766869765940 48.5 355
1766869766955 48.5 356
1766869767963 48.5 357
1766869768971 48.5 358
1766869769979 48.5 359
1766869770988 48.5 360
1766869772038 48.5 361
1766869773052 48.5 362
1766869774065 48.5 363
1766869775092 48.5 364
1766869776101 48.5 365
1766869777110 48.5 366
1766869778121 48.5 367
1766869779129 48.5 368
1766869780161 48.5 369
1766869781171 48.5 370
1766869782179 48.5 371
1766869783209 48.5 372
1766869784219 48.5 373
1766869785227 48.5 374
1766869786238 48.5 375
1766869787259 48.5 376
1766869788268 48.5 377
1766869789291 48.5 378
1766869790301 48.5 379
1766869791328 48.5 380
1766869792336 48.5 381
1766869793348 48.5 382
1766869794360 48.5 383
1766869798967 48.5 384
1766869799996 48.5 385
1766869801021 48.5 386
1766869802030 48.5 387
1766869803039 48.5 388
1766869804048 48.5 389
1766869805101 48.5 390
1766869806115 48.5 391
1766869807124 48.5 392
1766869808133 48.5 393
1766869809145 48.5 394
1766869810157 48.5 395
1766869811166 48.5 396
1766869812177 48.5 397
1766869813191 48.5 398
1766869814204 48.5 399
1766869815213 48.5 400
1766869816222 48.5 401
1766869817231 48.5 402
1766869818253 48.5 403
1766869819266 48.5 404
1766869820275 48.5 405
1766869821287 48.5 406
1766869822298 48.5 407
1766869823307 48.5 408
1766869824315 48.5 409
1766869825325 48.5 410
1766869826336 48.5 411
1766869827345 48.5 412
1766869828356 48.5 413
1766869829375 48.5 414
1766869830389 48.5 415
1766869834982 48.5 416
1766869835994 48.5 417
1766869837007 48.5 418
1766869838019 48.5 419
1766869839077 48.5 420
1766869840092 48.5 421
1766869841101 48.5 422
1766869842110 48.5 423
1766869843119 48.5 424
1766869844128 48.5 425
1766869845151 48.5 426
1766869846162 48.5 427
1766869847173 48.5 428
1766869848186 48.5 429
1766869849195 48.5 430
1766869850224 48.5 431
1766869851233 48.5 432
1766869852248 48.5 433
1766869853261 48.5 434
1766869854270 48.5 435
1766869855279 48.5 436
1766869856293 48.5 437
1766869857306 48.5 438
1766869858323 48.5 439
1766869859335 48.5 440
1766869860345 48.5 441
1766869861354 48.5 442
1766869862380 48.5 443
1766869863389 48.5 444
1766869864398 48.5 445
1766869865410 48.5 446
1766869870022 48.5 447
1766869871034 48.5 448
1766869872095 48.5 449
1766869873110 48.5 450
1766869874123 48.5 451
1766869875135 48.5 452
1766869876148 48.5 453
1766869877161 48.5 454
1766869878190 48.5 455
1766869879200 48.5 456
1766869880209 48.5 457
1766869881219 48.5 458
1766869882231 48.5 459
1766869883252 48.5 460
1766869884264 48.5 461
1766869885289 48.5 462
1766869886302 48.5 463
1766869887315 48.5 464
1766869888325 48.5 465
1766869889334 48.5 466
1766869890343 48.5 467
1766869891353 48.5 468
1766869892383 48.5 469
1766869893397 48.5 470
1766869894414 48.5 471
1766869895424 48.5 472
1766869896436 48.5 473
1766869897459 48.5 474
1766869898469 48.5 475
1766869899479 48.5 476
1766869900498 48.5 477
1766869901520 48.5 478
1766869906166 48.5 479
1766869907181 48.5 480
1766869908192 48.5 481
1766869909203 48.5 482
1766869910213 48.5 483
1766869911223 48.5 484
1766869912234 48.5 485
1766869913245 48.5 486
1766869914256 48.5 487
1766869915267 48.5 488
1766869916285 48.5 489
1766869917296 48.5 490
1766869918309 48.5 491
1766869919320 48.5 492
1766869920330 48.5 493
1766869921349 48.5 494
1766869922359 48.5 495
1766869923382 48.5 496
1766869924392 48.5 497
1766869925412 48.5 498
1766869926425 48.5 499
1766869927438 48.5 500
1766869928447 48.5 501
1766869929457 48.5 502
1766869930483 48.5 503
1766869931494 48.5 504
1766869932552 48.5 505
1766869933566 48.5 506
1766869934590 48.5 507
1766869935602 48.5 508
1766869936612 48.5 509
1766869937624 48.5 510
1766869942211 48.5 511
1766869943222 48.5 512
1766869944236 48.5 513
1766869945246 48.5 514
1766869946273 48.5 515
1766869947296 48.5 516
1766869948306 48.5 517
1766869949320 48.5 518
1766869950346 48.5 519
1766869951360 48.5 520
1766869952371 48.5 521
1766869953383 48.5 522
1766869954393 48.5 523
1766869955404 48.5 524
1766869956413 48.5 525
1766869957423 48.5 526
1766869958436 48.5 527
1766869959447 48.5 528
1766869960457 48.5 529
1766869961468 48.5 530
1766869962481 48.5 531
1766869963492 48.5 532
1766869964504 48.5 533
1766869965580 48.5 534
1766869966596 48.5 535
1766869967607 48.5 536
1766869968624 48.5 537
1766869969635 48.5 538
1766869970645 48.5 539
1766869971657 48.5 540
1766869972668 48.6 541
1766869973679 48.7 542
1766869978276 48.7 543
1766869979294 48.2 544
1766869980305 48.3 545
1766869981316 48.4 546
1766869982339 48.5 547
1766869983351 48.6 548
1766869984362 48.6 549
1766869985374 48.7 550
1766869986387 48.8 551
1766869987399 48.9 552
1766869988410 48.9 553
1766869989422 49.2 554
1766869990435 49.1 555
1766869991446 49.0 556
1766869992457 49.1 557
1766869993468 49.1 558
1766869994478 49.1 559
1766869995508 49.1 560
1766869996519 49.1 561
1766869997530 49.1 562
1766869998541 49.1 563
1766869999553 49.1 564
1766870000579 49.0 565
1766870001590 49.0 566
1766870002601 49.0 567
1766870003612 49.0 568
1766870004623 49.1 569
1766870005643 49.1 570
1766870006673 49.1 571
1766870007686 49.1 572
1766870008697 49.1 573
1766870013312 49.1 574
1766870014326 49.1 575
1766870015342 49.1 576
1766870016356 49.1 577
1766870017368 49.1 578
1766870018381 49.1 579
1766870019392 49.1 580
1766870020405 49.1 581
1766870021419 49.1 582
1766870022434 49.0 583
1766870023446 49.0 584
1766870024458 49.0 585
1766870025470 49.0 586
1766870026483 49.0 587
1766870027508 49.0 588
1766870028531 49.1 589
1766870029552 49.1 590
1766870030563 49.1 591
1766870031577 49.1 592
1766870032591 49.1 593
1766870033603 49.1 594
1766870034614 49.1 595
1766870035627 49.1 596
1766870036652 49.1 597
1766870037664 49.1 598
1766870038679 49.1 599
1766870039692 49.1 600
1766870040704 49.1 601
1766870041715 49.1 602
1766870042727 49.1 603
1766870043743 49.1 604
1766870044757 49.1 605
1766870049347 49.1 606
1766870050377 49.1 607
1766870051388 49.1 608
1766870052400 49.1 609
1766870053411 49.1 610
1766870054424 49.1 611
1766870055435 49.1 612
1766870056447 49.1 613
1766870057460 49.1 614
1766870058482 49.1 615
1766870059496 49.1 616
1766870060512 49.1 617
1766870061524 49.1 618
1766870062537 49.1 619
1766870063549 49.1 620
1766870064560 49.1 621
1766870065572 49.1 622
1766870066586 49.1 623
1766870067597 49.1 624
1766870068609 49.1 625
1766870069620 49.1 626
1766870070632 49.1 627
1766870071648 49.1 628
1766870072663 49.1 629
1766870073679 49.1 630
1766870074692 49.1 631
1766870075704 49.1 632
1766870076716 49.1 633
1766870077729 49.1 634
1766870078742 49.1 635
1766870079755 49.1 636
1766870080768 49.1 637
1766870085369 49.1 638
1766870086382 49.1 639
1766870087393 49.1 640
1766870088405 49.1 641
1766870089417 49.0 642
1766870090429 49.0 643
1766870091441 49.0 644
1766870092455 49.0 645
1766870093468 49.1 646
1766870094494 49.1 647
1766870095506 49.1 648
1766870096520 49.1 649
1766870097532 49.1 650
1766870098544 49.1 651
1766870099560 49.1 652
1766870100572 49.1 653
1766870101587 49.1 654
1766870102600 49.1 655
1766870103615 49.1 656
1766870104627 49.1 657
1766870105639 49.1 658
1766870106651 49.1 659
1766870107663 49.1 660
1766870108676 49.1 661
1766870109692 49.1 662
1766870110715 49.1 663
1766870111730 49.1 664
1766870112743 49.1 665
1766870113755 49.1 666
1766870114768 49.1 667
1766870115780 49.1 668
1766870116800 49.1 669
1766870121386 49.1 670
1766870122399 49.1 671
1766870123412 49.1 672
1766870124425 49.1 673
1766870125437 49.1 674
1766870126449 49.1 675
1766870127465 49.1 676
1766870128477 49.1 677
1766870129490 49.1 678
1766870130502 49.1 679
1766870131514 49.1 680
1766870132527 49.1 681
1766870133563 49.1 682
1766870134575 49.1 683
1766870135589 49.1 684
1766870136602 49.1 685
1766870137615 49.1 686
1766870138628 49.1 687
1766870139641 49.1 688
1766870140664 49.1 689
1766870141679 49.1 690
1766870142691 49.1 691
1766870143703 49.1 692
1766870144717 49.1 693
1766870145730 49.1 694
1766870146744 49.1 695
1766870147758 49.1 696
1766870148775 49.1 697
1766870149798 49.1 698
1766870150812 49.1 699
1766870151825 49.1 700
1766870152838 49.1 701
1766870157433 49.1 702
1766870158446 49.1 703
1766870159462 49.1 704
1766870160478 49.1 705
1766870161492 49.1 706
1766870162505 49.1 707
1766870163519 49.1 708
1766870164532 49.1 709
1766870165547 49.1 710
1766870166561 49.1 711
1766870167574 49.1 712
1766870168588 49.1 713
1766870169601 49.1 714
1766870170615 49.1 715
1766870171632 49.1 716
1766870172647 49.1 717
1766870173675 49.1 718
1766870174690 49.1 719
1766870175704 49.1 720
1766870176720 49.1 721
1766870177735 49.1 722
1766870178749 49.1 723
1766870179763 49.1 724
1766870180776 49.1 725
1766870181790 49.1 726
1766870182804 49.1 727
1766870183818 49.1 728
1766870184832 49.1 729
1766870185846 49.1 730
1766870186859 49.1 731
1766870187873 49.1 732
1766870192468 49.1 733
1766870193482 49.1 734
1766870194496 49.1 735
1766870195510 49.1 736
1766870196524 49.1 737
1766870197547 49.0 738
1766870198561 49.0 739
1766870199575 49.0 740
1766870200674 49.0 741
1766870201693 49.0 742
1766870202707 49.1 743
1766870203721 49.1 744
1766870204735 49.1 745
1766870205749 49.1 746
1766870206764 49.0 747
1766870207779 49.1 748
1766870208793 49.1 749
1766870209806 49.0 750
1766870210820 49.0 751
1766870211834 49.1 752
1766870212848 49.1 753
1766870213863 49.1 754
1766870214877 49.1 755
1766870215891 49.1 756
1766870216906 49.1 757
1766870217921 49.1 758
1766870218937 49.0 759
1766870219951 49.1 760
1766870220965 49.1 761
1766870221980 49.1 762
1766870222996 49.1 763
1766870224010 49.1 764
1766870228608 49.1 765
1766870229625 49.0 766
1766870230640 49.0 767
1766870231655 49.1 768
1766870232670 49.1 769
1766870233685 49.0 770
1766870234701 49.0 771
1766870235717 49.0 772
1766870236732 49.0 773
1766870237747 49.0 774
1766870238761 49.0 775
1766870239775 49.0 776
1766870240790 49.0 777
1766870241806 49.1 778
1766870242820 49.1 779
1766870243836 49.0 780
1766870244850 49.0 781
1766870245865 49.0 782
1766870247452 49.0 783
1766870248467 49.3 784
1766870249481 49.3 785
1766870250495 49.3 786
1766870251509 49.3 787
1766870252524 49.3 788
1766870253539 49.3 789
1766870254554 49.3 790
1766870255570 49.3 791
1766870256585 49.3 792
1766870257601 49.3 793
1766870258616 49.3 794
1766870259636 49.3 795
1766870264229 49.3 796
1766870265245 49.3 797
1766870266260 49.3 798
1766870267275 49.3 799
1766870268289 49.3 800
1766870269303 49.3 801
1766870270318 49.3 802
1766870271332 49.3 803
1766870272349 49.3 804
1766870273364 49.3 805
1766870274379 49.3 806
1766870275394 49.3 807
1766870276409 49.3 808
1766870277424 49.3 809
1766870278439 49.3 810
1766870279455 49.3 811
1766870280471 49.3 812
1766870281486 49.3 813
1766870282500 49.3 814
1766870283516 49.3 815
1766870284531 49.3 816
1766870285547 49.3 817
1766870286562 49.3 818
1766870287578 49.3 819
1766870288593 49.3 820
1766870289609 49.3 821
1766870290624 49.3 822
1766870291641 49.3 823
1766870292655 49.3 824
1766870293672 49.3 825
1766870294689 49.3 826
1766870295719 49.3 827
1766870300325 49.3 828
1766870301340 49.3 829
1766870302356 49.3 830
1766870303372 49.3 831
1766870304388 49.3 832
1766870305403 49.3 833
1766870306434 49.3 834
1766870307448 49.3 835
1766870308466 49.3 836
1766870309483 49.3 837
1766870310509 49.3 838
1766870311528 49.3 839
1766870312559 49.3 840
1766870313578 49.3 841
1766870314621 49.3 842
1766870315638 49.3 843
1766870316678 49.3 844
1766870317703 49.3 845
1766870318720 49.3 846
1766870319757 49.5 847
1766870320776 49.5 848
1766870321793 49.4 849
1766870322812 49.4 850
1766870323827 49.4 851
1766870324843 49.4 852
1766870325863 49.4 853
1766870326876 49.4 854
1766870327892 49.4 855
1766870328914 49.4 856
1766870329935 49.5 857
