1767290278353 0.0 0
1767290279371 13.2 1
1767290280386 28.5 2
1767290281389 11.3 3
1767290282394 6.6 4
1767290283398 5.2 5
1767290284401 8.6 6
1767290285404 14.3 7
1767290286408 11.1 8
1767290287411 13.6 9
1767290288414 17.7 10
1767290289419 14.0 11
1767290290422 15.1 12
1767290291425 15.1 13
1767290292429 16.4 14
1767290296366 14.6 15
1767290297370 16.1 16
1767290298374 13.8 17
1767290299377 16.6 18
1767290300381 16.1 19
1767290301385 12.6 20
1767290302388 13.0 21
1767290303406 16.7 22
1767290304414 10.0 23
1767290305417 11.4 24
1767290306421 2.0 25
1767290307426 12.0 26
1767290308429 3.6 27
1767290309433 4.1 28
1767290310436 2.1 29
1767290311440 1.0 30
1767290312443 1.0 31
1767290313448 0.1 32
1767290314451 1.1 33
1767290315455 2.2 34
1767290316459 1.2 35
1767290317465 0.9 36
1767290318469 0.6 37
1767290319479 0.5 38
1767290320489 1.5 39
1767290321496 0.7 40
1767290322502 1.9 41
1767290323506 0.5 42
1767290324511 1.2 43
1767290325515 1.9 44
1767290326518 2.0 45
1767290327533 0.6 46
1767290331471 1.5 47
1767290332475 0.5 48
1767290333479 2.2 49
1767290334483 1.9 50
1767290335487 1.4 51
1767290336492 1.2 52
1767290337496 1.6 53
1767290338500 2.0 54
1767290339504 1.9 55
1767290340514 1.4 56
1767290341521 1.4 57
1767290342530 0.6 58
1767290343534 2.1 59
1767290344543 0.0 60
1767290345550 1.4 61
1767290346555 0.5 62
1767290347566 2.1 63
1767290348580 2.6 64
1767290349596 3.3 65
1767290350605 1.5 66
1767290351614 0.9 67
1767290352618 0.5 68
1767290353623 1.9 69
1767290354627 0.2 70
1767290355631 2.1 71
1767290356761 1.2 72
1767290357778 4.7 73
1767290358921 35.1 74
1767290359927 25.0 75
1767290360934 21.9 76
1767290361948 18.6 77
1767290362963 17.9 78
1767290366892 17.7 79
1767290367897 19.6 80
1767290368901 20.4 81
1767290369906 16.3 82
1767290370912 19.3 83
1767290371929 19.5 84
1767290372939 17.6 85
1767290373956 18.9 86
1767290374969 22.0 87
1767290375976 22.2 88
1767290376989 18.0 89
1767290378006 17.6 90
1767290379022 18.5 91
1767290380030 18.9 92
1767290381042 19.2 93
1767290382054 19.3 94
1767290383060 18.4 95
1767290384066 20.3 96
1767290385070 19.4 97
1767290386075 19.6 98
1767290387088 18.8 99
1767290388117 25.0 100
1767290389125 22.0 101
1767290390130 18.5 102
1767290391136 19.3 103
1767290392141 18.6 104
1767290393158 17.4 105
1767290394165 19.1 106
1767290395170 24.1 107
1767290396174 40.7 108
1767290397181 28.7 109
1767290398193 19.7 110
1767290402142 19.8 111
1767290403159 20.1 112
1767290404180 23.1 113
1767290405195 23.1 114
1767290406201 17.9 115
1767290407209 18.6 116
1767290408218 19.6 117
1767290409227 18.7 118
1767290410235 19.3 119
1767290411252 19.1 120
1767290412268 17.1 121
1767290413273 18.4 122
1767290414280 19.7 123
1767290415287 19.3 124
1767290416298 17.6 125
1767290417311 22.6 126
1767290418322 20.5 127
1767290419330 19.6 128
1767290420337 17.9 129
1767290421349 19.6 130
1767290422361 19.4 131
1767290423370 20.7 132
1767290424378 19.0 133
1767290425385 19.1 134
1767290426396 23.2 135
1767290427414 18.7 136
1767290428433 19.0 137
1767290429451 18.9 138
1767290430460 22.9 139
1767290431469 20.6 140
1767290432483 20.2 141
1767290436420 19.1 142
1767290437427 19.7 143
1767290438434 17.1 144
1767290439439 20.0 145
1767290440444 18.7 146
1767290441452 19.5 147
1767290442458 18.6 148
1767290443463 18.3 149
1767290444477 19.3 150
1767290445489 21.2 151
1767290446496 19.2 152
1767290447501 22.5 153
1767290448509 19.4 154
1767290449524 20.2 155
1767290450531 18.5 156
1767290451543 20.0 157
1767290452551 19.2 158
1767290453556 19.1 159
1767290454573 18.4 160
1767290455581 18.9 161
1767290456587 18.3 162
1767290457610 18.0 163
1767290458623 21.9 164
1767290459632 21.9 165
1767290460639 19.0 166
1767290461644 18.5 167
1767290462662 18.8 168
1767290463669 19.3 169
1767290464686 16.3 170
1767290465694 18.2 171
1767290466700 16.1 172
1767290467706 18.6 173
1767290471651 18.7 174
1767290472766 20.7 175
1767290473776 18.4 176
1767290474792 23.0 177
1767290475810 20.0 178
1767290476816 19.3 179
1767290477830 17.8 180
1767290478839 19.8 181
1767290479846 19.0 182
1767290480858 19.1 183
1767290481872 18.8 184
1767290482880 19.3 185
1767290483889 16.6 186
1767290484905 18.8 187
1767290485916 17.7 188
1767290486929 20.2 189
1767290487939 21.7 190
1767290488947 19.4 191
1767290489955 19.4 192
1767290490960 19.1 193
1767290491966 18.3 194
1767290492980 18.4 195
1767290493996 17.5 196
1767290495009 16.5 197
1767290496017 20.1 198
1767290497022 16.6 199
1767290498028 18.8 200
1767290499045 17.9 201
1767290500053 21.6 202
1767290501060 19.0 203
1767290502074 18.2 204
1767290503091 16.5 205
1767290507029 19.2 206
1767290508047 18.3 207
1767290509055 18.5 208
1767290510064 19.0 209
1767290511071 19.3 210
1767290512078 17.5 211
1767290513084 20.1 212
1767290514097 19.9 213
1767290515105 22.3 214
1767290516120 20.9 215
1767290517127 20.8 216
1767290518133 18.1 217
1767290519142 19.0 218
1767290520160 18.7 219
1767290521167 18.4 220
1767290522175 18.4 221
1767290523183 18.6 222
1767290524198 17.3 223
1767290525209 18.4 224
1767290526215 16.7 225
1767290527235 17.9 226
1767290528258 20.2 227
1767290529270 21.5 228
1767290530277 18.3 229
1767290531283 19.5 230
1767290532294 18.9 231
1767290533314 19.5 232
1767290534323 24.0 233
1767290535330 19.3 234
1767290536338 17.1 235
1767290537366 16.7 236
1767290538374 18.4 237
1767290542309 19.8 238
1767290543323 17.3 239
1767290544337 24.4 240
1767290545352 20.3 241
1767290546361 20.1 242
1767290547368 18.1 243
1767290548374 18.3 244
1767290549380 17.3 245
1767290550388 18.8 246
1767290551396 18.5 247
1767290552402 17.4 248
1767290553415 18.6 249
1767290554433 18.5 250
1767290555447 18.9 251
1767290556458 19.3 252
1767290557471 21.0 253
1767290558481 21.2 254
1767290559495 19.0 255
1767290560502 19.0 256
1767290561517 19.9 257
1767290562526 19.2 258
1767290563535 17.7 259
1767290564543 17.8 260
1767290565558 19.2 261
1767290566568 19.0 262
1767290567580 18.4 263
1767290568594 19.6 264
1767290569606 21.8 265
1767290570622 20.6 266
1767290571637 19.5 267
1767290572645 18.6 268
1767290573656 18.8 269
1767290577600 18.4 270
1767290578616 19.3 271
1767290579626 19.0 272
1767290580644 19.2 273
1767290581653 19.2 274
1767290582670 20.0 275
1767290583689 20.0 276
1767290584708 20.6 277
1767290585724 21.5 278
1767290586736 23.1 279
1767290587749 18.3 280
1767290588757 19.1 281
1767290589768 17.5 282
1767290590779 18.5 283
1767290591788 18.3 284
1767290592798 19.9 285
1767290593807 17.8 286
1767290594816 18.6 287
1767290595825 17.8 288
1767290596840 17.4 289
1767290597851 20.1 290
1767290598861 22.9 291
1767290599883 16.8 292
1767290600896 18.6 293
1767290601906 17.7 294
1767290602917 18.8 295
1767290603938 18.7 296
1767290604949 20.4 297
1767290605958 18.2 298
1767290606966 18.9 299
1767290607975 19.4 300
1767290608982 20.6 301
1767290612932 17.8 302
1767290613944 23.0 303
1767290614968 20.5 304
1767290615978 17.6 305
1767290616987 17.9 306
1767290617996 19.5 307
1767290619012 19.1 308
1767290620026 18.9 309
1767290621034 19.1 310
1767290622048 17.8 311
1767290623074 17.7 312
1767290624084 18.8 313
1767290625105 19.3 314
1767290626121 19.8 315
1767290627143 21.7 316
1767290628153 19.3 317
1767290629160 14.1 318
1767290630167 13.7 319
1767290631177 16.1 320
1767290632188 14.5 321
1767290633202 14.5 322
1767290634210 13.8 323
1767290635217 14.7 324
1767290636225 12.9 325
1767290637232 14.6 326
1767290638239 14.0 327
1767290639246 14.7 328
1767290640254 14.5 329
1767290641265 15.0 330
1767290642275 14.3 331
1767290643292 15.3 332
1767290644299 15.7 333
1767290648233 15.4 334
1767290649240 15.6 335
1767290650248 16.8 336
1767290651257 14.3 337
1767290652265 16.5 338
1767290653274 14.6 339
1767290654282 16.1 340
1767290655289 14.3 341
1767290656300 16.0 342
1767290657312 14.3 343
1767290658320 14.5 344
1767290659328 14.5 345
1767290660335 15.5 346
1767290661343 14.6 347
1767290662351 14.9 348
1767290663360 14.5 349
1767290664368 14.7 350
1767290665377 13.9 351
1767290666386 15.1 352
1767290667401 14.2 353
1767290668408 14.9 354
1767290669416 15.5 355
1767290670424 14.4 356
1767290671431 14.8 357
1767290672439 14.2 358
1767290673447 14.6 359
1767290674454 15.4 360
1767290675470 14.5 361
1767290676479 13.5 362
1767290677487 14.2 363
1767290678494 13.7 364
1767290679503 22.3 365
1767290683446 13.8 366
1767290684454 15.8 367
1767290685461 14.3 368
1767290686469 15.4 369
1767290687488 14.5 370
1767290688497 15.5 371
1767290689506 16.6 372
1767290690513 15.7 373
1767290691522 13.9 374
1767290692533 14.1 375
1767290693541 17.7 376
1767290694550 16.7 377
1767290695566 17.8 378
1767290696577 15.9 379
1767290697586 17.5 380
1767290698596 14.7 381
1767290699607 13.9 382
1767290700616 16.1 383
1767290701625 13.7 384
1767290702633 14.7 385
1767290703641 14.2 386
1767290704653 15.0 387
1767290705663 14.0 388
1767290706678 14.3 389
1767290707686 14.8 390
1767290708695 15.6 391
1767290709703 13.9 392
1767290710712 15.2 393
1767290711720 13.9 394
1767290712730 14.9 395
1767290713739 13.5 396
1767290714747 15.4 397
1767290718684 14.3 398
1767290719700 15.2 399
1767290720709 14.0 400
1767290721717 16.5 401
1767290722725 14.0 402
1767290723733 15.4 403
1767290724745 13.8 404
1767290725753 14.0 405
1767290726761 15.5 406
1767290727769 13.4 407
1767290728778 14.6 408
1767290729787 13.6 409
1767290730799 15.7 410
1767290731810 14.1 411
1767290732818 14.8 412
1767290733828 15.3 413
1767290734837 15.8 414
1767290735848 13.4 415
1767290736864 14.7 416
1767290737873 13.6 417
1767290738882 15.7 418
1767290739891 13.4 419
1767290740900 15.0 420
1767290741909 14.0 421
1767290742918 14.8 422
1767290743927 14.7 423
1767290744944 14.5 424
1767290745953 13.9 425
1767290746962 15.5 426
1767290747972 14.1 427
1767290748983 15.7 428
1767290749991 13.7 429
1767290753927 14.9 430
1767290754936 14.2 431
1767290755945 15.7 432
1767290756954 16.5 433
1767290757962 14.9 434
1767290758971 13.2 435
1767290759980 14.8 436
1767290760990 13.2 437
1767290762000 20.3 438
1767290763014 17.0 439
1767290764025 19.1 440
1767290765036 15.5 441
1767290766046 19.4 442
1767290767055 15.6 443
1767290768063 15.1 444
1767290769072 15.4 445
1767290770082 15.2 446
1767290771092 14.2 447
1767290772100 16.0 448
1767290773111 14.5 449
1767290774127 15.6 450
1767290775136 15.5 451
1767290776145 15.3 452
1767290777156 14.9 453
1767290778165 15.0 454
1767290779174 14.6 455
1767290780184 13.0 456
1767290781193 17.4 457
1767290782202 14.4 458
1767290783212 14.4 459
1767290784220 13.6 460
1767290785230 16.0 461
1767290789172 13.7 462
1767290790181 14.5 463
1767290791190 13.4 464
1767290792202 14.6 465
1767290793212 14.5 466
1767290794221 14.8 467
1767290795231 13.6 468
1767290796240 15.1 469
1767290797250 13.9 470
1767290798269 15.7 471
1767290799279 13.3 472
1767290800288 14.3 473
1767290801298 14.1 474
1767290802309 14.7 475
1767290803320 13.7 476
1767290804331 16.1 477
1767290805341 13.4 478
1767290806351 15.2 479
1767290807361 14.9 480
1767290808371 15.9 481
1767290809380 16.0 482
1767290810389 15.0 483
1767290811399 14.4 484
1767290812411 14.8 485
1767290813420 14.4 486
1767290814430 14.9 487
1767290815439 14.4 488
1767290816449 15.7 489
1767290817464 13.7 490
1767290818474 15.2 491
1767290819483 13.6 492
1767290823421 14.9 493
1767290824431 13.6 494
1767290825442 15.5 495
1767290826459 13.6 496
1767290827468 15.2 497
1767290828478 13.6 498
1767290829490 14.6 499
1767290830501 18.3 500
1767290831511 19.0 501
1767290832521 15.8 502
1767290833533 16.8 503
1767290834550 18.3 504
1767290835560 14.8 505
1767290836570 15.0 506
1767290837579 14.3 507
1767290838589 14.5 508
1767290839599 13.9 509
1767290840610 15.5 510
1767290841620 14.3 511
1767290842630 15.8 512
1767290843648 13.8 513
1767290844659 15.1 514
1767290845669 14.1 515
1767290846679 14.8 516
1767290847690 14.0 517
1767290848699 15.7 518
1767290849711 16.6 519
1767290850721 16.0 520
1767290851732 13.7 521
1767290852741 14.7 522
1767290853751 13.2 523
1767290854760 15.4 524
1767290858704 15.0 525
1767290859715 15.9 526
1767290860725 15.0 527
1767290861736 15.8 528
1767290862752 14.2 529
1767290863763 15.2 530
1767290864773 16.5 531
1767290865784 15.5 532
1767290866795 14.1 533
1767290867816 16.3 534
1767290868826 14.4 535
1767290869836 15.8 536
1767290870846 14.4 537
1767290871856 16.2 538
1767290872866 14.0 539
1767290873876 15.3 540
1767290874889 14.5 541
1767290875907 15.3 542
1767290876917 16.5 543
1767290877927 15.3 544
1767290878940 14.3 545
1767290879951 15.2 546
1767290880965 14.2 547
1767290881977 15.7 548
1767290882987 14.8 549
1767290883999 15.6 550
1767290885011 13.4 551
1767290886021 15.6 552
1767290887031 14.0 553
1767290888041 15.5 554
1767290889053 16.4 555
1767290890063 14.7 556
1767290894000 14.5 557
1767290895010 14.9 558
1767290896021 13.7 559
1767290897031 16.6 560
1767290898045 13.0 561
1767290899060 19.8 562
1767290900070 17.5 563
1767290901082 16.7 564
1767290902096 16.8 565
1767290903107 17.8 566
1767290904125 14.7 567
1767290905136 14.4 568
1767290906146 16.1 569
1767290907159 16.0 570
1767290908170 15.2 571
1767290909182 13.8 572
1767290910200 15.7 573
1767290911210 14.6 574
1767290912221 17.4 575
1767290913232 13.9 576
1767290914243 15.4 577
1767290915254 13.6 578
1767290916265 15.8 579
1767290917276 14.8 580
1767290918287 15.2 581
1767290919298 14.8 582
1767290920309 15.0 583
1767290921319 14.7 584
1767290922330 15.7 585
1767290923341 13.6 586
1767290924352 16.6 587
1767290925363 14.5 588
1767290929306 15.4 589
1767290930317 15.0 590
1767290931328 15.8 591
1767290932339 14.2 592
1767290933350 15.7 593
1767290934361 15.5 594
1767290935372 15.4 595
1767290936393 14.1 596
1767290937405 14.5 597
1767290938416 14.6 598
1767290939429 17.2 599
1767290940440 13.7 600
1767290941451 16.8 601
1767290942462 14.6 602
1767290943474 15.3 603
1767290944484 14.4 604
1767290945496 15.7 605
1767290946512 15.9 606
1767290947523 15.8 607
1767290948534 14.8 608
1767290949548 15.5 609
1767290950559 20.4 610
1767290951570 15.8 611
1767290952582 15.0 612
1767290953594 16.4 613
1767290954606 14.5 614
1767290955618 16.1 615
1767290956629 14.2 616
1767290957640 15.3 617
1767290958661 13.8 618
1767290959673 14.2 619
1767290960685 14.9 620
1767290964623 15.3 621
1767290965635 14.4 622
1767290966649 14.1 623
1767290967664 19.2 624
1767290968676 18.3 625
1767290969687 17.6 626
1767290970703 16.5 627
1767290971717 19.8 628
1767290972734 15.5 629
1767290973745 16.7 630
1767290974756 14.4 631
1767290975768 15.3 632
1767290976781 13.5 633
1767290977796 16.3 634
1767290978809 14.8 635
1767290979820 16.3 636
1767290980839 14.8 637
1767290981850 14.6 638
1767290982862 14.0 639
1767290983874 15.6 640
1767290984887 14.7 641
1767290985900 15.1 642
1767290986911 15.7 643
1767290987923 16.2 644
1767290988942 14.2 645
1767290989955 14.8 646
1767290990966 13.9 647
1767290991978 15.1 648
1767290992991 13.8 649
1767290994003 14.9 650
1767290995015 14.4 651
1767290996031 15.8 652
1767290999979 14.4 653
1767291000991 15.3 654
1767291002003 15.5 655
1767291003015 15.5 656
1767291004027 14.0 657
1767291005040 14.7 658
1767291006063 14.2 659
1767291007077 16.3 660
1767291008089 14.1 661
1767291009101 14.4 662
1767291010114 13.5 663
1767291011127 14.8 664
1767291012140 13.8 665
1767291013152 14.9 666
1767291014164 13.3 667
1767291015176 15.0 668
1767291016188 14.3 669
1767291017200 15.0 670
1767291018213 14.0 671
1767291019235 16.1 672
1767291020248 14.2 673
1767291021259 15.2 674
1767291022271 14.5 675
1767291023285 14.9 676
1767291024298 14.3 677
1767291025316 15.1 678
1767291026330 13.8 679
1767291027343 15.5 680
1767291028355 14.1 681
1767291029369 15.1 682
1767291030382 14.6 683
1767291031395 14.5 684
1767291035342 14.4 685
1767291036355 19.3 686
1767291037370 18.1 687
1767291038385 17.1 688
1767291039401 16.9 689
1767291040419 19.0 690
1767291041431 15.3 691
1767291042444 13.8 692
1767291043456 15.8 693
1767291044468 16.4 694
1767291045480 14.9 695
1767291046493 14.4 696
1767291047508 15.9 697
1767291048526 13.7 698
1767291049539 15.6 699
1767291050551 13.6 700
1767291051565 15.4 701
1767291052579 13.6 702
1767291053598 14.5 703
1767291054612 13.5 704
1767291055625 16.1 705
1767291056638 13.6 706
1767291057655 15.7 707
1767291058669 14.0 708
1767291059681 16.3 709
1767291060694 13.6 710
1767291061709 15.6 711
1767291062723 13.4 712
1767291063736 15.5 713
1767291064750 13.3 714
1767291065763 14.7 715
1767291069712 15.5 716
1767291070727 14.6 717
1767291071740 14.4 718
1767291072754 15.4 719
1767291073767 14.5 720
1767291074780 16.0 721
1767291075793 13.8 722
1767291076806 15.8 723
1767291077819 14.0 724
1767291078834 15.5 725
1767291079847 13.6 726
1767291080861 15.0 727
1767291081881 13.6 728
1767291082894 15.8 729
1767291083909 13.8 730
1767291084922 15.1 731
1767291085935 13.4 732
1767291086949 15.3 733
1767291087962 15.0 734
1767291088975 15.7 735
1767291089989 13.7 736
1767291091003 13.8 737
1767291092016 13.9 738
1767291093030 15.0 739
1767291094044 16.2 740
1767291095057 14.0 741
1767291096072 14.5 742
1767291097088 14.5 743
1767291098108 15.3 744
1767291099123 14.3 745
1767291100137 14.4 746
1767291101158 15.0 747
1767291105099 19.0 748
1767291106115 15.8 749
1767291107128 17.2 750
1767291108144 14.3 751
1767291109158 19.4 752
1767291110174 13.9 753
1767291111189 15.2 754
1767291112206 13.8 755
1767291113221 15.5 756
1767291114242 14.3 757
1767291115255 15.4 758
1767291116269 14.9 759
1767291117283 16.2 760
1767291118297 13.7 761
1767291119310 15.3 762
1767291120324 13.7 763
1767291121338 15.0 764
1767291122359 14.3 765
1767291123374 15.4 766
1767291124391 13.7 767
1767291125406 15.0 768
1767291126422 13.9 769
1767291127435 15.1 770
1767291128449 14.5 771
1767291129463 16.8 772
1767291130479 14.8 773
1767291131493 15.6 774
1767291132506 14.0 775
1767291133520 15.5 776
1767291134537 15.7 777
1767291135551 16.0 778
1767291136564 14.0 779
1767291140517 15.8 780
1767291141530 13.7 781
1767291142545 14.8 782
1767291143559 14.1 783
1767291144573 17.4 784
1767291145587 14.3 785
1767291146609 16.0 786
1767291147623 14.5 787
1767291148637 15.3 788
1767291149652 14.7 789
1767291150666 15.8 790
1767291151688 14.0 791
1767291152704 15.6 792
1767291153717 14.2 793
1767291154731 16.1 794
1767291155745 13.7 795
1767291156759 14.9 796
1767291157773 14.1 797
1767291158788 14.9 798
1767291159802 14.2 799
1767291160818 14.8 800
1767291161840 14.1 801
1767291162854 15.1 802
1767291163868 15.4 803
1767291164883 16.1 804
1767291165897 14.3 805
1767291166911 14.6 806
1767291167927 15.2 807
1767291168941 13.1 808
1767291169958 14.5 809
1767291170973 17.7 810
1767291171988 17.1 811
1767291175928 16.8 812
1767291176945 18.5 813
1767291177970 17.8 814
1767291178987 15.2 815
1767291180001 13.9 816
1767291181017 16.6 817
1767291182031 14.3 818
1767291183046 15.5 819
1767291184060 13.9 820
1767291185074 15.1 821
1767291186089 14.0 822
1767291187111 16.1 823
1767291188129 14.0 824
1767291189143 16.4 825
1767291190157 13.9 826
1767291191174 15.5 827
1767291192190 13.9 828
1767291193204 15.0 829
1767291194221 14.5 830
1767291195235 15.1 831
1767291196252 14.1 832
1767291197271 14.7 833
1767291198286 14.0 834
1767291199300 16.3 835
1767291200316 14.2 836
1767291201331 15.1 837
1767291202345 13.6 838
1767291203362 14.7 839
1767291204377 13.5 840
1767291205391 15.4 841
1767291206406 13.0 842
1767291210364 15.6 843
1767291211378 14.5 844
1767291212394 16.4 845
1767291213414 14.1 846
1767291214429 15.9 847
1767291215444 14.3 848
1767291216462 16.7 849
1767291217478 14.6 850
1767291218493 15.3 851
1767291219510 14.7 852
1767291220525 16.0 853
1767291221539 15.0 854
1767291222556 15.1 855
1767291223572 15.6 856
1767291224587 16.1 857
1767291225604 14.4 858
1767291226626 15.2 859
1767291227640 13.9 860
1767291228655 15.0 861
1767291229670 14.5 862
1767291230686 15.4 863
1767291231704 14.5 864
1767291232720 15.7 865
1767291233734 14.5 866
1767291234751 15.6 867
1767291235767 15.4 868
1767291236783 14.8 869
1767291237798 14.3 870
1767291238816 13.8 871
1767291239832 17.4 872
1767291240846 18.6 873
1767291241861 16.3 874
1767291245806 17.2 875
1767291246822 17.2 876
1767291247838 20.6 877
1767291248861 16.6 878
1767291249877 14.3 879
1767291250892 15.3 880
1767291251907 13.6 881
1767291252922 15.1 882
1767291253938 15.8 883
1767291254954 15.7 884
1767291255971 14.3 885
1767291256986 14.9 886
1767291258001 14.7 887
1767291259016 16.2 888
1767291260034 14.7 889
1767291261049 15.8 890
1767291262066 14.4 891
1767291263089 15.3 892
1767291264103 14.6 893
1767291265120 17.1 894
1767291266135 14.3 895
1767291267153 14.9 896
1767291268174 14.1 897
1767291269189 14.8 898
1767291270204 14.2 899
1767291271221 15.1 900
1767291272236 13.8 901
1767291273251 14.8 902
1767291274266 14.9 903
1767291275281 15.2 904
1767291276298 14.8 905
1767291277313 15.5 906
1767291281263 14.4 907
1767291282285 17.2 908
1767291283300 14.5 909
1767291284317 15.2 910
1767291285333 14.0 911
1767291286348 15.8 912
1767291287363 14.7 913
1767291288378 16.1 914
1767291289393 13.7 915
1767291290412 15.3 916
1767291291427 14.2 917
1767291292447 17.0 918
1767291293470 14.3 919
1767291294486 15.5 920
1767291295501 14.6 921
1767291296518 15.9 922
1767291297534 14.0 923
1767291298551 14.8 924
1767291299574 13.9 925
1767291300590 14.8 926
1767291301607 13.5 927
1767291302623 15.1 928
1767291303641 15.8 929
1767291304656 16.7 930
1767291305672 14.2 931
1767291306688 16.5 932
1767291307716 13.5 933
1767291308736 19.7 934
1767291309754 15.8 935
1767291310770 18.7 936
1767291311789 16.2 937
1767291312807 18.5 938
1767291316741 15.0 939
1767291317756 17.0 940
1767291318772 16.2 941
1767291319788 15.6 942
1767291320805 14.3 943
1767291321821 14.7 944
1767291322838 15.0 945
1767291323859 16.4 946
1767291324876 13.9 947
1767291325892 14.8 948
1767291326914 15.3 949
1767291328381 14.5 950
1767291329404 14.7 951
1767291330420 15.3 952
1767291331442 13.8 953
1767291332458 15.5 954
1767291333474 15.8 955
1767291334490 15.3 956
1767291335506 14.0 957
1767291336523 14.7 958
1767291337540 14.7 959
1767291338557 14.8 960
1767291339573 15.5 961
1767291340590 15.5 962
1767291341606 13.9 963
1767291342630 15.6 964
1767291343647 14.6 965
1767291344664 14.9 966
1767291345682 13.9 967
1767291346699 17.5 968
1767291347715 14.2 969
1767291351665 14.2 970
1767291352682 14.7 971
1767291353702 14.9 972
1767291354719 14.1 973
1767291355742 16.4 974
1767291356759 15.4 975
1767291357775 16.6 976
1767291358791 15.3 977
1767291359809 15.2 978
1767291360826 14.4 979
1767291361846 15.2 980
1767291362866 13.9 981
1767291363887 17.3 982
1767291364904 15.3 983
1767291365923 14.8 984
1767291366944 14.9 985
1767291367966 14.4 986
1767291368983 17.9 987
1767291370001 14.1 988
1767291371020 16.1 989
1767291372038 16.9 990
1767291373057 15.5 991
1767291374079 16.0 992
1767291375108 29.5 993
1767291376128 67.3 994
1767291377144 53.3 995
1767291378164 19.0 996
1767291379184 36.3 997
1767291380206 34.8 998
1767291381223 30.9 999
1767291382243 14.5 1000
1767291383265 19.3 1001
1767291387220 13.7 1002
1767291388237 16.2 1003
1767291389255 13.7 1004
1767291390273 14.9 1005
1767291391290 13.7 1006
1767291392312 15.4 1007
1767291393331 14.1 1008
1767291394353 15.3 1009
1767291395387 15.7 1010
1767291396405 17.6 1011
1767291397422 14.4 1012
1767291398439 16.6 1013
1767291399466 14.3 1014
1767291400484 16.1 1015
1767291401503 14.8 1016
1767291402520 16.0 1017
1767291403539 16.2 1018
1767291404560 17.1 1019
1767291405611 29.9 1020
1767291406628 42.9 1021
1767291407648 18.3 1022
1767291408666 17.3 1023
1767291409689 15.0 1024
1767291410706 15.4 1025
1767291411724 15.5 1026
1767291412743 15.7 1027
1767291413763 13.9 1028
1767291414779 15.8 1029
1767291415797 14.1 1030
1767291416816 16.4 1031
1767291417840 24.9 1032
1767291421803 33.4 1033
1767291422824 33.3 1034
1767291423843 22.2 1035
1767291424867 14.9 1036
1767291425885 21.6 1037
1767291426907 29.3 1038
1767291427926 56.3 1039
1767291428944 34.3 1040
1767291429963 28.7 1041
1767291430981 30.6 1042
1767291432004 15.2 1043
1767291433027 15.0 1044
1767291434045 15.2 1045
1767291435064 15.3 1046
1767291436083 14.6 1047
1767291437102 21.3 1048
1767291438134 31.2 1049
1767291439151 43.9 1050
1767291440171 17.6 1051
1767291441194 16.4 1052
1767291442213 14.6 1053
1767291443231 15.0 1054
1767291444249 14.6 1055
1767291445267 16.3 1056
1767291446286 14.1 1057
1767291447303 14.5 1058
1767291448325 13.4 1059
1767291449346 19.5 1060
1767291450364 17.3 1061
1767291451381 17.0 1062
1767291452402 15.9 1063
1767291453421 18.8 1064
1767291457372 15.3 1065
1767291458391 15.7 1066
1767291459410 14.7 1067
1767291460430 15.9 1068
1767291461448 14.9 1069
1767291462477 16.6 1070
1767291463495 14.2 1071
1767291464512 15.8 1072
1767291465531 14.1 1073
1767291466549 15.4 1074
1767291467570 14.0 1075
1767291468589 15.3 1076
1767291469612 14.1 1077
1767291470633 16.4 1078
1767291471650 14.2 1079
1767291472669 15.0 1080
1767291473687 13.9 1081
1767291474706 16.8 1082
1767291475726 15.1 1083
1767291476745 14.7 1084
1767291477770 14.3 1085
1767291478789 15.6 1086
1767291479809 14.3 1087
1767291480830 17.4 1088
1767291481848 14.3 1089
1767291482866 15.0 1090
1767291483885 14.4 1091
1767291484904 15.9 1092
1767291485924 15.1 1093
1767291486949 15.4 1094
1767291487967 14.6 1095
1767291491907 17.3 1096
1767291492926 14.2 1097
1767291493945 16.2 1098
1767291494963 14.1 1099
1767291495982 15.0 1100
1767291497000 14.6 1101
1767291498019 15.7 1102
1767291499037 14.6 1103
1767291500055 17.0 1104
1767291501073 14.9 1105
1767291502093 15.3 1106
1767291503115 13.9 1107
1767291504134 15.2 1108
1767291505153 15.1 1109
1767291506173 15.6 1110
1767291507198 14.2 1111
1767291508216 15.3 1112
1767291509235 14.0 1113
1767291510253 15.1 1114
1767291511272 13.7 1115
1767291512291 16.3 1116
1767291513309 14.1 1117
1767291514327 15.6 1118
1767291515346 13.9 1119
1767291516365 16.0 1120
1767291517397 13.3 1121
1767291518416 18.8 1122
1767291519434 17.0 1123
1767291520456 17.7 1124
1767291521484 14.9 1125
1767291522507 18.9 1126
1767291523527 14.8 1127
1767291527480 16.1 1128
1767291528499 13.9 1129
1767291529520 16.5 1130
1767291530540 14.7 1131
1767291531560 16.6 1132
1767291532586 14.5 1133
1767291533605 15.1 1134
1767291534625 14.3 1135
1767291535644 15.3 1136
1767291536663 13.8 1137
1767291537689 15.6 1138
1767291538708 14.7 1139
1767291539729 15.0 1140
1767291540747 15.3 1141
1767291541776 15.2 1142
1767291542795 14.7 1143
1767291543813 16.3 1144
1767291544832 14.7 1145
1767291545853 15.8 1146
1767291546873 15.2 1147
1767291547894 15.5 1148
1767291548919 14.8 1149
1767291549937 14.3 1150
1767291550956 16.1 1151
1767291551975 14.4 1152
1767291552994 14.9 1153
1767291554015 13.8 1154
1767291555039 15.3 1155
1767291556058 15.3 1156
1767291557079 15.3 1157
1767291558099 14.0 1158
1767291559119 15.2 1159
1767291563076 15.0 1160
1767291564094 16.7 1161
1767291565116 14.4 1162
1767291566135 14.9 1163
1767291567154 14.7 1164
1767291568173 15.3 1165
1767291569195 16.2 1166
1767291570219 18.3 1167
1767291571244 14.5 1168
1767291572265 15.1 1169
1767291573286 14.5 1170
1767291574312 15.5 1171
1767291575332 14.7 1172
1767291576351 15.4 1173
1767291577372 14.6 1174
1767291578391 16.7 1175
1767291579410 14.1 1176
1767291580429 14.8 1177
1767291581449 14.3 1178
1767291582469 15.2 1179
1767291583491 13.7 1180
1767291584510 16.2 1181
1767291585530 14.3 1182
1767291586554 15.2 1183
1767291587575 17.2 1184
1767291588604 16.4 1185
1767291589627 15.6 1186
1767291590655 19.1 1187
1767291591686 17.0 1188
1767291592706 15.2 1189
1767291593724 14.0 1190
1767291597676 15.0 1191
1767291598695 15.7 1192
1767291599714 16.1 1193
1767291600739 14.9 1194
1767291601760 15.8 1195
1767291602787 14.6 1196
1767291603807 14.9 1197
1767291604826 14.2 1198
1767291605847 15.3 1199
1767291606867 13.9 1200
1767291607888 15.9 1201
1767291608914 14.3 1202
1767291609933 16.4 1203
1767291610953 15.7 1204
1767291611974 15.2 1205
1767291612993 13.8 1206
1767291614018 15.7 1207
1767291615039 14.5 1208
1767291616064 15.5 1209
1767291617084 13.8 1210
1767291618104 17.2 1211
1767291619126 14.0 1212
1767291620146 14.8 1213
1767291621167 14.1 1214
1767291622193 15.2 1215
1767291623213 15.3 1216
1767291624235 15.9 1217
1767291625256 14.0 1218
1767291626277 15.6 1219
1767291627303 14.2 1220
1767291628323 14.6 1221
1767291629343 14.0 1222
1767291633292 15.3 1223
1767291634314 14.7 1224
1767291635335 14.9 1225
1767291636361 13.9 1226
1767291637381 15.1 1227
1767291638401 15.0 1228
1767291639422 15.5 1229
1767291640444 14.1 1230
1767291641465 15.5 1231
1767291642491 13.8 1232
1767291643511 15.5 1233
1767291644534 14.4 1234
1767291645564 18.6 1235
1767291646586 14.5 1236
1767291647606 14.5 1237
1767291648626 18.3 1238
1767291649647 16.1 1239
1767291650669 17.1 1240
1767291651691 15.5 1241
1767291652712 13.7 1242
1767291653734 15.1 1243
1767291654754 14.9 1244
1767291655777 15.5 1245
1767291656800 18.0 1246
1767291657827 17.3 1247
1767291658852 16.3 1248
1767291659880 19.8 1249
1767291660903 23.2 1250
1767291661926 17.2 1251
1767291662953 14.5 1252
1767291663973 15.5 1253
1767291667926 15.8 1254
1767291668947 16.4 1255
1767291669968 14.6 1256
1767291670996 14.8 1257
1767291672017 15.0 1258
1767291673037 15.4 1259
1767291674061 15.1 1260
1767291675081 13.5 1261
1767291676106 16.8 1262
1767291677127 14.8 1263
1767291678148 14.6 1264
1767291679168 14.6 1265
1767291680188 16.0 1266
1767291681210 13.8 1267
1767291682231 14.7 1268
1767291683251 14.1 1269
1767291684273 15.8 1270
1767291685301 14.0 1271
1767291686321 15.3 1272
1767291687341 14.2 1273
1767291688362 15.9 1274
1767291689384 14.1 1275
1767291690404 14.7 1276
1767291691424 14.0 1277
1767291692447 14.7 1278
1767291693474 14.2 1279
1767291694493 15.6 1280
1767291695513 13.8 1281
1767291696534 15.8 1282
1767291697556 14.5 1283
1767291698577 15.5 1284
1767291699597 14.2 1285
1767291703546 16.4 1286
1767291704573 13.8 1287
1767291705593 15.0 1288
1767291706614 16.3 1289
1767291707635 15.8 1290
1767291708655 14.3 1291
1767291709677 15.3 1292
1767291710703 13.4 1293
1767291711724 15.5 1294
1767291712745 14.3 1295
1767291713767 15.3 1296
1767291714789 13.8 1297
1767291715811 15.4 1298
1767291716839 14.6 1299
1767291717859 14.9 1300
1767291718881 14.9 1301
1767291719904 15.9 1302
1767291720925 15.3 1303
1767291721949 15.9 1304
1767291722976 14.9 1305
1767291723996 15.0 1306
1767291725024 13.0 1307
1767291726047 19.9 1308
1767291727072 17.6 1309
1767291728095 19.4 1310
1767291729121 17.9 1311
1767291730144 19.3 1312
1767291731616 14.1 1313
1767291732644 15.2 1314
1767291733665 15.8 1315
1767291734687 15.4 1316
1767291738639 14.4 1317
1767291739661 15.6 1318
1767291740683 14.7 1319
1767291741709 17.0 1320
1767291742730 14.4 1321
1767291743751 15.6 1322
1767291744772 14.6 1323
1767291745793 16.7 1324
1767291746816 15.9 1325
1767291747838 15.7 1326
1767291748867 14.4 1327
1767291749890 15.4 1328
1767291750911 14.9 1329
1767291751931 17.6 1330
1767291752954 14.0 1331
1767291753977 15.0 1332
1767291754999 14.4 1333
1767291756027 15.8 1334
1767291757051 15.3 1335
1767291758073 15.7 1336
1767291759093 13.5 1337
1767291760115 15.8 1338
1767291761137 14.0 1339
1767291762161 15.3 1340
1767291763184 14.0 1341
1767291764206 16.0 1342
1767291765228 15.9 1343
1767291766257 15.5 1344
1767291767278 16.6 1345
1767291768316 15.1 1346
1767291769338 14.9 1347
1767291773293 15.6 1348
1767291774317 14.2 1349
1767291775339 16.9 1350
1767291776361 14.3 1351
1767291777385 15.4 1352
1767291778413 14.9 1353
1767291779434 16.0 1354
1767291780455 15.5 1355
1767291781480 14.6 1356
1767291782501 14.3 1357
1767291783526 15.4 1358
1767291784553 14.2 1359
1767291785580 15.3 1360
1767291786601 14.5 1361
1767291787625 16.4 1362
1767291788647 13.9 1363
1767291789671 16.6 1364
1767291790699 14.1 1365
1767291791720 15.2 1366
1767291792742 13.8 1367
1767291793898 15.0 1368
1767291794923 15.3 1369
1767291795945 20.2 1370
1767291796970 16.6 1371
1767291798011 17.4 1372
1767291799037 16.0 1373
1767291800059 18.9 1374
1767291801082 14.7 1375
1767291802111 14.5 1376
1767291803132 13.7 1377
1767291804154 15.5 1378
1767291805178 14.1 1379
1767291809128 16.2 1380
1767291810150 14.4 1381
1767291811184 14.9 1382
1767291812214 13.2 1383
1767291813238 15.0 1384
1767291814260 13.8 1385
1767291815284 14.9 1386
1767291816306 13.8 1387
1767291817328 16.0 1388
1767291818352 13.5 1389
1767291819374 15.3 1390
1767291820397 14.2 1391
1767291821426 16.0 1392
1767291822450 14.4 1393
1767291823471 15.3 1394
1767291824493 14.6 1395
1767291825516 15.8 1396
1767291826541 16.0 1397
1767291827563 15.3 1398
1767291828587 13.5 1399
1767291829610 15.3 1400
1767291830638 13.4 1401
1767291831660 15.3 1402
1767291832682 13.4 1403
1767291833704 15.1 1404
1767291834729 13.9 1405
1767291835752 14.8 1406
1767291836781 13.8 1407
1767291837803 14.9 1408
1767291838826 14.2 1409
1767291839848 15.2 1410
1767291843800 13.5 1411
1767291844825 14.5 1412
1767291845848 14.0 1413
1767291846873 16.6 1414
1767291847901 13.4 1415
1767291848923 15.3 1416
1767291849946 13.7 1417
1767291850970 15.3 1418
1767291851993 13.6 1419
1767291853025 15.1 1420
1767291854048 13.7 1421
1767291855072 14.6 1422
1767291856094 14.4 1423
1767291857121 16.0 1424
1767291858145 13.8 1425
1767291859171 17.3 1426
1767291860201 13.8 1427
1767291861224 16.5 1428
1767291862247 14.1 1429
1767291863285 14.1 1430
1767291864321 20.2 1431
1767291865349 16.7 1432
1767291866376 17.3 1433
1767291867404 17.3 1434
1767291868427 17.7 1435
1767291869453 16.1 1436
1767291870478 14.4 1437
1767291871506 16.1 1438
1767291872531 13.7 1439
1767291873562 15.8 1440
1767291874585 13.7 1441
1767291875612 16.3 1442
1767291879561 13.9 1443
1767291880590 16.6 1444
1767291881620 13.5 1445
1767291882644 14.9 1446
1767291883670 14.8 1447
1767291884695 14.9 1448
1767291885720 14.4 1449
1767291886750 15.0 1450
1767291887773 14.3 1451
1767291888796 16.1 1452
1767291889822 13.6 1453
1767291890846 14.7 1454
1767291891869 14.2 1455
1767291892896 15.3 1456
1767291893927 15.0 1457
1767291894952 15.4 1458
1767291895975 14.4 1459
1767291897000 14.8 1460
1767291898026 13.7 1461
1767291899050 15.8 1462
1767291900074 13.7 1463
1767291901104 15.3 1464
1767291902128 13.8 1465
1767291903151 14.9 1466
1767291904174 16.3 1467
1767291905199 15.3 1468
1767291906225 14.1 1469
1767291907248 14.8 1470
1767291908278 14.7 1471
1767291909302 14.5 1472
1767291910325 14.7 1473
1767291914281 14.5 1474
1767291915304 17.1 1475
1767291916330 15.6 1476
1767291917354 14.3 1477
1767291918379 14.7 1478
1767291919409 15.1 1479
1767291920431 14.9 1480
1767291921455 15.2 1481
1767291922481 15.5 1482
1767291923505 15.7 1483
1767291924538 14.7 1484
1767291925562 14.8 1485
1767291926586 14.1 1486
1767291927610 16.6 1487
1767291928637 15.1 1488
1767291929661 15.4 1489
1767291930687 14.1 1490
1767291931717 14.8 1491
1767291932744 14.6 1492
1767291933769 20.0 1493
1767291934798 16.6 1494
1767291935824 16.2 1495
1767291936852 16.4 1496
1767291937885 20.7 1497
1767291938909 13.4 1498
1767291939933 14.5 1499
1767291940956 14.1 1500
1767291941983 15.9 1501
1767291943009 14.0 1502
1767291944033 15.8 1503
1767291945064 14.2 1504
1767291946088 15.2 1505
1767291950035 21.2 1506
1767291951058 15.3 1507
1767291952082 13.4 1508
1767291953108 15.2 1509
1767291954133 13.7 1510
1767291955157 14.6 1511
1767291956182 14.1 1512
1767291957212 14.1 1513
1767291958235 13.7 1514
1767291959258 16.5 1515
1767291960282 13.6 1516
1767291961307 14.4 1517
1767291962332 13.5 1518
1767291963365 16.3 1519
1767291964393 15.5 1520
1767291965424 15.4 1521
1767291966447 13.3 1522
1767291967472 15.1 1523
1767291968495 14.4 1524
1767291969523 15.5 1525
1767291970547 13.0 1526
1767291971576 14.5 1527
1767291972601 13.2 1528
1767291973625 15.3 1529
1767291974649 13.9 1530
1767291975675 15.9 1531
1767291976700 15.7 1532
1767291977738 14.8 1533
1767291978763 13.3 1534
1767291979786 15.3 1535
1767291980810 14.9 1536
1767291984776 16.2 1537
1767291985803 15.9 1538
1767291986834 16.1 1539
1767291987861 15.2 1540
1767291988890 15.4 1541
1767291989914 14.5 1542
1767291990939 14.9 1543
1767291991965 13.6 1544
1767291992989 14.8 1545
1767291994016 15.2 1546
1767291995046 14.3 1547
1767291996069 13.9 1548
1767291997093 15.1 1549
1767291998120 14.0 1550
1767291999145 14.9 1551
1767292000172 14.4 1552
1767292001276 16.5 1553
1767292002304 16.8 1554
1767292003789 18.2 1555
1767292004820 18.1 1556
1767292005939 18.4 1557
1767292006969 20.7 1558
1767292007995 14.1 1559
1767292009021 16.0 1560
1767292010053 14.0 1561
1767292011078 17.8 1562
1767292012102 14.9 1563
1767292013128 16.1 1564
1767292014157 14.9 1565
1767292015182 15.2 1566
1767292016216 14.9 1567
1767292020173 15.2 1568
1767292021198 14.7 1569
1767292022227 16.3 1570
1767292023252 13.8 1571
1767292024277 15.9 1572
1767292025306 13.8 1573
1767292026337 15.1 1574
1767292027366 14.4 1575
1767292028392 16.0 1576
1767292029420 16.0 1577
1767292030445 16.0 1578
1767292031472 16.2 1579
1767292032504 15.7 1580
1767292033532 14.9 1581
1767292034558 15.5 1582
1767292035584 15.3 1583
1767292036609 15.3 1584
1767292037639 15.2 1585
1767292038671 16.9 1586
1767292039697 13.8 1587
1767292040727 14.9 1588
1767292041756 14.2 1589
1767292042781 15.6 1590
1767292043808 13.7 1591
1767292044839 15.8 1592
1767292045864 14.2 1593
1767292046892 15.2 1594
1767292047921 15.7 1595
1767292048948 14.4 1596
1767292049975 14.0 1597
1767292051000 14.3 1598
1767292054956 14.8 1599
1767292055982 15.5 1600
1767292057009 14.7 1601
1767292058041 16.3 1602
1767292059066 14.2 1603
1767292060095 14.9 1604
1767292061122 14.6 1605
1767292062148 14.3 1606
1767292063185 15.4 1607
1767292064210 14.9 1608
1767292065239 15.0 1609
1767292066264 13.6 1610
1767292067294 14.4 1611
1767292068325 14.0 1612
1767292069352 14.5 1613
1767292070380 16.0 1614
1767292071431 13.7 1615
1767292072471 17.5 1616
1767292073501 16.8 1617
1767292074527 17.1 1618
1767292075567 17.5 1619
1767292076595 16.9 1620
1767292077621 15.9 1621
1767292078648 13.7 1622
1767292079685 16.2 1623
1767292080712 14.3 1624
1767292081737 14.8 1625
1767292082763 14.7 1626
1767292083789 15.7 1627
1767292084816 15.5 1628
1767292085844 16.4 1629
1767292086870 14.1 1630
1767292090824 14.6 1631
1767292091850 14.2 1632
1767292092876 16.1 1633
1767292093902 14.6 1634
1767292094928 15.5 1635
1767292095952 14.6 1636
1767292096982 15.5 1637
1767292098008 13.9 1638
1767292099039 15.9 1639
1767292100065 14.4 1640
1767292101090 15.0 1641
1767292102115 16.3 1642
1767292103139 15.5 1643
1767292104172 14.4 1644
1767292105199 14.2 1645
1767292106228 14.9 1646
1767292107259 15.5 1647
1767292108285 14.1 1648
1767292109309 15.2 1649
1767292110337 14.5 1650
1767292111372 15.4 1651
1767292112400 13.7 1652
1767292113426 16.0 1653
1767292114452 14.2 1654
1767292115480 14.7 1655
1767292116505 14.8 1656
1767292117535 16.0 1657
1767292118567 14.2 1658
1767292119592 15.9 1659
1767292120617 14.9 1660
1767292121644 15.4 1661
1767292125607 14.2 1662
1767292126640 15.3 1663
1767292127666 14.3 1664
1767292128692 15.7 1665
1767292129717 15.6 1666
1767292130743 15.6 1667
1767292131771 15.9 1668
1767292132800 14.8 1669
1767292133832 14.2 1670
1767292134857 15.3 1671
1767292135883 13.9 1672
1767292136912 15.9 1673
1767292137938 14.1 1674
1767292138965 15.7 1675
1767292140446 14.6 1676
1767292141483 15.1 1677
1767292142512 18.3 1678
1767292143538 15.6 1679
1767292144567 17.5 1680
1767292145599 17.3 1681
1767292146626 18.8 1682
1767292147654 14.5 1683
1767292148686 15.5 1684
1767292149714 15.0 1685
1767292150739 15.9 1686
1767292151768 16.1 1687
1767292152794 15.6 1688
1767292153822 14.5 1689
1767292154856 15.1 1690
1767292155882 15.0 1691
1767292156908 16.3 1692
1767292160871 15.9 1693
1767292161899 18.8 1694
1767292162926 16.1 1695
1767292163964 15.3 1696
1767292164989 15.0 1697
1767292166019 16.3 1698
1767292167047 14.4 1699
1767292168074 15.9 1700
1767292169102 13.8 1701
1767292170135 17.4 1702
1767292171161 14.8 1703
1767292172193 15.2 1704
1767292173220 13.5 1705
1767292174260 15.1 1706
1767292175288 15.7 1707
1767292176315 15.7 1708
1767292177343 13.4 1709
1767292178369 15.3 1710
1767292179397 14.7 1711
1767292180430 16.7 1712
1767292181458 15.2 1713
1767292182488 15.6 1714
1767292183515 14.5 1715
1767292184544 15.5 1716
1767292185576 15.6 1717
1767292186602 14.9 1718
1767292187632 13.8 1719
1767292188658 15.1 1720
1767292189686 14.0 1721
1767292190720 14.8 1722
1767292191746 13.8 1723
1767292195701 17.9 1724
1767292196731 14.1 1725
1767292197758 15.2 1726
1767292198786 14.6 1727
1767292199819 15.4 1728
1767292200846 16.0 1729
1767292201874 15.4 1730
1767292202902 13.9 1731
1767292203930 16.5 1732
1767292204959 14.8 1733
1767292205993 14.9 1734
1767292207020 14.3 1735
1767292208048 16.0 1736
1767292209075 13.6 1737
1767292210102 14.9 1738
1767292211142 20.2 1739
1767292212174 19.6 1740
1767292213203 17.6 1741
1767292214234 16.7 1742
1767292215263 18.1 1743
1767292216290 13.0 1744
1767292217321 1.7 1745
1767292218350 2.2 1746
1767292219388 0.7 1747
1767292220422 1.5 1748
1767292221451 0.4 1749
1767292222478 3.0 1750
1767292223514 1.0 1751
1767292224557 1.5 1752
1767292225587 0.6 1753
1767292226614 1.1 1754
1767292230578 1.6 1755
1767292231607 1.6 1756
1767292232641 0.9 1757
1767292233671 2.2 1758
1767292234714 0.7 1759
1767292235740 2.9 1760
1767292236766 0.5 1761
1767292237792 0.9 1762
1767292238821 0.6 1763
1767292239869 1.6 1764
1767292240905 2.4 1765
1767292241939 1.7 1766
1767292242968 1.2 1767
1767292243994 1.8 1768
1767292245027 0.9 1769
1767292246076 3.5 1770
1767292247103 1.0 1771
1767292248138 1.3 1772
1767292249182 0.7 1773
1767292250209 1.3 1774
1767292251236 1.9 1775
1767292252270 1.3 1776
1767292253299 1.0 1777
1767292254335 1.2 1778
1767292255365 1.2 1779
1767292256393 2.7 1780
1767292257429 0.7 1781
1767292258466 1.5 1782
1767292259497 1.0 1783
1767292260523 1.5 1784
1767292261550 2.0 1785
1767292262579 1.6 1786
1767292266533 0.5 1787
1767292267563 2.1 1788
1767292268610 1.5 1789
1767292269641 2.2 1790
1767292270675 0.5 1791
1767292271702 1.7 1792
1767292272729 0.5 1793
1767292273756 2.6 1794
1767292274785 1.0 1795
1767292275812 2.1 1796
1767292276840 0.7 1797
1767292277868 2.7 1798
1767292278897 1.5 1799
1767292279926 1.5 1800
1767292280957 0.6 1801
1767292282003 1.2 1802
1767292283032 1.0 1803
1767292284059 2.3 1804
1767292285088 1.1 1805
1767292286115 1.2 1806
1767292287144 0.5 1807
1767292288188 1.2 1808
1767292289217 2.3 1809
1767292290245 1.7 1810
1767292291281 0.6 1811
1767292292309 1.6 1812
1767292293337 0.7 1813
1767292294377 2.6 1814
1767292295403 1.0 1815
1767292296435 1.1 1816
1767292297462 0.9 1817
1767292301423 1.2 1818
1767292302461 2.3 1819
1767292303489 1.8 1820
1767292304521 0.5 1821
1767292305557 1.3 1822
1767292306589 1.0 1823
1767292307619 2.8 1824
1767292308662 0.9 1825
1767292309701 2.0 1826
1767292310732 1.1 1827
1767292311760 1.7 1828
1767292312788 2.0 1829
1767292313818 1.2 1830
1767292314854 0.6 1831
1767292315883 1.3 1832
1767292316911 0.6 1833
1767292317944 3.6 1834
1767292318972 0.6 1835
1767292320026 1.6 1836
1767292321056 1.4 1837
1767292322086 3.0 1838
1767292323126 0.7 1839
1767292324156 2.1 1840
1767292325187 0.9 1841
1767292326215 1.2 1842
1767292327243 1.6 1843
1767292328273 1.6 1844
1767292329302 0.5 1845
1767292330330 1.7 1846
1767292331358 1.1 1847
1767292332390 2.7 1848
1767292336359 0.7 1849
1767292337407 1.6 1850
1767292338458 1.1 1851
1767292339489 1.8 1852
1767292340517 2.7 1853
1767292341560 1.6 1854
1767292342591 1.4 1855
1767292343621 1.2 1856
1767292344654 0.6 1857
1767292345683 2.6 1858
1767292346714 1.2 1859
1767292347742 1.7 1860
1767292348783 0.5 1861
1767292349811 1.4 1862
1767292350839 2.0 1863
1767292351868 1.5 1864
1767292352913 0.9 1865
1767292353944 2.0 1866
1767292354972 0.6 1867
1767292356022 3.0 1868
1767292357065 1.8 1869
1767292358095 1.9 1870
1767292359123 0.6 1871
1767292360159 2.1 1872
1767292361189 1.9 1873
1767292362216 1.7 1874
1767292363261 1.2 1875
1767292364289 1.4 1876
1767292365320 1.0 1877
1767292366350 2.7 1878
1767292367379 0.7 1879
1767292371347 1.5 1880
1767292372378 1.2 1881
1767292373409 2.5 1882
1767292374437 1.6 1883
1767292375483 1.5 1884
1767292376518 1.1 1885
1767292377547 1.5 1886
1767292378579 1.8 1887
1767292379620 1.6 1888
1767292380658 0.8 1889
1767292381692 1.6 1890
1767292382721 0.5 1891
1767292383763 2.7 1892
1767292384793 0.7 1893
1767292385832 1.5 1894
1767292386875 0.8 1895
1767292387907 1.1 1896
1767292388947 1.8 1897
1767292389982 1.0 1898
1767292391013 0.9 1899
1767292392043 1.5 1900
1767292393089 0.6 1901
1767292394120 3.1 1902
1767292395152 1.2 1903
1767292396194 0.9 1904
1767292397223 0.8 1905
1767292398256 1.3 1906
1767292399293 1.7 1907
1767292400330 1.8 1908
1767292401361 0.7 1909
1767292402392 1.2 1910
1767292403431 0.7 1911
1767292407387 2.8 1912
1767292408419 1.0 1913
1767292409449 1.8 1914
1767292410496 0.6 1915
1767292411528 1.7 1916
1767292412873 2.4 1917
1767292413904 4.2 1918
1767292414936 1.3 1919
1767292415980 1.0 1920
1767292417013 2.5 1921
1767292418044 0.9 1922
1767292419094 2.2 1923
1767292420124 1.2 1924
1767292421162 1.5 1925
1767292422194 1.6 1926
1767292423223 1.8 1927
1767292424264 1.1 1928
1767292425295 1.2 1929
1767292426327 0.7 1930
1767292427371 3.0 1931
1767292428399 0.7 1932
1767292429429 1.2 1933
1767292430459 1.8 1934
1767292431489 1.5 1935
1767292432536 1.8 1936
1767292433582 1.8 1937
1767292434629 0.8 1938
1767292435658 1.7 1939
1767292436690 0.7 1940
1767292437722 2.6 1941
1767292441681 0.5 1942
1767292442711 1.8 1943
1767292443753 1.1 1944
1767292444792 1.8 1945
1767292445822 2.6 1946
1767292446861 1.1 1947
1767292447903 1.2 1948
1767292448937 1.8 1949
1767292449965 1.2 1950
1767292450994 1.7 1951
1767292452040 0.9 1952
1767292453073 1.8 1953
1767292454109 1.1 1954
1767292455144 2.7 1955
1767292456178 0.7 1956
1767292457207 1.5 1957
1767292458236 0.7 1958
1767292459274 1.2 1959
1767292460324 2.2 1960
1767292461368 1.8 1961
1767292462420 0.6 1962
1767292463451 1.9 1963
1767292464484 0.6 1964
1767292465515 2.9 1965
1767292466545 1.3 1966
1767292467585 1.5 1967
1767292468623 1.6 1968
1767292469663 1.1 1969
1767292470692 1.7 1970
1767292471722 1.0 1971
1767292472754 0.6 1972
1767292473786 1.7 1973
1767292477747 0.5 1974
1767292478778 3.4 1975
1767292479819 1.5 1976
1767292480852 1.8 1977
1767292481882 0.9 1978
1767292482914 1.6 1979
1767292483944 1.8 1980
1767292484974 1.9 1981
1767292486006 0.6 1982
1767292487037 2.5 1983
1767292488066 0.7 1984
1767292489095 2.7 1985
1767292490138 0.6 1986
1767292491170 2.0 1987
1767292492202 0.9 1988
1767292493232 2.1 1989
1767292494275 2.1 1990
1767292495305 1.2 1991
1767292496338 0.7 1992
1767292497370 1.8 1993
1767292498402 1.9 1994
1767292499445 2.1 1995
1767292500475 1.2 1996
1767292501523 1.9 1997
1767292502563 1.0 1998
1767292503592 2.4 1999
1767292504626 1.0 2000
1767292505671 1.6 2001
1767292506701 0.6 2002
1767292507736 1.0 2003
1767292508787 2.2 2004
1767292512749 2.3 2005
1767292513780 0.6 2006
1767292514810 1.5 2007
1767292515840 0.4 2008
1767292516870 3.0 2009
1767292517924 0.5 2010
1767292518954 1.8 2011
1767292519996 0.5 2012
1767292521027 1.8 2013
1767292522065 1.9 2014
1767292523095 2.1 2015
1767292524128 0.4 2016
1767292525157 1.3 2017
1767292526193 0.4 2018
1767292527226 3.2 2019
1767292528271 0.6 2020
1767292529314 1.4 2021
1767292530347 1.1 2022
1767292531382 1.0 2023
1767292532417 2.3 2024
1767292533450 2.1 2025
1767292534483 0.5 2026
1767292535532 1.8 2027
1767292536570 1.1 2028
1767292537600 2.3 2029
1767292538631 1.1 2030
1767292539665 1.1 2031
1767292540696 0.5 2032
1767292541726 2.9 2033
1767292542759 1.2 2034
1767292543793 1.2 2035
1767292547758 1.2 2036
1767292548793 1.8 2037
1767292549824 2.3 2038
1767292550858 1.8 2039
1767292551901 1.6 2040
1767292552931 1.2 2041
1767292553965 1.9 2042
1767292554996 3.8 2043
1767292556029 1.6 2044
1767292557061 0.7 2045
1767292558092 1.6 2046
1767292559124 0.5 2047
1767292560155 3.0 2048
1767292561188 0.4 2049
1767292562218 1.3 2050
1767292563249 0.7 2051
1767292564280 1.5 2052
1767292565311 2.3 2053
1767292566341 1.3 2054
1767292567372 0.4 2055
1767292568405 1.1 2056
1767292569435 0.7 2057
1767292570468 2.4 2058
1767292571501 0.6 2059
1767292572536 1.5 2060
1767292573572 1.5 2061
1767292574607 2.0 2062
1767292575647 1.7 2063
1767292576682 1.3 2064
1767292577997 1.1 2065
1767292579029 4.0 2066
1767292582987 1.3 2067
1767292584018 1.9 2068
1767292585054 0.7 2069
1767292586087 1.7 2070
1767292587117 0.7 2071
1767292588150 3.2 2072
1767292589184 0.6 2073
1767292590218 1.3 2074
1767292591249 0.5 2075
1767292592285 1.3 2076
1767292593331 1.7 2077
1767292594363 1.3 2078
1767292595395 1.3 2079
1767292596425 1.7 2080
1767292597457 1.1 2081
1767292598491 2.9 2082
1767292599521 1.0 2083
1767292600554 1.1 2084
1767292601602 1.4 2085
1767292602649 1.4 2086
1767292603689 2.3 2087
1767292604720 1.3 2088
1767292605772 0.9 2089
1767292606804 1.6 2090
1767292607835 0.9 2091
1767292608867 2.6 2092
1767292609898 0.4 2093
1767292610932 1.8 2094
1767292611967 0.7 2095
1767292612999 1.5 2096
1767292614032 2.3 2097
1767292617993 1.6 2098
1767292619028 1.2 2099
1767292620059 1.5 2100
1767292621094 0.6 2101
1767292622126 2.5 2102
1767292623157 0.6 2103
1767292624200 1.7 2104
1767292625233 1.2 2105
1767292626267 2.1 2106
1767292627311 1.9 2107
1767292628352 1.6 2108
1767292629394 1.1 2109
1767292630426 2.2 2110
1767292631459 1.6 2111
1767292632502 1.5 2112
1767292633547 0.8 2113
1767292634580 2.0 2114
1767292635616 1.0 2115
1767292636647 2.3 2116
1767292637680 1.6 2117
1767292638711 2.1 2118
1767292639743 1.0 2119
1767292640777 1.6 2120
1767292641808 1.3 2121
1767292642853 1.8 2122
1767292643904 0.8 2123
1767292644939 1.4 2124
1767292645973 0.9 2125
1767292647004 2.9 2126
1767292648041 0.7 2127
1767292649086 1.5 2128
1767292653053 1.0 2129
1767292654089 1.8 2130
1767292655128 2.1 2131
1767292656165 2.3 2132
1767292657199 0.6 2133
1767292658231 1.7 2134
1767292659264 0.7 2135
1767292660297 2.7 2136
1767292661329 0.8 2137
1767292662362 1.8 2138
1767292663395 0.7 2139
1767292664428 1.9 2140
1767292665472 2.4 2141
1767292666504 1.7 2142
1767292667538 1.1 2143
1767292668572 1.6 2144
1767292669604 1.7 2145
1767292670639 1.9 2146
1767292671673 0.7 2147
1767292672709 1.1 2148
1767292673746 0.7 2149
1767292674791 2.4 2150
1767292675829 0.7 2151
1767292676861 1.9 2152
1767292677895 0.5 2153
1767292678928 1.1 2154
1767292679962 2.8 2155
1767292681000 1.5 2156
1767292682033 1.0 2157
1767292683066 0.9 2158
1767292684099 1.8 2159
1767292688058 2.1 2160
1767292689110 1.2 2161
1767292690144 1.3 2162
1767292691178 1.7 2163
1767292692211 1.1 2164
1767292693245 2.3 2165
1767292694278 1.2 2166
1767292695311 1.8 2167
1767292696345 0.6 2168
1767292697380 1.8 2169
1767292698415 0.6 2170
1767292699455 1.5 2171
1767292700492 0.8 2172
1767292701529 2.2 2173
1767292702574 8.7 2174
1767292703613 1.6 2175
1767292704673 0.6 2176
1767292705718 1.8 2177
1767292706756 0.6 2178
1767292707799 1.1 2179
1767292708834 0.7 2180
1767292709866 1.1 2181
1767292710899 0.8 2182
1767292711932 1.6 2183
1767292712966 1.6 2184
1767292714004 1.0 2185
1767292715045 0.7 2186
1767292716091 1.6 2187
1767292717127 1.4 2188
1767292718169 2.4 2189
1767292719202 0.7 2190
1767292723176 1.6 2191
1767292724219 0.8 2192
1767292725256 1.8 2193
1767292726289 1.0 2194
1767292727323 1.8 2195
1767292728357 0.7 2196
1767292729390 1.1 2197
1767292730433 1.0 2198
1767292731467 1.2 2199
1767292732500 0.5 2200
1767292733539 1.7 2201
1767292734586 0.7 2202
1767292735644 1.9 2203
1767292736683 0.8 2204
1767292737716 1.3 2205
1767292738748 0.9 2206
1767292739800 1.1 2207
1767292740835 1.1 2208
1767292741868 1.1 2209
1767292742902 1.1 2210
1767292743937 1.7 2211
1767292744969 0.5 2212
1767292746003 1.3 2213
1767292747036 0.5 2214
1767292748078 1.3 2215
1767292749115 1.1 2216
1767292750153 1.8 2217
1767292751186 0.6 2218
1767292752220 1.3 2219
1767292753254 0.5 2220
1767292754299 1.2 2221
1767292758260 1.8 2222
1767292759298 1.2 2223
1767292760332 1.2 2224
1767292761368 2.0 2225
1767292762410 1.0 2226
1767292763450 1.6 2227
1767292764486 0.5 2228
1767292765532 1.4 2229
1767292766567 0.6 2230
1767292767604 2.7 2231
1767292768638 1.1 2232
1767292769676 1.5 2233
1767292770709 0.8 2234
1767292771748 1.0 2235
1767292773063 0.5 2236
1767292774096 4.0 2237
1767292775129 1.5 2238
1767292776164 0.9 2239
1767292777201 1.3 2240
1767292778237 0.7 2241
1767292779285 1.9 2242
1767292780324 0.7 2243
1767292781370 1.8 2244
1767292782404 0.6 2245
1767292783439 1.0 2246
1767292784477 0.5 2247
1767292785512 1.3 2248
1767292786551 0.7 2249
1767292787590 1.7 2250
1767292788631 1.1 2251
1767292789685 1.6 2252
1767292793661 0.8 2253
1767292794700 1.2 2254
1767292795734 0.6 2255
1767292796770 1.5 2256
1767292797806 0.8 2257
1767292798845 1.6 2258
1767292799886 1.2 2259
1767292800926 1.4 2260
1767292801964 0.6 2261
1767292803002 1.2 2262
1767292804041 0.8 2263
1767292805085 1.2 2264
1767292806129 0.5 2265
1767292807164 2.2 2266
1767292808199 0.5 2267
1767292809235 1.3 2268
1767292810288 1.1 2269
1767292811324 1.8 2270
1767292812375 0.8 2271
1767292813412 1.3 2272
1767292814446 1.1 2273
1767292815480 1.2 2274
1767292816518 1.0 2275
1767292817553 1.3 2276
1767292818589 0.7 2277
1767292819635 1.5 2278
1767292820671 1.2 2279
1767292821707 1.6 2280
1767292822744 0.6 2281
1767292823784 1.2 2282
1767292824823 0.7 2283
1767292828807 1.6 2284
1767292829844 0.7 2285
1767292830880 1.0 2286
1767292831917 1.2 2287
1767292832954 1.8 2288
1767292833993 0.7 2289
1767292835039 1.7 2290
1767292836075 0.7 2291
1767292837122 1.3 2292
1767292838159 1.1 2293
1767292839205 1.7 2294
1767292840241 0.8 2295
1767292841281 1.4 2296
1767292842321 1.2 2297
1767292843368 2.5 2298
1767292844403 0.8 2299
1767292845437 1.6 2300
1767292846476 0.5 2301
1767292847511 1.6 2302
1767292848546 0.7 2303
1767292849581 1.2 2304
1767292850615 0.6 2305
1767292851649 1.7 2306
1767292852683 1.1 2307
1767292853722 1.5 2308
1767292854759 0.5 2309
1767292855805 1.7 2310
1767292856839 0.6 2311
1767292857877 1.6 2312
1767292858927 1.1 2313
1767292859962 1.4 2314
1767292863919 2.1 2315
1767292864954 1.0 2316
1767292865989 1.9 2317
1767292867041 1.0 2318
1767292868078 1.6 2319
1767292869121 0.7 2320
1767292870155 1.7 2321
1767292871211 0.6 2322
1767292872248 2.8 2323
1767292873294 1.0 2324
1767292874613 1.8 2325
1767292875649 3.4 2326
1767292876697 1.7 2327
1767292877733 0.7 2328
1767292878786 1.8 2329
1767292879822 0.7 2330
1767292880868 2.1 2331
1767292881912 0.5 2332
1767292882973 1.7 2333
1767292884016 1.2 2334
1767292885050 1.4 2335
1767292886086 0.7 2336
1767292887125 1.3 2337
1767292888162 1.1 2338
1767292889201 1.3 2339
1767292890240 0.8 2340
1767292891286 2.0 2341
1767292892326 1.1 2342
1767292893362 1.2 2343
1767292894398 0.6 2344
1767292895437 1.5 2345
1767292899429 1.2 2346
1767292900466 1.8 2347
1767292901521 1.2 2348
1767292902558 1.8 2349
1767292903603 0.8 2350
1767292904641 1.7 2351
1767292905677 1.3 2352
1767292906718 1.5 2353
1767292907754 1.1 2354
1767292908791 1.3 2355
1767292909826 0.7 2356
1767292910863 1.0 2357
1767292911900 0.6 2358
1767292912936 1.8 2359
1767292913973 0.6 2360
1767292915011 1.3 2361
1767292916047 0.5 2362
1767292917094 1.6 2363
1767292918139 0.7 2364
1767292919184 1.4 2365
1767292920219 0.8 2366
1767292921254 1.7 2367
1767292922290 1.1 2368
1767292923330 1.3 2369
1767292924377 0.7 2370
1767292925429 1.7 2371
1767292926467 1.7 2372
1767292927507 0.8 2373
1767292928549 1.3 2374
1767292929586 1.1 2375
1767292930621 1.3 2376
1767292934601 0.6 2377
1767292935643 2.1 2378
1767292936679 0.8 2379
1767292937717 1.9 2380
1767292938753 1.2 2381
1767292939793 1.6 2382
1767292940830 0.8 2383
1767292941867 1.3 2384
1767292943222 1.3 2385
1767292944257 4.5 2386
1767292945293 1.1 2387
1767292946335 1.0 2388
1767292947372 1.0 2389
1767292948411 1.4 2390
1767292949449 0.5 2391
1767292950489 1.8 2392
1767292951527 1.1 2393
1767292952564 1.7 2394
1767292953604 0.7 2395
1767292954642 1.6 2396
1767292955698 0.6 2397
1767292956736 1.9 2398
1767292957785 0.6 2399
1767292958827 1.3 2400
1767292959884 0.7 2401
1767292960931 2.0 2402
1767292961987 1.0 2403
1767292963024 1.5 2404
1767292964065 0.8 2405
1767292965101 1.7 2406
1767292966139 0.8 2407
1767292970108 1.0 2408
1767292971150 0.7 2409
1767292972195 1.2 2410
1767292973236 0.6 2411
1767292974275 1.8 2412
1767292975313 0.7 2413
1767292976349 2.4 2414
1767292977384 0.6 2415
1767292978420 1.0 2416
1767292979459 0.6 2417
1767292980497 1.4 2418
1767292981534 0.8 2419
1767292982571 1.6 2420
1767292983624 0.8 2421
1767292984664 1.2 2422
1767292985723 2.2 2423
1767292986770 1.5 2424
1767292987806 1.8 2425
1767292988843 0.6 2426
1767292989883 1.6 2427
1767292990920 0.8 2428
1767292991958 1.5 2429
1767292992995 0.5 2430
1767292994034 1.8 2431
1767292995073 0.8 2432
1767292996111 2.4 2433
1767292997150 0.5 2434
1767292998186 1.9 2435
1767292999223 0.5 2436
1767293000261 1.5 2437
1767293001300 0.6 2438
1767293005269 1.3 2439
1767293006307 0.6 2440
1767293007342 1.9 2441
1767293008389 0.6 2442
1767293009438 1.7 2443
1767293010475 0.8 2444
1767293011513 1.3 2445
1767293012548 0.7 2446
1767293013609 1.8 2447
1767293014644 1.1 2448
1767293015681 1.2 2449
1767293016722 0.6 2450
1767293017760 2.6 2451
1767293018800 0.6 2452
1767293019836 1.4 2453
1767293020873 0.9 2454
1767293021916 1.3 2455
1767293022955 0.8 2456
1767293023993 1.6 2457
1767293025035 0.6 2458
1767293026072 1.9 2459
1767293027113 1.1 2460
1767293028157 1.2 2461
1767293029193 1.6 2462
1767293030242 1.3 2463
1767293031277 0.8 2464
1767293032333 1.5 2465
1767293033380 0.7 2466
1767293034419 1.8 2467
1767293035459 0.7 2468
1767293036497 1.9 2469
1767293040483 0.5 2470
1767293041520 1.7 2471
1767293042556 0.6 2472
1767293043593 1.3 2473
1767293044629 0.7 2474
1767293045667 1.5 2475
1767293046705 0.7 2476
1767293047746 1.4 2477
1767293048795 1.1 2478
1767293049834 1.8 2479
1767293050874 0.7 2480
1767293051913 1.3 2481
1767293052964 0.8 2482
1767293054003 1.8 2483
1767293055039 0.7 2484
1767293056078 1.3 2485
1767293057118 0.6 2486
1767293058160 1.7 2487
1767293059200 1.0 2488
1767293060237 1.8 2489
1767293061274 0.8 2490
1767293062316 1.6 2491
1767293063358 0.8 2492
1767293064398 1.6 2493
1767293065437 1.2 2494
1767293066475 1.4 2495
1767293067512 0.6 2496
1767293068564 2.0 2497
1767293069603 1.9 2498
1767293070644 1.1 2499
1767293071681 1.1 2500
1767293075646 1.0 2501
1767293076686 1.9 2502
1767293077724 1.0 2503
1767293078761 1.9 2504
1767293079798 0.6 2505
1767293080839 2.1 2506
1767293081878 0.6 2507
1767293082916 1.3 2508
1767293083955 0.6 2509
1767293084993 1.2 2510
1767293086031 1.1 2511
1767293087094 1.1 2512
1767293088133 1.2 2513
1767293089171 1.5 2514
1767293090208 0.5 2515
1767293091249 1.2 2516
1767293092286 1.1 2517
1767293093331 1.8 2518
1767293094376 0.8 2519
1767293095416 2.1 2520
1767293096455 1.0 2521
1767293097496 0.8 2522
1767293098543 1.1 2523
1767293099583 1.7 2524
1767293100628 1.3 2525
1767293101671 1.9 2526
1767293102707 1.0 2527
1767293103745 1.7 2528
1767293104783 0.6 2529
1767293105823 1.5 2530
1767293106863 0.7 2531
1767293110832 1.8 2532
1767293111873 1.2 2533
1767293112912 1.3 2534
1767293113951 0.7 2535
1767293114989 1.2 2536
1767293116027 0.7 2537
1767293117068 2.4 2538
1767293118106 0.6 2539
1767293119160 1.6 2540
1767293120196 0.7 2541
1767293121235 2.3 2542
1767293122273 0.5 2543
1767293123326 1.9 2544
1767293124365 0.8 2545
1767293125411 1.3 2546
1767293126453 0.7 2547
1767293127493 2.0 2548
1767293128532 1.0 2549
1767293129572 1.0 2550
1767293130610 0.7 2551
1767293131650 1.2 2552
1767293132690 0.7 2553
1767293133729 1.8 2554
1767293134768 0.8 2555
1767293135815 1.1 2556
1767293136871 0.8 2557
1767293137909 1.5 2558
1767293138947 0.5 2559
1767293139987 1.0 2560
1767293141026 0.8 2561
1767293142063 1.3 2562
1767293146353 0.8 2563
1767293147413 4.1 2564
1767293148455 1.7 2565
1767293149497 0.8 2566
1767293150560 2.1 2567
1767293151602 1.1 2568
1767293152659 1.5 2569
1767293153707 0.8 2570
1767293154746 1.0 2571
1767293155788 0.8 2572
1767293156827 1.6 2573
1767293157865 1.0 2574
1767293158910 1.2 2575
1767293159949 0.8 2576
1767293160991 1.7 2577
1767293162031 0.8 2578
1767293163070 1.6 2579
1767293164113 0.7 2580
1767293165155 2.0 2581
1767293166215 0.5 2582
1767293167266 2.2 2583
1767293168305 1.7 2584
1767293169361 1.7 2585
1767293170408 1.1 2586
1767293171448 1.7 2587
1767293172492 0.8 2588
1767293173533 1.9 2589
1767293174593 0.7 2590
1767293175631 1.8 2591
1767293176671 0.6 2592
1767293180641 1.4 2593
1767293181679 1.2 2594
1767293182720 1.7 2595
1767293183765 0.7 2596
1767293184804 1.7 2597
1767293185845 1.2 2598
1767293186885 1.4 2599
1767293187924 0.7 2600
1767293188963 1.3 2601
1767293190008 0.8 2602
1767293191048 1.8 2603
1767293192087 0.7 2604
1767293193126 1.5 2605
1767293194167 0.6 2606
1767293195208 2.0 2607
1767293196247 1.1 2608
1767293197288 1.4 2609
1767293198332 1.7 2610
1767293199374 0.8 2611
1767293200433 2.0 2612
1767293201473 1.4 2613
1767293202513 1.4 2614
1767293203559 0.6 2615
1767293204617 1.8 2616
1767293205656 1.2 2617
1767293206695 0.9 2618
1767293207740 0.8 2619
1767293208778 1.8 2620
1767293209824 0.8 2621
1767293210865 2.0 2622
1767293211905 0.5 2623
1767293215877 1.7 2624
1767293216920 0.8 2625
1767293217979 2.2 2626
1767293219043 1.1 2627
1767293220088 1.8 2628
1767293221132 0.7 2629
1767293222182 1.4 2630
1767293223222 0.8 2631
1767293224261 1.4 2632
1767293225303 1.2 2633
1767293226342 1.1 2634
1767293227383 0.7 2635
1767293228434 1.3 2636
1767293229484 0.7 2637
1767293230523 1.6 2638
1767293231565 1.2 2639
1767293232605 1.6 2640
1767293233651 0.7 2641
1767293234690 1.6 2642
1767293235739 1.1 2643
1767293236803 1.4 2644
1767293237845 0.9 2645
1767293238889 1.8 2646
1767293239942 0.7 2647
1767293240987 1.7 2648
1767293242029 0.7 2649
1767293243080 1.9 2650
1767293244119 0.8 2651
1767293245160 1.6 2652
1767293246482 0.7 2653
1767293247524 3.8 2654
1767293251490 1.7 2655
1767293252531 1.3 2656
1767293253597 2.3 2657
1767293254637 1.2 2658
1767293255680 1.7 2659
1767293256723 0.5 2660
1767293257772 1.6 2661
1767293258818 0.8 2662
1767293259864 2.0 2663
1767293260912 1.0 2664
1767293261953 1.8 2665
1767293262997 0.6 2666
1767293264042 1.8 2667
1767293265082 1.0 2668
1767293266124 1.7 2669
1767293267162 0.7 2670
1767293268206 1.6 2671
1767293269267 1.2 2672
1767293270308 1.8 2673
1767293271351 0.7 2674
1767293272390 1.4 2675
1767293273445 0.8 2676
1767293274491 2.5 2677
1767293275541 0.5 2678
1767293276589 1.2 2679
1767293277628 1.6 2680
1767293278667 1.4 2681
1767293279718 1.1 2682
1767293280766 1.7 2683
1767293281809 0.8 2684
1767293282849 1.6 2685
1767293286825 0.5 2686
1767293287879 2.1 2687
1767293288933 1.3 2688
1767293289990 1.8 2689
1767293291039 1.0 2690
1767293292087 1.1 2691
1767293293128 0.8 2692
1767293294171 1.3 2693
1767293295212 0.7 2694
1767293296257 1.8 2695
1767293297302 0.8 2696
1767293298346 1.8 2697
1767293299387 0.7 2698
1767293300434 1.4 2699
1767293301477 1.2 2700
1767293302520 1.6 2701
1767293303562 1.3 2702
1767293304606 0.7 2703
1767293305650 1.6 2704
1767293306695 0.8 2705
1767293307739 1.2 2706
1767293308786 0.6 2707
1767293309831 2.3 2708
1767293310877 1.0 2709
1767293311918 1.4 2710
1767293312959 0.6 2711
1767293314004 1.6 2712
1767293315046 0.5 2713
1767293316088 1.3 2714
1767293317130 0.8 2715
1767293318171 1.4 2716
1767293322155 0.8 2717
1767293323195 2.5 2718
1767293324240 0.7 2719
1767293325279 1.1 2720
1767293326321 0.6 2721
1767293327364 1.3 2722
1767293328407 0.7 2723
1767293329450 1.7 2724
1767293330495 0.7 2725
1767293331538 1.4 2726
1767293332582 0.8 2727
1767293333623 1.4 2728
1767293334664 1.1 2729
1767293335705 1.7 2730
1767293336748 1.0 2731
1767293337798 1.6 2732
1767293338839 0.6 2733
1767293339881 1.7 2734
1767293340924 0.7 2735
1767293341969 1.2 2736
1767293343010 1.0 2737
1767293344052 2.1 2738
1767293345093 0.7 2739
1767293346136 1.7 2740
1767293347181 0.7 2741
1767293348223 1.7 2742
1767293349266 0.7 2743
1767293350604 2.0 2744
1767293351644 3.8 2745
1767293352689 1.2 2746
1767293356671 1.7 2747
1767293357714 1.7 2748
1767293358758 2.0 2749
1767293359810 0.7 2750
1767293360853 1.8 2751
1767293361914 1.0 2752
1767293362957 2.5 2753
1767293364000 0.8 2754
1767293365047 1.4 2755
1767293366093 1.1 2756
1767293367133 1.9 2757
1767293368183 0.8 2758
1767293369247 1.8 2759
1767293370300 1.1 2760
1767293371360 2.1 2761
1767293372401 1.2 2762
1767293373445 1.3 2763
1767293374491 0.5 2764
1767293375533 1.3 2765
1767293376577 1.2 2766
1767293377620 1.2 2767
1767293378662 0.6 2768
1767293379704 1.4 2769
1767293380767 0.7 2770
1767293381813 2.0 2771
1767293382865 0.7 2772
1767293383907 1.4 2773
1767293384953 1.0 2774
1767293386004 1.7 2775
1767293387048 1.2 2776
1767293388098 1.6 2777
1767293392075 0.8 2778
1767293393120 1.3 2779
1767293394161 0.7 2780
1767293395217 1.8 2781
1767293396280 0.8 2782
1767293397321 1.9 2783
1767293398363 1.2 2784
1767293399405 1.7 2785
1767293400446 1.1 2786
1767293401487 1.8 2787
1767293402530 0.8 2788
1767293403592 1.6 2789
1767293404656 1.2 2790
1767293405699 2.0 2791
1767293406742 0.7 2792
1767293407789 4.8 2793
1767293408831 1.6 2794
1767293409873 1.7 2795
1767293410915 1.4 2796
1767293411956 0.8 2797
1767293413007 3.2 2798
1767293414050 0.8 2799
1767293415091 1.7 2800
1767293416135 1.0 2801
1767293417176 1.8 2802
1767293418216 1.9 2803
1767293419267 1.6 2804
1767293420308 1.0 2805
1767293421352 1.6 2806
1767293422394 0.8 2807
1767293423438 2.9 2808
1767293427406 1.0 2809
1767293428448 2.4 2810
1767293429490 1.8 2811
1767293430531 2.4 2812
1767293431577 0.7 2813
1767293432620 1.9 2814
1767293433666 0.5 2815
1767293434708 1.6 2816
1767293435755 1.8 2817
1767293436803 1.4 2818
1767293437846 1.4 2819
1767293438889 1.7 2820
1767293439933 2.4 2821
1767293440975 3.8 2822
1767293442016 1.6 2823
1767293443059 3.0 2824
1767293444103 1.2 2825
1767293445144 1.7 2826
1767293446186 1.9 2827
1767293447245 2.8 2828
1767293448290 1.2 2829
1767293449334 1.9 2830
1767293450375 1.3 2831
1767293451441 3.0 2832
1767293452485 1.2 2833
1767293453533 1.9 2834
1767293454596 1.0 2835
1767293455639 2.1 2836
1767293456685 2.4 2837
1767293457729 1.8 2838
1767293458771 3.2 2839
1767293462745 1.3 2840
1767293463791 1.8 2841
1767293464834 1.2 2842
1767293465876 1.3 2843
1767293466919 1.2 2844
1767293467961 0.6 2845
1767293469004 2.3 2846
1767293470047 1.0 2847
1767293471093 2.3 2848
1767293472166 1.9 2849
1767293473212 1.1 2850
1767293474254 1.6 2851
1767293475297 1.0 2852
1767293476340 1.7 2853
1767293477383 1.3 2854
1767293478431 1.3 2855
1767293479474 0.7 2856
1767293480515 1.9 2857
1767293481560 1.2 2858
1767293482602 1.4 2859
1767293483654 0.7 2860
1767293484696 1.5 2861
1767293485741 1.2 2862
1767293487076 1.4 2863
1767293488127 3.2 2864
1767293489170 1.9 2865
1767293490213 0.8 2866
1767293491258 1.9 2867
1767293492308 1.0 2868
1767293493371 1.3 2869
1767293497332 0.8 2870
1767293498375 1.3 2871
1767293499418 1.8 2872
1767293500480 2.2 2873
1767293501530 2.1 2874
1767293502578 1.3 2875
1767293503634 1.5 2876
1767293504679 1.4 2877
1767293505723 0.8 2878
1767293506768 1.6 2879
1767293507813 1.9 2880
1767293508861 1.0 2881
1767293509905 1.9 2882
1767293510950 1.1 2883
1767293511994 1.4 2884
1767293513036 0.8 2885
1767293514079 2.2 2886
1767293515121 1.0 2887
1767293516178 1.4 2888
1767293517222 1.4 2889
1767293518265 1.3 2890
1767293519308 0.7 2891
1767293520360 3.2 2892
1767293521405 1.4 2893
1767293522448 1.9 2894
1767293523490 2.3 2895
1767293524549 1.2 2896
1767293525589 1.1 2897
1767293526632 1.6 2898
1767293527679 1.0 2899
1767293528735 1.8 2900
1767293532717 1.0 2901
1767293533761 1.9 2902
1767293534803 0.6 2903
1767293535846 1.6 2904
1767293536899 1.2 2905
1767293537940 1.4 2906
1767293539003 0.7 2907
1767293540050 2.0 2908
1767293541093 0.8 2909
1767293542137 1.9 2910
1767293543181 0.5 2911
1767293544225 2.7 2912
1767293545270 1.1 2913
1767293546315 2.7 2914
1767293547358 0.8 2915
1767293548400 3.2 2916
1767293549445 2.2 2917
1767293550491 1.4 2918
1767293551537 1.7 2919
1767293552583 1.7 2920
1767293553626 1.2 2921
1767293554674 3.4 2922
1767293555717 1.3 2923
1767293556781 2.3 2924
1767293557835 1.8 2925
1767293558883 2.5 2926
1767293559931 3.9 2927
1767293560978 1.0 2928
1767293562028 1.7 2929
1767293563381 1.1 2930
1767293564425 5.4 2931
1767293568398 1.0 2932
1767293569451 1.7 2933
1767293570494 1.1 2934
1767293571539 1.9 2935
1767293572583 1.9 2936
1767293573628 1.4 2937
1767293574672 1.1 2938
1767293575718 1.6 2939
1767293576777 0.5 2940
1767293577830 1.4 2941
1767293578874 0.8 2942
1767293579922 2.2 2943
1767293580966 1.1 2944
1767293582020 1.3 2945
1767293583065 1.3 2946
1767293584131 1.4 2947
1767293585188 1.4 2948
1767293586232 1.2 2949
1767293587283 1.0 2950
1767293588346 1.4 2951
1767293589392 1.3 2952
1767293590441 1.4 2953
1767293591486 2.4 2954
1767293592538 0.6 2955
1767293593584 1.5 2956
1767293594632 1.2 2957
1767293595675 1.7 2958
1767293596721 2.0 2959
1767293597766 2.0 2960
1767293598823 0.8 2961
1767293602808 1.9 2962
1767293603855 0.8 2963
1767293604899 3.6 2964
1767293605943 3.6 2965
1767293606988 1.7 2966
1767293608048 0.6 2967
1767293609097 2.2 2968
1767293610143 1.9 2969
1767293611187 1.6 2970
1767293612237 1.0 2971
1767293613286 2.4 2972
1767293614333 2.3 2973
1767293615378 1.9 2974
1767293616738 1.0 2975
1767293617784 13.2 2976
1767293618832 28.0 2977
1767293619881 5.7 2978
1767293620932 7.6 2979
1767293621981 2.3 2980
1767293623026 1.8 2981
1767293624076 1.4 2982
1767293625127 4.3 2983
1767293626179 14.0 2984
1767293627224 11.8 2985
1767293628270 1.6 2986
1767293629321 2.0 2987
1767293630366 3.7 2988
1767293631410 2.9 2989
1767293632455 1.7 2990
1767293633500 1.7 2991
1767293634548 2.9 2992
1767293638523 3.0 2993
1767293639568 2.3 2994
1767293640615 3.2 2995
1767293641673 1.2 2996
1767293642725 3.1 2997
1767293643782 1.6 2998
1767293644825 2.1 2999
1767293645874 0.7 3000
1767293646919 2.0 3001
1767293647966 2.6 3002
1767293649016 1.4 3003
1767293650062 1.1 3004
1767293651107 1.4 3005
1767293652150 0.5 3006
1767293653196 3.0 3007
1767293654244 0.8 3008
1767293655572 1.8 3009
1767293656617 3.5 3010
1767293657661 1.9 3011
1767293658705 0.8 3012
1767293659750 1.4 3013
1767293660808 0.5 3014
1767293661856 1.7 3015
1767293662916 1.9 3016
1767293663963 1.1 3017
1767293665008 1.8 3018
1767293666052 1.2 3019
1767293667119 1.8 3020
1767293668164 0.8 3021
1767293669210 2.2 3022
1767293673205 0.5 3023
1767293674249 1.7 3024
1767293675296 0.8 3025
1767293676364 2.0 3026
1767293677432 0.9 3027
1767293678479 2.3 3028
1767293679525 0.7 3029
1767293680592 1.4 3030
1767293681646 1.2 3031
1767293682693 1.7 3032
1767293683739 0.7 3033
1767293684787 1.7 3034
1767293685836 1.1 3035
1767293686906 1.4 3036
1767293687950 1.3 3037
1767293689012 1.9 3038
1767293690063 1.5 3039
1767293691111 1.6 3040
1767293692162 0.7 3041
1767293693208 1.6 3042
1767293694255 1.1 3043
1767293695302 1.4 3044
1767293696362 0.7 3045
1767293697408 1.8 3046
1767293698453 0.7 3047
1767293699498 1.4 3048
1767293700544 1.6 3049
1767293701590 1.1 3050
1767293702648 1.2 3051
1767293703696 1.5 3052
1767293704750 1.6 3053
1767293708725 1.2 3054
1767293709768 1.7 3055
1767293710815 1.6 3056
1767293711861 1.8 3057
1767293712908 0.6 3058
1767293713958 1.8 3059
1767293715009 0.7 3060
1767293716060 1.9 3061
1767293717105 0.8 3062
1767293718159 1.6 3063
1767293719210 0.6 3064
1767293720259 1.7 3065
1767293721305 1.4 3066
1767293722351 1.6 3067
1767293723407 0.6 3068
1767293724466 1.9 3069
1767293725528 1.2 3070
1767293726585 2.1 3071
1767293727630 1.3 3072
1767293728688 1.6 3073
1767293729735 1.0 3074
1767293730783 1.6 3075
1767293731830 0.7 3076
1767293732878 2.2 3077
1767293733924 1.0 3078
1767293734969 1.3 3079
1767293736032 1.0 3080
1767293737081 1.5 3081
1767293738129 1.6 3082
1767293739191 1.6 3083
1767293740245 1.2 3084
1767293744219 1.6 3085
1767293745266 0.8 3086
1767293746312 2.2 3087
1767293747360 0.8 3088
1767293748410 1.9 3089
1767293749454 0.6 3090
1767293750504 1.4 3091
1767293751549 1.3 3092
1767293752600 0.6 3093
1767293753666 1.9 3094
1767293754713 1.2 3095
1767293755762 1.9 3096
1767293756807 1.0 3097
1767293757853 2.0 3098
1767293758900 0.5 3099
1767293759947 1.8 3100
1767293761000 0.8 3101
1767293762047 1.8 3102
1767293763110 1.1 3103
1767293764170 1.7 3104
1767293765213 1.3 3105
1767293766264 2.4 3106
1767293767309 1.2 3107
1767293768354 1.9 3108
1767293769399 1.1 3109
1767293770447 1.3 3110
1767293771500 0.6 3111
1767293772569 1.7 3112
1767293773618 1.1 3113
1767293774689 1.4 3114
1767293778686 1.5 3115
1767293779753 2.1 3116
1767293780798 1.4 3117
1767293781846 1.6 3118
1767293782891 1.1 3119
1767293783952 1.3 3120
1767293785002 1.2 3121
1767293786066 1.6 3122
1767293787112 1.6 3123
1767293788182 1.4 3124
1767293789228 1.2 3125
1767293790279 1.7 3126
1767293791325 1.8 3127
1767293792380 1.4 3128
1767293793430 2.1 3129
1767293794480 1.2 3130
1767293795527 1.8 3131
1767293796574 1.0 3132
1767293797635 2.2 3133
1767293798681 1.5 3134
1767293799747 1.8 3135
1767293800801 0.9 3136
1767293801848 2.0 3137
1767293802894 1.1 3138
1767293803943 1.3 3139
1767293805011 1.0 3140
1767293806078 1.9 3141
1767293807428 1.2 3142
1767293808474 4.1 3143
1767293809522 0.8 3144
1767293810583 1.9 3145
1767293814563 1.2 3146
1767293815609 2.1 3147
1767293816665 0.7 3148
1767293817713 2.0 3149
1767293818759 1.2 3150
1767293819804 1.8 3151
1767293820850 1.2 3152
1767293821897 1.8 3153
1767293822951 1.3 3154
1767293824002 1.7 3155
1767293825056 1.8 3156
1767293826102 0.8 3157
1767293827148 2.0 3158
1767293828195 0.6 3159
1767293829252 2.0 3160
1767293830321 1.4 3161
1767293831375 2.1 3162
1767293832424 1.2 3163
1767293833484 1.9 3164
1767293834531 1.9 3165
1767293835592 2.0 3166
1767293836637 0.9 3167
1767293837701 1.3 3168
1767293838761 1.4 3169
1767293839822 2.1 3170
1767293840872 1.0 3171
1767293841921 2.1 3172
1767293842969 0.8 3173
1767293844019 1.7 3174
1767293845069 1.2 3175
1767293849047 1.4 3176
1767293850094 0.8 3177
1767293851151 1.7 3178
1767293852206 1.3 3179
1767293853273 1.9 3180
1767293854334 1.3 3181
1767293855394 2.4 3182
1767293856441 1.1 3183
1767293857495 1.8 3184
1767293858544 0.8 3185
1767293859602 1.3 3186
1767293860656 1.4 3187
1767293861705 1.2 3188
1767293862752 1.2 3189
1767293863803 1.4 3190
1767293864864 1.8 3191
1767293865914 0.8 3192
1767293866992 2.4 3193
1767293868057 1.1 3194
1767293869104 2.0 3195
1767293870152 1.1 3196
1767293871200 1.7 3197
1767293872263 0.7 3198
1767293873337 1.5 3199
1767293874385 1.2 3200
1767293875452 1.8 3201
1767293876497 1.2 3202
1767293877545 1.7 3203
1767293878592 0.8 3204
1767293879641 1.3 3205
1767293880696 1.1 3206
1767293884676 1.4 3207
1767293885727 1.4 3208
1767293887066 1.9 3209
1767293888113 6.4 3210
1767293889162 2.1 3211
1767293890221 1.6 3212
1767293891271 1.8 3213
1767293892321 2.6 3214
1767293893373 2.0 3215
1767293894419 2.1 3216
1767293895472 1.4 3217
1767293896521 2.3 3218
1767293897569 2.7 3219
1767293898636 2.0 3220
1767293899693 1.9 3221
1767293900743 1.5 3222
1767293901793 1.4 3223
1767293902844 1.2 3224
1767293903894 0.8 3225
1767293904946 1.7 3226
1767293906007 0.7 3227
1767293907057 1.8 3228
1767293908110 1.0 3229
1767293909163 1.9 3230
1767293910215 0.6 3231
1767293911266 1.3 3232
1767293912320 0.7 3233
1767293913383 2.4 3234
1767293914435 1.1 3235
1767293915491 1.6 3236
1767293919471 1.0 3237
1767293920522 1.8 3238
1767293921579 1.1 3239
1767293922633 1.8 3240
1767293923692 0.8 3241
1767293924744 1.8 3242
1767293925812 0.8 3243
1767293926860 1.4 3244
1767293927910 0.8 3245
1767293928976 1.6 3246
1767293930024 1.1 3247
1767293931088 1.3 3248
1767293932142 1.8 3249
1767293933194 1.7 3250
1767293934247 2.3 3251
1767293935303 0.7 3252
1767293936354 2.0 3253
1767293937412 1.0 3254
1767293938762 2.2 3255
1767293939813 3.4 3256
1767293940866 1.6 3257
1767293941918 0.8 3258
1767293942971 1.5 3259
1767293944024 1.0 3260
1767293945073 1.8 3261
1767293946122 0.7 3262
1767293947173 2.0 3263
1767293948226 0.8 3264
1767293949277 1.5 3265
1767293950328 1.0 3266
1767293951381 1.9 3267
1767293955361 1.3 3268
1767293956414 1.6 3269
1767293957466 1.2 3270
1767293958521 1.4 3271
1767293959573 1.1 3272
1767293960625 2.3 3273
1767293961690 0.8 3274
1767293962754 1.6 3275
1767293963806 3.1 3276
1767293964860 1.2 3277
1767293965921 2.4 3278
1767293966974 0.9 3279
1767293968023 1.2 3280
1767293969074 2.5 3281
1767293970124 1.4 3282
1767293971177 0.8 3283
1767293972244 1.5 3284
1767293973296 1.2 3285
1767293974349 1.6 3286
1767293975401 0.8 3287
1767293976450 1.3 3288
1767293977781 0.6 3289
