1767290278353 86930.2 0
1767290279371 86930.3 1
1767290280386 86930.3 2
1767290281389 86930.3 3
1767290282394 86932.2 4
1767290283398 86936.2 5
1767290284401 86967.1 6
1767290285404 86967.5 7
1767290286408 86970.7 8
1767290287411 86975.5 9
1767290288414 86975.5 10
1767290289419 86979.1 11
1767290290422 87001.3 12
1767290291425 86999.9 13
1767290292429 87000.0 14
1767290296366 87000.0 15
1767290297370 87000.0 16
1767290298374 87000.0 17
1767290299377 87000.0 18
1767290300381 86930.3 19
1767290301385 86930.3 20
1767290302388 86930.3 21
1767290303406 86930.3 22
1767290304414 86930.3 23
1767290305417 86930.3 24
1767290306421 86930.3 25
1767290307426 86930.3 26
1767290308429 86930.3 27
1767290309433 86930.3 28
1767290310436 86930.3 29
1767290311440 86930.3 30
1767290312443 86930.3 31
1767290313448 86930.3 32
1767290314451 86930.3 33
1767290315455 86930.3 34
1767290316459 86930.3 35
1767290317465 86930.3 36
1767290318469 86930.3 37
1767290319479 86930.3 38
1767290320489 86930.3 39
1767290321496 86930.3 40
1767290322502 86930.3 41
1767290323506 86930.3 42
1767290324511 86930.3 43
1767290325515 86930.3 44
1767290326518 86930.3 45
1767290327533 86930.3 46
1767290331471 86930.3 47
1767290332475 86930.3 48
1767290333479 86930.3 49
1767290334483 86930.3 50
1767290335487 86930.3 51
1767290336492 86930.3 52
1767290337496 86930.3 53
1767290338500 86930.3 54
1767290339504 86930.3 55
1767290340514 86930.3 56
1767290341521 86930.3 57
1767290342530 86930.3 58
1767290343534 86930.3 59
1767290344543 86930.3 60
1767290345550 86930.3 61
1767290346555 86930.3 62
1767290347566 86930.3 63
1767290348580 86930.3 64
1767290349596 86930.3 65
1767290350605 86930.3 66
1767290351614 86930.3 67
1767290352618 86930.3 68
1767290353623 86930.3 69
1767290354627 86930.3 70
1767290355631 86930.3 71
1767290356761 86930.3 72
1767290357778 86930.3 73
1767290358921 86930.3 74
1767290359927 86930.4 75
1767290360934 86930.4 76
1767290361948 86930.4 77
1767290362963 86930.4 78
1767290366892 86930.4 79
1767290367897 86930.4 80
1767290368901 86930.4 81
1767290369906 86930.4 82
1767290370912 86930.4 83
1767290371929 86930.4 84
1767290372939 86930.4 85
1767290373956 86930.4 86
1767290374969 86930.4 87
1767290375976 86931.4 88
1767290376989 86931.4 89
1767290378006 86931.4 90
1767290379022 86931.4 91
1767290380030 86931.4 92
1767290381042 86931.4 93
1767290382054 86931.4 94
1767290383060 86931.4 95
1767290384066 86931.4 96
1767290385070 86931.4 97
1767290386075 86931.4 98
1767290387088 86931.4 99
1767290388117 86931.4 100
1767290389125 86931.4 101
1767290390130 86931.4 102
1767290391136 86931.4 103
1767290392141 86931.4 104
1767290393158 86931.4 105
1767290394165 86931.4 106
1767290395170 86931.4 107
1767290396174 86931.4 108
1767290397181 86931.4 109
1767290398193 86931.4 110
1767290402142 86931.4 111
1767290403159 86931.4 112
1767290404180 86931.4 113
1767290405195 86931.4 114
1767290406201 86931.4 115
1767290407209 86931.4 116
1767290408218 86931.4 117
1767290409227 86931.4 118
1767290410235 86931.4 119
1767290411252 86931.4 120
1767290412268 86931.4 121
1767290413273 86931.4 122
1767290414280 86931.4 123
1767290415287 86931.4 124
1767290416298 86931.4 125
1767290417311 86931.4 126
1767290418322 86931.4 127
1767290419330 86931.4 128
1767290420337 86931.4 129
1767290421349 86931.4 130
1767290422361 86931.4 131
1767290423370 86931.4 132
1767290424378 86931.4 133
1767290425385 86931.4 134
1767290426396 86931.4 135
1767290427414 86931.4 136
1767290428433 86931.4 137
1767290429451 86931.4 138
1767290430460 86931.4 139
1767290431469 86931.4 140
1767290432483 86931.4 141
1767290436420 86931.4 142
1767290437427 86931.4 143
1767290438434 86931.4 144
1767290439439 86931.4 145
1767290440444 86931.4 146
1767290441452 86931.4 147
1767290442458 86931.4 148
1767290443463 86931.4 149
1767290444477 86931.4 150
1767290445489 86931.4 151
1767290446496 86931.4 152
1767290447501 86931.4 153
1767290448509 86931.4 154
1767290449524 86931.4 155
1767290450531 86931.4 156
1767290451543 86931.4 157
1767290452551 86931.4 158
1767290453556 86931.4 159
1767290454573 86931.4 160
1767290455581 86931.4 161
1767290456587 86931.5 162
1767290457610 86931.5 163
1767290458623 86931.5 164
1767290459632 86931.5 165
1767290460639 86931.5 166
1767290461644 86931.5 167
1767290462662 86931.5 168
1767290463669 86931.5 169
1767290464686 86931.5 170
1767290465694 86931.5 171
1767290466700 86931.5 172
1767290467706 86931.5 173
1767290471651 86931.5 174
1767290472766 86931.5 175
1767290473776 86931.5 176
1767290474792 86931.5 177
1767290475810 86931.5 178
1767290476816 86931.5 179
1767290477830 86931.5 180
1767290478839 86931.5 181
1767290479846 86931.5 182
1767290480858 86931.5 183
1767290481872 86931.5 184
1767290482880 86931.5 185
1767290483889 86931.5 186
1767290484905 86931.5 187
1767290485916 86931.5 188
1767290486929 86931.5 189
1767290487939 86931.5 190
1767290488947 86931.5 191
1767290489955 86931.5 192
1767290490960 86931.5 193
1767290491966 86931.5 194
1767290492980 86931.5 195
1767290493996 86931.5 196
1767290495009 86931.5 197
1767290496017 86931.5 198
1767290497022 86931.5 199
1767290498028 86931.5 200
1767290499045 86931.5 201
1767290500053 86931.5 202
1767290501060 86931.5 203
1767290502074 86931.5 204
1767290503091 86931.5 205
1767290507029 86931.5 206
1767290508047 86931.5 207
1767290509055 86931.5 208
1767290510064 86931.5 209
1767290511071 86931.5 210
1767290512078 86931.5 211
1767290513084 86931.5 212
1767290514097 86931.5 213
1767290515105 86931.5 214
1767290516120 86931.5 215
1767290517127 86931.5 216
1767290518133 86931.5 217
1767290519142 86931.5 218
1767290520160 86931.5 219
1767290521167 86931.5 220
1767290522175 86931.5 221
1767290523183 86931.5 222
1767290524198 86931.5 223
1767290525209 86931.5 224
1767290526215 86931.5 225
1767290527235 86931.5 226
1767290528258 86931.5 227
1767290529270 86931.5 228
1767290530277 86931.5 229
1767290531283 86931.5 230
1767290532294 86931.5 231
1767290533314 86931.5 232
1767290534323 86931.5 233
1767290535330 86931.5 234
1767290536338 86931.5 235
1767290537366 86931.5 236
1767290538374 86931.5 237
1767290542309 86931.5 238
1767290543323 86931.5 239
1767290544337 86931.5 240
1767290545352 86931.5 241
1767290546361 86931.5 242
1767290547368 86931.5 243
1767290548374 86931.5 244
1767290549380 86931.5 245
1767290550388 86931.5 246
1767290551396 86931.5 247
1767290552402 86931.5 248
1767290553415 86931.5 249
1767290554433 86931.5 250
1767290555447 86931.5 251
1767290556458 86931.5 252
1767290557471 86931.5 253
1767290558481 86931.5 254
1767290559495 86931.5 255
1767290560502 86931.5 256
1767290561517 86931.5 257
1767290562526 86931.5 258
1767290563535 86931.5 259
1767290564543 86931.5 260
1767290565558 86931.5 261
1767290566568 86931.5 262
1767290567580 86931.5 263
1767290568594 86931.5 264
1767290569606 86931.5 265
1767290570622 86931.5 266
1767290571637 86931.5 267
1767290572645 86931.5 268
1767290573656 86931.5 269
1767290577600 86931.5 270
1767290578616 86931.5 271
1767290579626 86931.5 272
1767290580644 86931.5 273
1767290581653 86931.5 274
1767290582670 86931.5 275
1767290583689 86931.5 276
1767290584708 86931.5 277
1767290585724 86931.5 278
1767290586736 86931.5 279
1767290587749 86931.5 280
1767290588757 86931.5 281
1767290589768 86931.5 282
1767290590779 86931.5 283
1767290591788 86931.5 284
1767290592798 86931.5 285
1767290593807 86931.5 286
1767290594816 86931.5 287
1767290595825 86931.5 288
1767290596840 86931.5 289
1767290597851 86931.5 290
1767290598861 86931.5 291
1767290599883 86931.5 292
1767290600896 86931.5 293
1767290601906 86931.5 294
1767290602917 86931.5 295
1767290603938 86931.5 296
1767290604949 86931.5 297
1767290605958 86931.5 298
1767290606966 86931.5 299
1767290607975 86931.5 300
1767290608982 86931.5 301
1767290612932 86931.5 302
1767290613944 86931.5 303
1767290614968 86931.5 304
1767290615978 86931.5 305
1767290616987 86931.5 306
1767290617996 86931.5 307
1767290619012 86931.5 308
1767290620026 86931.5 309
1767290621034 86931.5 310
1767290622048 86931.5 311
1767290623074 86931.5 312
1767290624084 86931.5 313
1767290625105 86931.5 314
1767290626121 86931.5 315
1767290627143 86931.5 316
1767290628153 86931.6 317
1767290629160 86931.6 318
1767290630167 86931.6 319
1767290631177 86931.6 320
1767290632188 86931.6 321
1767290633202 86931.6 322
1767290634210 86931.6 323
1767290635217 86931.6 324
1767290636225 86931.6 325
1767290637232 86931.6 326
1767290638239 86931.6 327
1767290639246 86931.6 328
1767290640254 86931.6 329
1767290641265 86931.6 330
1767290642275 86931.6 331
1767290643292 86931.6 332
1767290644299 86931.6 333
1767290648233 86931.6 334
1767290649240 86931.6 335
1767290650248 86931.6 336
1767290651257 86931.6 337
1767290652265 86931.6 338
1767290653274 86931.6 339
1767290654282 86931.6 340
1767290655289 86931.6 341
1767290656300 86931.6 342
1767290657312 86931.6 343
1767290658320 86931.6 344
1767290659328 86931.6 345
1767290660335 86931.6 346
1767290661343 86931.6 347
1767290662351 86931.6 348
1767290663360 86931.6 349
1767290664368 86931.6 350
1767290665377 86931.6 351
1767290666386 86931.6 352
1767290667401 86931.6 353
1767290668408 86931.6 354
1767290669416 86931.6 355
1767290670424 86931.6 356
1767290671431 86931.6 357
1767290672439 86931.6 358
1767290673447 86931.6 359
1767290674454 86931.6 360
1767290675470 86931.6 361
1767290676479 86931.6 362
1767290677487 86931.6 363
1767290678494 86931.6 364
1767290679503 86931.6 365
1767290683446 86931.6 366
1767290684454 86931.6 367
1767290685461 86931.6 368
1767290686469 86931.6 369
1767290687488 86931.6 370
1767290688497 86931.6 371
1767290689506 86931.6 372
1767290690513 86931.6 373
1767290691522 86931.6 374
1767290692533 86931.6 375
1767290693541 86931.6 376
1767290694550 86931.6 377
1767290695566 86931.6 378
1767290696577 86931.6 379
1767290697586 86945.3 380
1767290698596 86945.3 381
1767290699607 86945.3 382
1767290700616 86945.3 383
1767290701625 86945.3 384
1767290702633 86945.3 385
1767290703641 86945.3 386
1767290704653 86945.3 387
1767290705663 86945.3 388
1767290706678 86945.3 389
1767290707686 86945.3 390
1767290708695 86945.3 391
1767290709703 86945.3 392
1767290710712 86945.3 393
1767290711720 86945.3 394
1767290712730 86945.3 395
1767290713739 86945.3 396
1767290714747 86945.3 397
1767290718684 86945.3 398
1767290719700 86945.3 399
1767290720709 86945.3 400
1767290721717 86945.3 401
1767290722725 86945.3 402
1767290723733 86945.3 403
1767290724745 86945.3 404
1767290725753 86945.3 405
1767290726761 86945.3 406
1767290727769 86945.3 407
1767290728778 86945.3 408
1767290729787 86945.3 409
1767290730799 86945.3 410
1767290731810 86945.3 411
1767290732818 86945.3 412
1767290733828 86945.3 413
1767290734837 86945.3 414
1767290735848 86945.3 415
1767290736864 86945.3 416
1767290737873 86945.3 417
1767290738882 86945.3 418
1767290739891 86945.3 419
1767290740900 86945.3 420
1767290741909 86945.3 421
1767290742918 86945.3 422
1767290743927 86945.3 423
1767290744944 86945.3 424
1767290745953 86945.3 425
1767290746962 86945.3 426
1767290747972 86945.3 427
1767290748983 86945.3 428
1767290749991 86945.3 429
1767290753927 86945.3 430
1767290754936 86945.3 431
1767290755945 86945.3 432
1767290756954 86945.3 433
1767290757962 86945.3 434
1767290758971 86945.3 435
1767290759980 86945.3 436
1767290760990 86945.3 437
1767290762000 86945.3 438
1767290763014 86945.3 439
1767290764025 86945.3 440
1767290765036 86945.3 441
1767290766046 86945.3 442
1767290767055 86945.3 443
1767290768063 86945.3 444
1767290769072 86945.3 445
1767290770082 86945.3 446
1767290771092 86945.3 447
1767290772100 86945.3 448
1767290773111 86945.3 449
1767290774127 86945.3 450
1767290775136 86945.3 451
1767290776145 86945.3 452
1767290777156 86945.3 453
1767290778165 86945.3 454
1767290779174 86945.3 455
1767290780184 86945.3 456
1767290781193 86945.3 457
1767290782202 86945.3 458
1767290783212 86945.3 459
1767290784220 86945.3 460
1767290785230 86945.3 461
1767290789172 86945.3 462
1767290790181 86945.3 463
1767290791190 86945.3 464
1767290792202 86945.3 465
1767290793212 86945.3 466
1767290794221 86945.3 467
1767290795231 86945.3 468
1767290796240 86945.3 469
1767290797250 86945.3 470
1767290798269 86945.3 471
1767290799279 86945.3 472
1767290800288 86945.3 473
1767290801298 86945.3 474
1767290802309 86945.3 475
1767290803320 86945.3 476
1767290804331 86945.3 477
1767290805341 86945.3 478
1767290806351 86945.3 479
1767290807361 86945.3 480
1767290808371 86945.3 481
1767290809380 86945.3 482
1767290810389 86945.3 483
1767290811399 86945.3 484
1767290812411 86945.3 485
1767290813420 86945.3 486
1767290814430 86945.3 487
1767290815439 86945.3 488
1767290816449 86945.3 489
1767290817464 86945.3 490
1767290818474 86945.3 491
1767290819483 86945.3 492
1767290823421 86945.3 493
1767290824431 86945.3 494
1767290825442 86945.3 495
1767290826459 86945.3 496
1767290827468 86945.3 497
1767290828478 86945.3 498
1767290829490 86945.3 499
1767290830501 86945.3 500
1767290831511 86945.3 501
1767290832521 86945.3 502
1767290833533 86945.3 503
1767290834550 86945.3 504
1767290835560 86945.3 505
1767290836570 86945.3 506
1767290837579 86945.3 507
1767290838589 86945.3 508
1767290839599 86945.3 509
1767290840610 86945.3 510
1767290841620 86945.3 511
1767290842630 86945.3 512
1767290843648 86945.3 513
1767290844659 86945.3 514
1767290845669 86945.3 515
1767290846679 86945.3 516
1767290847690 86945.3 517
1767290848699 86945.3 518
1767290849711 86945.3 519
1767290850721 86945.3 520
1767290851732 86945.3 521
1767290852741 86945.3 522
1767290853751 86945.3 523
1767290854760 86945.3 524
1767290858704 86945.3 525
1767290859715 86945.3 526
1767290860725 86945.3 527
1767290861736 86945.3 528
1767290862752 86945.3 529
1767290863763 86945.3 530
1767290864773 86945.3 531
1767290865784 86945.3 532
1767290866795 86945.3 533
1767290867816 86945.3 534
1767290868826 86945.3 535
1767290869836 86945.3 536
1767290870846 86945.3 537
1767290871856 86945.3 538
1767290872866 86945.3 539
1767290873876 86945.3 540
1767290874889 86945.3 541
1767290875907 86945.3 542
1767290876917 86945.3 543
1767290877927 86945.3 544
1767290878940 86945.3 545
1767290879951 86945.3 546
1767290880965 86945.3 547
1767290881977 86945.3 548
1767290882987 86945.3 549
1767290883999 86945.3 550
1767290885011 86945.3 551
1767290886021 86945.3 552
1767290887031 86945.3 553
1767290888041 86945.3 554
1767290889053 86945.3 555
1767290890063 86945.3 556
1767290894000 86945.3 557
1767290895010 86945.3 558
1767290896021 86945.3 559
1767290897031 86945.3 560
1767290898045 86945.3 561
1767290899060 86945.3 562
1767290900070 86945.3 563
1767290901082 86945.4 564
1767290902096 86945.4 565
1767290903107 86945.4 566
1767290904125 86945.4 567
1767290905136 86945.4 568
1767290906146 86945.4 569
1767290907159 86945.4 570
1767290908170 86945.4 571
1767290909182 86945.4 572
1767290910200 86945.4 573
1767290911210 86945.4 574
1767290912221 86945.4 575
1767290913232 86945.4 576
1767290914243 86945.4 577
1767290915254 86945.4 578
1767290916265 86945.4 579
1767290917276 86945.4 580
1767290918287 86945.4 581
1767290919298 86945.4 582
1767290920309 86945.4 583
1767290921319 86945.4 584
1767290922330 86945.4 585
1767290923341 86945.4 586
1767290924352 86945.4 587
1767290925363 86945.4 588
1767290929306 86945.4 589
1767290930317 86945.4 590
1767290931328 86945.4 591
1767290932339 86945.4 592
1767290933350 86945.4 593
1767290934361 86945.4 594
1767290935372 86945.4 595
1767290936393 86945.4 596
1767290937405 86945.4 597
1767290938416 86945.4 598
1767290939429 86945.4 599
1767290940440 86945.4 600
1767290941451 86945.4 601
1767290942462 86945.4 602
1767290943474 86945.4 603
1767290944484 86945.4 604
1767290945496 86945.4 605
1767290946512 86945.4 606
1767290947523 86945.4 607
1767290948534 86945.4 608
1767290949548 86945.4 609
1767290950559 86945.4 610
1767290951570 86945.4 611
1767290952582 86945.4 612
1767290953594 86945.4 613
1767290954606 86945.4 614
1767290955618 86945.4 615
1767290956629 86945.4 616
1767290957640 86945.4 617
1767290958661 86945.4 618
1767290959673 86945.4 619
1767290960685 86945.4 620
1767290964623 86945.4 621
1767290965635 86945.4 622
1767290966649 86945.4 623
1767290967664 86945.4 624
1767290968676 86945.4 625
1767290969687 86945.4 626
1767290970703 86945.4 627
1767290971717 86945.4 628
1767290972734 86945.4 629
1767290973745 86945.4 630
1767290974756 86945.4 631
1767290975768 86945.4 632
1767290976781 86945.4 633
1767290977796 86945.4 634
1767290978809 86945.4 635
1767290979820 86945.4 636
1767290980839 86945.4 637
1767290981850 86945.4 638
1767290982862 86945.4 639
1767290983874 86945.4 640
1767290984887 86945.4 641
1767290985900 86945.4 642
1767290986911 86945.4 643
1767290987923 86945.4 644
1767290988942 86945.4 645
1767290989955 86945.4 646
1767290990966 86945.4 647
1767290991978 86945.4 648
1767290992991 86945.4 649
1767290994003 86945.4 650
1767290995015 86945.4 651
1767290996031 86945.4 652
1767290999979 86945.4 653
1767291000991 86945.4 654
1767291002003 86945.4 655
1767291003015 86945.4 656
1767291004027 86945.4 657
1767291005040 86945.4 658
1767291006063 86945.4 659
1767291007077 86945.4 660
1767291008089 86945.4 661
1767291009101 86945.4 662
1767291010114 86945.4 663
1767291011127 86945.4 664
1767291012140 86945.4 665
1767291013152 86945.4 666
1767291014164 86945.4 667
1767291015176 86945.4 668
1767291016188 86945.4 669
1767291017200 86945.4 670
1767291018213 86945.4 671
1767291019235 86945.4 672
1767291020248 86945.4 673
1767291021259 86945.4 674
1767291022271 86945.4 675
1767291023285 86945.4 676
1767291024298 86945.4 677
1767291025316 86945.4 678
1767291026330 86945.4 679
1767291027343 86945.4 680
1767291028355 86945.4 681
1767291029369 86945.4 682
1767291030382 86945.4 683
1767291031395 86945.4 684
1767291035342 86945.4 685
1767291036355 86945.4 686
1767291037370 86945.4 687
1767291038385 86945.4 688
1767291039401 86945.4 689
1767291040419 86945.4 690
1767291041431 86945.4 691
1767291042444 86945.4 692
1767291043456 86945.4 693
1767291044468 86945.4 694
1767291045480 86945.4 695
1767291046493 86945.4 696
1767291047508 86945.4 697
1767291048526 86945.4 698
1767291049539 86945.4 699
1767291050551 86945.4 700
1767291051565 86945.4 701
1767291052579 86945.4 702
1767291053598 86945.4 703
1767291054612 86945.4 704
1767291055625 86945.4 705
1767291056638 86945.4 706
1767291057655 86945.4 707
1767291058669 86945.4 708
1767291059681 86945.4 709
1767291060694 86945.4 710
1767291061709 86945.4 711
1767291062723 86945.4 712
1767291063736 86945.4 713
1767291064750 86945.4 714
1767291065763 86945.4 715
1767291069712 86945.4 716
1767291070727 86945.4 717
1767291071740 86945.4 718
1767291072754 86945.4 719
1767291073767 86945.4 720
1767291074780 86945.4 721
1767291075793 86945.4 722
1767291076806 86945.4 723
1767291077819 86945.4 724
1767291078834 86945.4 725
1767291079847 86945.4 726
1767291080861 86945.4 727
1767291081881 86945.4 728
1767291082894 86945.4 729
1767291083909 86945.4 730
1767291084922 86945.4 731
1767291085935 86945.4 732
1767291086949 86945.4 733
1767291087962 86945.4 734
1767291088975 86945.4 735
1767291089989 86945.4 736
1767291091003 86945.4 737
1767291092016 86945.4 738
1767291093030 86945.4 739
1767291094044 86945.4 740
1767291095057 86945.4 741
1767291096072 86945.4 742
1767291097088 86945.4 743
1767291098108 86945.4 744
1767291099123 86945.4 745
1767291100137 86945.4 746
1767291101158 86945.4 747
1767291105099 86945.4 748
1767291106115 86945.4 749
1767291107128 86945.4 750
1767291108144 86945.4 751
1767291109158 86945.4 752
1767291110174 86945.4 753
1767291111189 86945.4 754
1767291112206 86945.4 755
1767291113221 86945.4 756
1767291114242 86945.4 757
1767291115255 86945.4 758
1767291116269 86945.4 759
1767291117283 86945.4 760
1767291118297 86945.4 761
1767291119310 86945.4 762
1767291120324 86945.4 763
1767291121338 86945.4 764
1767291122359 86945.4 765
1767291123374 86945.4 766
1767291124391 86945.4 767
1767291125406 86945.4 768
1767291126422 86945.4 769
1767291127435 86945.4 770
1767291128449 86945.4 771
1767291129463 86945.4 772
1767291130479 86945.4 773
1767291131493 86945.4 774
1767291132506 86945.4 775
1767291133520 86945.4 776
1767291134537 86945.4 777
1767291135551 86945.4 778
1767291136564 86945.4 779
1767291140517 86945.4 780
1767291141530 86945.4 781
1767291142545 86945.4 782
1767291143559 86945.4 783
1767291144573 86945.4 784
1767291145587 86945.4 785
1767291146609 86945.4 786
1767291147623 86945.4 787
1767291148637 86945.4 788
1767291149652 86945.4 789
1767291150666 86945.4 790
1767291151688 86945.4 791
1767291152704 86945.5 792
1767291153717 86945.5 793
1767291154731 86945.5 794
1767291155745 86945.5 795
1767291156759 86945.5 796
1767291157773 86945.5 797
1767291158788 86945.5 798
1767291159802 86945.5 799
1767291160818 86945.5 800
1767291161840 86945.5 801
1767291162854 86945.5 802
1767291163868 86945.5 803
1767291164883 86945.5 804
1767291165897 86945.5 805
1767291166911 86945.5 806
1767291167927 86945.5 807
1767291168941 86945.5 808
1767291169958 86945.5 809
1767291170973 86945.5 810
1767291171988 86945.5 811
1767291175928 86945.5 812
1767291176945 86945.5 813
1767291177970 86945.5 814
1767291178987 86945.5 815
1767291180001 86945.5 816
1767291181017 86945.5 817
1767291182031 86945.5 818
1767291183046 86945.5 819
1767291184060 86945.5 820
1767291185074 86945.5 821
1767291186089 86945.5 822
1767291187111 86945.5 823
1767291188129 86945.5 824
1767291189143 86945.5 825
1767291190157 86945.5 826
1767291191174 86945.5 827
1767291192190 86945.5 828
1767291193204 86945.5 829
1767291194221 86945.5 830
1767291195235 86945.5 831
1767291196252 86945.5 832
1767291197271 86945.5 833
1767291198286 86945.5 834
1767291199300 86945.5 835
1767291200316 86945.5 836
1767291201331 86945.5 837
1767291202345 86945.5 838
1767291203362 86945.5 839
1767291204377 86945.5 840
1767291205391 86945.5 841
1767291206406 86945.5 842
1767291210364 86945.5 843
1767291211378 86945.5 844
1767291212394 86945.5 845
1767291213414 86945.5 846
1767291214429 86945.5 847
1767291215444 86945.5 848
1767291216462 86945.5 849
1767291217478 86945.5 850
1767291218493 86945.5 851
1767291219510 86945.5 852
1767291220525 86945.5 853
1767291221539 86945.5 854
1767291222556 86945.5 855
1767291223572 86945.5 856
1767291224587 86945.5 857
1767291225604 86945.5 858
1767291226626 86945.5 859
1767291227640 86945.5 860
1767291228655 86945.5 861
1767291229670 86945.5 862
1767291230686 86945.5 863
1767291231704 86945.5 864
1767291232720 86945.5 865
1767291233734 86945.5 866
1767291234751 86945.5 867
1767291235767 86945.5 868
1767291236783 86945.5 869
1767291237798 86945.5 870
1767291238816 86945.5 871
1767291239832 86945.5 872
1767291240846 86945.5 873
1767291241861 86945.5 874
1767291245806 86945.5 875
1767291246822 86945.5 876
1767291247838 86945.5 877
1767291248861 86945.5 878
1767291249877 86945.5 879
1767291250892 86945.5 880
1767291251907 86945.5 881
1767291252922 86945.5 882
1767291253938 86945.5 883
1767291254954 86945.5 884
1767291255971 86945.5 885
1767291256986 86945.5 886
1767291258001 86945.5 887
1767291259016 86945.5 888
1767291260034 86945.5 889
1767291261049 86945.5 890
1767291262066 86945.5 891
1767291263089 86945.5 892
1767291264103 86945.5 893
1767291265120 86945.5 894
1767291266135 86945.5 895
1767291267153 86945.5 896
1767291268174 86945.5 897
1767291269189 86945.5 898
1767291270204 86945.5 899
1767291271221 86945.5 900
1767291272236 86945.5 901
1767291273251 86945.5 902
1767291274266 86945.5 903
1767291275281 86945.5 904
1767291276298 86945.5 905
1767291277313 86945.5 906
1767291281263 86945.5 907
1767291282285 86945.5 908
1767291283300 86945.5 909
1767291284317 86945.5 910
1767291285333 86945.5 911
1767291286348 86945.5 912
1767291287363 86945.5 913
1767291288378 86945.5 914
1767291289393 86945.5 915
1767291290412 86945.5 916
1767291291427 86945.5 917
1767291292447 86945.5 918
1767291293470 86945.5 919
1767291294486 86945.5 920
1767291295501 86945.5 921
1767291296518 86945.5 922
1767291297534 86945.5 923
1767291298551 86945.5 924
1767291299574 86945.5 925
1767291300590 86945.5 926
1767291301607 86945.5 927
1767291302623 86945.5 928
1767291303641 86945.5 929
1767291304656 86945.5 930
1767291305672 86945.5 931
1767291306688 86945.5 932
1767291307716 86945.5 933
1767291308736 86945.5 934
1767291309754 86945.5 935
1767291310770 86945.5 936
1767291311789 86945.5 937
1767291312807 86945.5 938
1767291316741 86945.5 939
1767291317756 86945.5 940
1767291318772 86945.5 941
1767291319788 86945.5 942
1767291320805 86945.5 943
1767291321821 86945.5 944
1767291322838 86945.5 945
1767291323859 86945.5 946
1767291324876 86945.5 947
1767291325892 86945.5 948
1767291326914 86945.5 949
1767291328381 86945.5 950
1767291329404 86945.5 951
1767291330420 86945.5 952
1767291331442 86945.5 953
1767291332458 86945.5 954
1767291333474 86945.5 955
1767291334490 86945.5 956
1767291335506 86945.5 957
1767291336523 86945.5 958
1767291337540 86945.5 959
1767291338557 86945.5 960
1767291339573 86945.5 961
1767291340590 86945.5 962
1767291341606 86945.5 963
1767291342630 86945.5 964
1767291343647 86945.5 965
1767291344664 86945.5 966
1767291345682 86945.5 967
1767291346699 86945.5 968
1767291347715 86945.5 969
1767291351665 86945.5 970
1767291352682 86945.5 971
1767291353702 86945.5 972
1767291354719 86945.5 973
1767291355742 86945.5 974
1767291356759 86945.5 975
1767291357775 86945.5 976
1767291358791 86945.5 977
1767291359809 86945.5 978
1767291360826 86945.5 979
1767291361846 86945.5 980
1767291362866 86945.5 981
1767291363887 86945.5 982
1767291364904 86945.5 983
1767291365923 86945.5 984
1767291366944 86945.5 985
1767291367966 86945.5 986
1767291368983 86945.5 987
1767291370001 86945.5 988
1767291371020 86945.5 989
1767291372038 86945.5 990
1767291373057 86945.5 991
1767291374079 86945.5 992
1767291375108 86945.5 993
1767291376128 86945.5 994
1767291377144 86945.5 995
1767291378164 86945.5 996
1767291379184 86945.5 997
1767291380206 86945.5 998
1767291381223 86945.5 999
1767291382243 86945.5 1000
1767291383265 86945.5 1001
1767291387220 86945.5 1002
1767291388237 86945.5 1003
1767291389255 86945.5 1004
1767291390273 86945.5 1005
1767291391290 86945.5 1006
1767291392312 86945.5 1007
1767291393331 86945.5 1008
1767291394353 86945.5 1009
1767291395387 86945.5 1010
1767291396405 86945.5 1011
1767291397422 86945.5 1012
1767291398439 86945.5 1013
1767291399466 86945.5 1014
1767291400484 86945.5 1015
1767291401503 86945.5 1016
1767291402520 86945.5 1017
1767291403539 86945.5 1018
1767291404560 86945.5 1019
1767291405611 86945.5 1020
1767291406628 86945.5 1021
1767291407648 86945.5 1022
1767291408666 86945.5 1023
1767291409689 86945.5 1024
1767291410706 86945.5 1025
1767291411724 86945.5 1026
1767291412743 86945.5 1027
1767291413763 86945.5 1028
1767291414779 86945.5 1029
1767291415797 86945.5 1030
1767291416816 86945.5 1031
1767291417840 86945.5 1032
1767291421803 86945.5 1033
1767291422824 86945.5 1034
1767291423843 86945.5 1035
1767291424867 86945.5 1036
1767291425885 86945.5 1037
1767291426907 86945.5 1038
1767291427926 86945.5 1039
1767291428944 86945.5 1040
1767291429963 86945.5 1041
1767291430981 86945.5 1042
1767291432004 86945.5 1043
1767291433027 86945.5 1044
1767291434045 86945.5 1045
1767291435064 86945.5 1046
1767291436083 86945.5 1047
1767291437102 86945.5 1048
1767291438134 86945.5 1049
1767291439151 86945.5 1050
1767291440171 86945.5 1051
1767291441194 86945.5 1052
1767291442213 86945.5 1053
1767291443231 86945.5 1054
1767291444249 86945.5 1055
1767291445267 86945.5 1056
1767291446286 86945.5 1057
1767291447303 86945.5 1058
1767291448325 86945.5 1059
1767291449346 86945.5 1060
1767291450364 86945.5 1061
1767291451381 86945.5 1062
1767291452402 86945.5 1063
1767291453421 86945.6 1064
1767291457372 86945.6 1065
1767291458391 86945.6 1066
1767291459410 86945.6 1067
1767291460430 86945.6 1068
1767291461448 86945.6 1069
1767291462477 86945.6 1070
1767291463495 86945.6 1071
1767291464512 86945.6 1072
1767291465531 86945.6 1073
1767291466549 86945.6 1074
1767291467570 86945.6 1075
1767291468589 86945.6 1076
1767291469612 86945.6 1077
1767291470633 86945.6 1078
1767291471650 86945.6 1079
1767291472669 86945.6 1080
1767291473687 86945.6 1081
1767291474706 86945.6 1082
1767291475726 86945.6 1083
1767291476745 86945.6 1084
1767291477770 86945.6 1085
1767291478789 86945.6 1086
1767291479809 86945.6 1087
1767291480830 86945.6 1088
1767291481848 86945.6 1089
1767291482866 86945.6 1090
1767291483885 86945.6 1091
1767291484904 86945.6 1092
1767291485924 86945.6 1093
1767291486949 86945.6 1094
1767291487967 86945.6 1095
1767291491907 86945.6 1096
1767291492926 86945.6 1097
1767291493945 86945.6 1098
1767291494963 86945.6 1099
1767291495982 86945.6 1100
1767291497000 86945.6 1101
1767291498019 86945.6 1102
1767291499037 86945.6 1103
1767291500055 86945.6 1104
1767291501073 86945.6 1105
1767291502093 86945.6 1106
1767291503115 86945.6 1107
1767291504134 86945.6 1108
1767291505153 86945.6 1109
1767291506173 86945.6 1110
1767291507198 86945.6 1111
1767291508216 86945.6 1112
1767291509235 86945.6 1113
1767291510253 86945.6 1114
1767291511272 86945.6 1115
1767291512291 86945.6 1116
1767291513309 86945.6 1117
1767291514327 86945.6 1118
1767291515346 86945.6 1119
1767291516365 86945.6 1120
1767291517397 86945.6 1121
1767291518416 86945.6 1122
1767291519434 86945.6 1123
1767291520456 86945.6 1124
1767291521484 86945.6 1125
1767291522507 86945.6 1126
1767291523527 86945.6 1127
1767291527480 86945.6 1128
1767291528499 86945.6 1129
1767291529520 86945.6 1130
1767291530540 86945.6 1131
1767291531560 86945.6 1132
1767291532586 86945.6 1133
1767291533605 86945.6 1134
1767291534625 86945.6 1135
1767291535644 86945.6 1136
1767291536663 86945.6 1137
1767291537689 86945.6 1138
1767291538708 86945.6 1139
1767291539729 86945.6 1140
1767291540747 86945.6 1141
1767291541776 86945.6 1142
1767291542795 86945.6 1143
1767291543813 86945.6 1144
1767291544832 86945.6 1145
1767291545853 86945.6 1146
1767291546873 86945.6 1147
1767291547894 86945.6 1148
1767291548919 86945.6 1149
1767291549937 86945.6 1150
1767291550956 86945.6 1151
1767291551975 86945.6 1152
1767291552994 86945.6 1153
1767291554015 86945.6 1154
1767291555039 86945.6 1155
1767291556058 86945.6 1156
1767291557079 86945.6 1157
1767291558099 86945.6 1158
1767291559119 86945.6 1159
1767291563076 86945.6 1160
1767291564094 86945.6 1161
1767291565116 86945.6 1162
1767291566135 86945.6 1163
1767291567154 86945.6 1164
1767291568173 86945.6 1165
1767291569195 86945.6 1166
1767291570219 86945.6 1167
1767291571244 86945.6 1168
1767291572265 86945.6 1169
1767291573286 86945.6 1170
1767291574312 86945.6 1171
1767291575332 86945.6 1172
1767291576351 86945.6 1173
1767291577372 86945.6 1174
1767291578391 86945.6 1175
1767291579410 86945.6 1176
1767291580429 86945.6 1177
1767291581449 86945.6 1178
1767291582469 86945.6 1179
1767291583491 86945.6 1180
1767291584510 86945.6 1181
1767291585530 86945.6 1182
1767291586554 86945.6 1183
1767291587575 86945.6 1184
1767291588604 86945.6 1185
1767291589627 86945.6 1186
1767291590655 86945.6 1187
1767291591686 86945.6 1188
1767291592706 86945.6 1189
1767291593724 86945.6 1190
1767291597676 86945.6 1191
1767291598695 86945.6 1192
1767291599714 86945.6 1193
1767291600739 86945.6 1194
1767291601760 86945.6 1195
1767291602787 86945.6 1196
1767291603807 86945.6 1197
1767291604826 86945.6 1198
1767291605847 86945.6 1199
1767291606867 86945.6 1200
1767291607888 86945.6 1201
1767291608914 86945.6 1202
1767291609933 86945.6 1203
1767291610953 86945.6 1204
1767291611974 86945.6 1205
1767291612993 86945.6 1206
1767291614018 86945.6 1207
1767291615039 86945.6 1208
1767291616064 86945.6 1209
1767291617084 86945.6 1210
1767291618104 86945.6 1211
1767291619126 86945.6 1212
1767291620146 86945.6 1213
1767291621167 86945.6 1214
1767291622193 86945.6 1215
1767291623213 86945.6 1216
1767291624235 86945.6 1217
1767291625256 86945.6 1218
1767291626277 86945.6 1219
1767291627303 86945.6 1220
1767291628323 86945.6 1221
1767291629343 86945.6 1222
1767291633292 86945.6 1223
1767291634314 86945.6 1224
1767291635335 86945.6 1225
1767291636361 86945.6 1226
1767291637381 86945.6 1227
1767291638401 86945.6 1228
1767291639422 86945.6 1229
1767291640444 86945.6 1230
1767291641465 86945.6 1231
1767291642491 86945.6 1232
1767291643511 86945.6 1233
1767291644534 86945.6 1234
1767291645564 86945.6 1235
1767291646586 86945.6 1236
1767291647606 86945.6 1237
1767291648626 86945.6 1238
1767291649647 86945.6 1239
1767291650669 86945.6 1240
1767291651691 86945.6 1241
1767291652712 86945.6 1242
1767291653734 86945.6 1243
1767291654754 86945.6 1244
1767291655777 86945.6 1245
1767291656800 86945.6 1246
1767291657827 86945.6 1247
1767291658852 86945.6 1248
1767291659880 86945.6 1249
1767291660903 86945.6 1250
1767291661926 86945.6 1251
1767291662953 86945.6 1252
1767291663973 86945.6 1253
1767291667926 86945.6 1254
1767291668947 86945.6 1255
1767291669968 86945.6 1256
1767291670996 86945.6 1257
1767291672017 86945.6 1258
1767291673037 86945.6 1259
1767291674061 86945.6 1260
1767291675081 86945.6 1261
1767291676106 86945.6 1262
1767291677127 86945.6 1263
1767291678148 86945.6 1264
1767291679168 86945.6 1265
1767291680188 86945.6 1266
1767291681210 86945.6 1267
1767291682231 86945.6 1268
1767291683251 86945.6 1269
1767291684273 86945.6 1270
1767291685301 86945.6 1271
1767291686321 86945.6 1272
1767291687341 86945.6 1273
1767291688362 86945.6 1274
1767291689384 86945.6 1275
1767291690404 86945.6 1276
1767291691424 86945.6 1277
1767291692447 86945.6 1278
1767291693474 86945.6 1279
1767291694493 86945.6 1280
1767291695513 86945.6 1281
1767291696534 86945.6 1282
1767291697556 86945.6 1283
1767291698577 86945.6 1284
1767291699597 86945.6 1285
1767291703546 86945.6 1286
1767291704573 86945.6 1287
1767291705593 86945.6 1288
1767291706614 86945.6 1289
1767291707635 86945.6 1290
1767291708655 86945.6 1291
1767291709677 86945.6 1292
1767291710703 86945.6 1293
1767291711724 86945.6 1294
1767291712745 86945.6 1295
1767291713767 86945.6 1296
1767291714789 86945.6 1297
1767291715811 86945.6 1298
1767291716839 86945.6 1299
1767291717859 86945.6 1300
1767291718881 86945.6 1301
1767291719904 86945.6 1302
1767291720925 86945.6 1303
1767291721949 86945.6 1304
1767291722976 86945.6 1305
1767291723996 86945.6 1306
1767291725024 86945.6 1307
1767291726047 86945.6 1308
1767291727072 86945.6 1309
1767291728095 86945.6 1310
1767291729121 86945.6 1311
1767291730144 86945.6 1312
1767291731616 86945.6 1313
1767291732644 86945.6 1314
1767291733665 86945.6 1315
1767291734687 86945.6 1316
1767291738639 86945.6 1317
1767291739661 86945.6 1318
1767291740683 86945.6 1319
1767291741709 86945.6 1320
1767291742730 86945.6 1321
1767291743751 86945.6 1322
1767291744772 86945.6 1323
1767291745793 86945.6 1324
1767291746816 86945.6 1325
1767291747838 86945.6 1326
1767291748867 86945.6 1327
1767291749890 86945.6 1328
1767291750911 86945.6 1329
1767291751931 86945.6 1330
1767291752954 86945.6 1331
1767291753977 86945.6 1332
1767291754999 86945.6 1333
1767291756027 86945.7 1334
1767291757051 86945.7 1335
1767291758073 86945.7 1336
1767291759093 86945.7 1337
1767291760115 86945.7 1338
1767291761137 86945.7 1339
1767291762161 86945.7 1340
1767291763184 86945.7 1341
1767291764206 86945.7 1342
1767291765228 86945.7 1343
1767291766257 86945.7 1344
1767291767278 86945.7 1345
1767291768316 86945.7 1346
1767291769338 86945.7 1347
1767291773293 86945.7 1348
1767291774317 86945.7 1349
1767291775339 86945.7 1350
1767291776361 86945.7 1351
1767291777385 86945.7 1352
1767291778413 86945.7 1353
1767291779434 86945.7 1354
1767291780455 86945.7 1355
1767291781480 86945.7 1356
1767291782501 86945.7 1357
1767291783526 86945.7 1358
1767291784553 86945.7 1359
1767291785580 86945.7 1360
1767291786601 86945.7 1361
1767291787625 86945.7 1362
1767291788647 86945.7 1363
1767291789671 86945.7 1364
1767291790699 86945.7 1365
1767291791720 86945.7 1366
1767291792742 86945.7 1367
1767291793898 86945.7 1368
1767291794923 86945.7 1369
1767291795945 86945.7 1370
1767291796970 86945.7 1371
1767291798011 86945.7 1372
1767291799037 86945.7 1373
1767291800059 86945.7 1374
1767291801082 86945.7 1375
1767291802111 86945.7 1376
1767291803132 86945.7 1377
1767291804154 86945.7 1378
1767291805178 86945.7 1379
1767291809128 86945.7 1380
1767291810150 86945.7 1381
1767291811184 86945.7 1382
1767291812214 86945.7 1383
1767291813238 86945.7 1384
1767291814260 86945.7 1385
1767291815284 86945.7 1386
1767291816306 86945.7 1387
1767291817328 86945.7 1388
1767291818352 86945.7 1389
1767291819374 86945.7 1390
1767291820397 86945.7 1391
1767291821426 86945.7 1392
1767291822450 86945.7 1393
1767291823471 86945.7 1394
1767291824493 86945.7 1395
1767291825516 86945.7 1396
1767291826541 86945.7 1397
1767291827563 86945.7 1398
1767291828587 86945.7 1399
1767291829610 86945.7 1400
1767291830638 86945.7 1401
1767291831660 86945.7 1402
1767291832682 86945.7 1403
1767291833704 86945.7 1404
1767291834729 86945.7 1405
1767291835752 86945.7 1406
1767291836781 86945.7 1407
1767291837803 86945.7 1408
1767291838826 86945.7 1409
1767291839848 86945.7 1410
1767291843800 86945.7 1411
1767291844825 86945.7 1412
1767291845848 86945.7 1413
1767291846873 86945.7 1414
1767291847901 86945.7 1415
1767291848923 86945.7 1416
1767291849946 86945.7 1417
1767291850970 86945.7 1418
1767291851993 86945.7 1419
1767291853025 86945.7 1420
1767291854048 86945.7 1421
1767291855072 86945.7 1422
1767291856094 86945.7 1423
1767291857121 86945.7 1424
1767291858145 86945.7 1425
1767291859171 86945.7 1426
1767291860201 86945.7 1427
1767291861224 86945.7 1428
1767291862247 86945.7 1429
1767291863285 86945.7 1430
1767291864321 86945.7 1431
1767291865349 86945.7 1432
1767291866376 86945.7 1433
1767291867404 86945.7 1434
1767291868427 86945.7 1435
1767291869453 86945.7 1436
1767291870478 86945.7 1437
1767291871506 86945.7 1438
1767291872531 86945.7 1439
1767291873562 86945.7 1440
1767291874585 86945.7 1441
1767291875612 86945.7 1442
1767291879561 86945.7 1443
1767291880590 86945.7 1444
1767291881620 86945.7 1445
1767291882644 86945.7 1446
1767291883670 86945.7 1447
1767291884695 86945.7 1448
1767291885720 86945.7 1449
1767291886750 86945.7 1450
1767291887773 86945.7 1451
1767291888796 86945.7 1452
1767291889822 86945.7 1453
1767291890846 86945.7 1454
1767291891869 86945.7 1455
1767291892896 86945.7 1456
1767291893927 86945.7 1457
1767291894952 86945.7 1458
1767291895975 86945.7 1459
1767291897000 86945.7 1460
1767291898026 86945.7 1461
1767291899050 86945.7 1462
1767291900074 86945.7 1463
1767291901104 86945.7 1464
1767291902128 86945.7 1465
1767291903151 86945.7 1466
1767291904174 86945.7 1467
1767291905199 86945.7 1468
1767291906225 86945.7 1469
1767291907248 86945.7 1470
1767291908278 86945.7 1471
1767291909302 86945.7 1472
1767291910325 86945.7 1473
1767291914281 86945.7 1474
1767291915304 86945.7 1475
1767291916330 86945.7 1476
1767291917354 86945.7 1477
1767291918379 86945.7 1478
1767291919409 86945.7 1479
1767291920431 86945.7 1480
1767291921455 86945.7 1481
1767291922481 86945.7 1482
1767291923505 86945.7 1483
1767291924538 86945.7 1484
1767291925562 86945.7 1485
1767291926586 86945.7 1486
1767291927610 86945.7 1487
1767291928637 86945.7 1488
1767291929661 86945.7 1489
1767291930687 86945.7 1490
1767291931717 86945.7 1491
1767291932744 86945.7 1492
1767291933769 86945.7 1493
1767291934798 86945.7 1494
1767291935824 86945.7 1495
1767291936852 86945.7 1496
1767291937885 86945.7 1497
1767291938909 86945.7 1498
1767291939933 86945.7 1499
1767291940956 86945.7 1500
1767291941983 86945.7 1501
1767291943009 86945.7 1502
1767291944033 86945.7 1503
1767291945064 86945.7 1504
1767291946088 86945.7 1505
1767291950035 86945.7 1506
1767291951058 86945.7 1507
1767291952082 86945.7 1508
1767291953108 86945.7 1509
1767291954133 86945.7 1510
1767291955157 86945.7 1511
1767291956182 86945.7 1512
1767291957212 86945.7 1513
1767291958235 86945.7 1514
1767291959258 86945.7 1515
1767291960282 86945.7 1516
1767291961307 86945.7 1517
1767291962332 86945.7 1518
1767291963365 86945.7 1519
1767291964393 86945.7 1520
1767291965424 86945.7 1521
1767291966447 86945.7 1522
1767291967472 86945.7 1523
1767291968495 86945.7 1524
1767291969523 86945.7 1525
1767291970547 86945.7 1526
1767291971576 86945.7 1527
1767291972601 86945.7 1528
1767291973625 86945.7 1529
1767291974649 86945.7 1530
1767291975675 86945.7 1531
1767291976700 86945.7 1532
1767291977738 86945.7 1533
1767291978763 86945.7 1534
1767291979786 86945.7 1535
1767291980810 86945.7 1536
1767291984776 86945.7 1537
1767291985803 86945.7 1538
1767291986834 86945.7 1539
1767291987861 86945.7 1540
1767291988890 86945.7 1541
1767291989914 86945.7 1542
1767291990939 86945.7 1543
1767291991965 86945.7 1544
1767291992989 86945.7 1545
1767291994016 86945.7 1546
1767291995046 86945.7 1547
1767291996069 86945.7 1548
1767291997093 86945.7 1549
1767291998120 86945.7 1550
1767291999145 86945.7 1551
1767292000172 86945.7 1552
1767292001276 86945.7 1553
1767292002304 86945.7 1554
1767292003789 86945.7 1555
1767292004820 86945.7 1556
1767292005939 86945.7 1557
1767292006969 86945.8 1558
1767292007995 86945.7 1559
1767292009021 86945.7 1560
1767292010053 86945.7 1561
1767292011078 86945.7 1562
1767292012102 86945.7 1563
1767292013128 86945.7 1564
1767292014157 86945.7 1565
1767292015182 86945.7 1566
1767292016216 86945.7 1567
1767292020173 86945.7 1568
1767292021198 86945.7 1569
1767292022227 86945.7 1570
1767292023252 86945.7 1571
1767292024277 86945.7 1572
1767292025306 86945.7 1573
1767292026337 86945.7 1574
1767292027366 86945.7 1575
1767292028392 86945.7 1576
1767292029420 86945.7 1577
1767292030445 86945.7 1578
1767292031472 86945.8 1579
1767292032504 86945.8 1580
1767292033532 86945.8 1581
1767292034558 86945.8 1582
1767292035584 86945.8 1583
1767292036609 86945.8 1584
1767292037639 86945.8 1585
1767292038671 86945.8 1586
1767292039697 86945.8 1587
1767292040727 86945.8 1588
1767292041756 86945.8 1589
1767292042781 86945.8 1590
1767292043808 86945.8 1591
1767292044839 86945.8 1592
1767292045864 86945.8 1593
1767292046892 86945.8 1594
1767292047921 86945.8 1595
1767292048948 86945.8 1596
1767292049975 86945.8 1597
1767292051000 86945.8 1598
1767292054956 86945.8 1599
1767292055982 86945.8 1600
1767292057009 86945.8 1601
1767292058041 86945.8 1602
1767292059066 86945.8 1603
1767292060095 86945.8 1604
1767292061122 86945.8 1605
1767292062148 86945.8 1606
1767292063185 86945.8 1607
1767292064210 86945.8 1608
1767292065239 86945.8 1609
1767292066264 86945.8 1610
1767292067294 86945.8 1611
1767292068325 86945.8 1612
1767292069352 86945.8 1613
1767292070380 86945.8 1614
1767292071431 86945.8 1615
1767292072471 86945.8 1616
1767292073501 86945.8 1617
1767292074527 86945.8 1618
1767292075567 86945.8 1619
1767292076595 86945.8 1620
1767292077621 86945.8 1621
1767292078648 86945.8 1622
1767292079685 86945.8 1623
1767292080712 86945.8 1624
1767292081737 86945.8 1625
1767292082763 86945.8 1626
1767292083789 86945.8 1627
1767292084816 86945.8 1628
1767292085844 86945.8 1629
1767292086870 86945.8 1630
1767292090824 86945.8 1631
1767292091850 86945.8 1632
1767292092876 86945.8 1633
1767292093902 86945.8 1634
1767292094928 86945.8 1635
1767292095952 86945.8 1636
1767292096982 86945.8 1637
1767292098008 86945.8 1638
1767292099039 86945.8 1639
1767292100065 86945.8 1640
1767292101090 86945.8 1641
1767292102115 86945.8 1642
1767292103139 86945.8 1643
1767292104172 86945.8 1644
1767292105199 86945.8 1645
1767292106228 86945.8 1646
1767292107259 86945.8 1647
1767292108285 86945.8 1648
1767292109309 86945.8 1649
1767292110337 86945.8 1650
1767292111372 86945.8 1651
1767292112400 86945.8 1652
1767292113426 86945.8 1653
1767292114452 86945.8 1654
1767292115480 86945.8 1655
1767292116505 86945.8 1656
1767292117535 86945.8 1657
1767292118567 86945.8 1658
1767292119592 86945.8 1659
1767292120617 86945.8 1660
1767292121644 86945.8 1661
1767292125607 86945.8 1662
1767292126640 86945.8 1663
1767292127666 86945.8 1664
1767292128692 86945.8 1665
1767292129717 86945.8 1666
1767292130743 86945.8 1667
1767292131771 86945.8 1668
1767292132800 86945.8 1669
1767292133832 86945.8 1670
1767292134857 86945.8 1671
1767292135883 86945.8 1672
1767292136912 86945.8 1673
1767292137938 86945.8 1674
1767292138965 86945.8 1675
1767292140446 86945.8 1676
1767292141483 86945.8 1677
1767292142512 86945.8 1678
1767292143538 86945.8 1679
1767292144567 86945.8 1680
1767292145599 86945.8 1681
1767292146626 86945.8 1682
1767292147654 86945.8 1683
1767292148686 86945.8 1684
1767292149714 86945.8 1685
1767292150739 86945.8 1686
1767292151768 86945.8 1687
1767292152794 86945.8 1688
1767292153822 86945.8 1689
1767292154856 86945.8 1690
1767292155882 86945.8 1691
1767292156908 86945.8 1692
1767292160871 86945.8 1693
1767292161899 86945.8 1694
1767292162926 86945.8 1695
1767292163964 86945.8 1696
1767292164989 86945.8 1697
1767292166019 86945.8 1698
1767292167047 86945.8 1699
1767292168074 86945.8 1700
1767292169102 86945.8 1701
1767292170135 86945.8 1702
1767292171161 86945.8 1703
1767292172193 86945.8 1704
1767292173220 86945.8 1705
1767292174260 86945.8 1706
1767292175288 86945.8 1707
1767292176315 86945.8 1708
1767292177343 86945.8 1709
1767292178369 86945.8 1710
1767292179397 86945.8 1711
1767292180430 86945.8 1712
1767292181458 86945.8 1713
1767292182488 86945.8 1714
1767292183515 86945.8 1715
1767292184544 86945.8 1716
1767292185576 86945.8 1717
1767292186602 86945.8 1718
1767292187632 86945.8 1719
1767292188658 86945.8 1720
1767292189686 86945.8 1721
1767292190720 86945.8 1722
1767292191746 86945.8 1723
1767292195701 86945.8 1724
1767292196731 86945.8 1725
1767292197758 86945.8 1726
1767292198786 86945.8 1727
1767292199819 86945.8 1728
1767292200846 86945.8 1729
1767292201874 86945.8 1730
1767292202902 86945.8 1731
1767292203930 86945.8 1732
1767292204959 86945.8 1733
1767292205993 86945.8 1734
1767292207020 86945.8 1735
1767292208048 86945.8 1736
1767292209075 86945.8 1737
1767292210102 86945.8 1738
1767292211142 86945.8 1739
1767292212174 86945.8 1740
1767292213203 86945.8 1741
1767292214234 86945.8 1742
1767292215263 86945.8 1743
1767292216290 86945.8 1744
1767292217321 86945.8 1745
1767292218350 86945.8 1746
1767292219388 86945.8 1747
1767292220422 86945.8 1748
1767292221451 86945.8 1749
1767292222478 86945.8 1750
1767292223514 86945.8 1751
1767292224557 86945.8 1752
1767292225587 86945.8 1753
1767292226614 86945.8 1754
1767292230578 86945.8 1755
1767292231607 86945.8 1756
1767292232641 86945.8 1757
1767292233671 86945.8 1758
1767292234714 86945.8 1759
1767292235740 86945.8 1760
1767292236766 86945.8 1761
1767292237792 86945.8 1762
1767292238821 86945.8 1763
1767292239869 86945.8 1764
1767292240905 86945.8 1765
1767292241939 86945.8 1766
1767292242968 86945.8 1767
1767292243994 86945.8 1768
1767292245027 86945.8 1769
1767292246076 86945.8 1770
1767292247103 86945.8 1771
1767292248138 86945.8 1772
1767292249182 86945.8 1773
1767292250209 86945.8 1774
1767292251236 86945.8 1775
1767292252270 86945.8 1776
1767292253299 86945.8 1777
1767292254335 86945.8 1778
1767292255365 86945.8 1779
1767292256393 86945.8 1780
1767292257429 86945.8 1781
1767292258466 86945.8 1782
1767292259497 86945.8 1783
1767292260523 86945.8 1784
1767292261550 86945.8 1785
1767292262579 86945.8 1786
1767292266533 86945.8 1787
1767292267563 86945.8 1788
1767292268610 86945.8 1789
1767292269641 86945.8 1790
1767292270675 86945.8 1791
1767292271702 86945.8 1792
1767292272729 86945.8 1793
1767292273756 86945.8 1794
1767292274785 86945.8 1795
1767292275812 86945.8 1796
1767292276840 86945.8 1797
1767292277868 86945.8 1798
1767292278897 86945.8 1799
1767292279926 86945.8 1800
1767292280957 86945.8 1801
1767292282003 86945.8 1802
1767292283032 86945.8 1803
1767292284059 86945.8 1804
1767292285088 86945.8 1805
1767292286115 86945.8 1806
1767292287144 86945.8 1807
1767292288188 86945.8 1808
1767292289217 86945.8 1809
1767292290245 86945.8 1810
1767292291281 86945.8 1811
1767292292309 86945.8 1812
1767292293337 86945.8 1813
1767292294377 86945.8 1814
1767292295403 86945.8 1815
1767292296435 86945.8 1816
1767292297462 86945.8 1817
1767292301423 86945.8 1818
1767292302461 86945.8 1819
1767292303489 86945.8 1820
1767292304521 86945.8 1821
1767292305557 86945.8 1822
1767292306589 86945.8 1823
1767292307619 86945.8 1824
1767292308662 86945.8 1825
1767292309701 86945.8 1826
1767292310732 86945.8 1827
1767292311760 86945.8 1828
1767292312788 86945.8 1829
1767292313818 86945.8 1830
1767292314854 86945.8 1831
1767292315883 86945.8 1832
1767292316911 86945.8 1833
1767292317944 86945.8 1834
1767292318972 86945.8 1835
1767292320026 86945.8 1836
1767292321056 86945.8 1837
1767292322086 86945.8 1838
1767292323126 86945.8 1839
1767292324156 86945.8 1840
1767292325187 86945.8 1841
1767292326215 86945.8 1842
1767292327243 86945.8 1843
1767292328273 86945.8 1844
1767292329302 86945.8 1845
1767292330330 86945.8 1846
1767292331358 86945.8 1847
1767292332390 86945.8 1848
1767292336359 86945.8 1849
1767292337407 86945.8 1850
1767292338458 86945.8 1851
1767292339489 86945.8 1852
1767292340517 86945.8 1853
1767292341560 86945.8 1854
1767292342591 86945.8 1855
1767292343621 86945.8 1856
1767292344654 86945.8 1857
1767292345683 86945.8 1858
1767292346714 86945.8 1859
1767292347742 86945.8 1860
1767292348783 86945.8 1861
1767292349811 86945.8 1862
1767292350839 86945.8 1863
1767292351868 86945.8 1864
1767292352913 86945.8 1865
1767292353944 86945.8 1866
1767292354972 86945.8 1867
1767292356022 86945.8 1868
1767292357065 86945.8 1869
1767292358095 86945.8 1870
1767292359123 86945.8 1871
1767292360159 86945.8 1872
1767292361189 86945.8 1873
1767292362216 86945.8 1874
1767292363261 86945.8 1875
1767292364289 86945.8 1876
1767292365320 86945.8 1877
1767292366350 86945.8 1878
1767292367379 86945.8 1879
1767292371347 86945.8 1880
1767292372378 86945.8 1881
1767292373409 86945.8 1882
1767292374437 86945.8 1883
1767292375483 86945.8 1884
1767292376518 86945.8 1885
1767292377547 86945.8 1886
1767292378579 86945.8 1887
1767292379620 86945.8 1888
1767292380658 86945.8 1889
1767292381692 86945.8 1890
1767292382721 86945.8 1891
1767292383763 86945.8 1892
1767292384793 86945.8 1893
1767292385832 86945.8 1894
1767292386875 86945.8 1895
1767292387907 86945.8 1896
1767292388947 86945.8 1897
1767292389982 86945.8 1898
1767292391013 86945.8 1899
1767292392043 86945.8 1900
1767292393089 86945.8 1901
1767292394120 86945.8 1902
1767292395152 86945.8 1903
1767292396194 86945.8 1904
1767292397223 86945.8 1905
1767292398256 86945.8 1906
1767292399293 86945.8 1907
1767292400330 86945.8 1908
1767292401361 86945.8 1909
1767292402392 86945.8 1910
1767292403431 86945.8 1911
1767292407387 86945.8 1912
1767292408419 86945.8 1913
1767292409449 86945.8 1914
1767292410496 86945.8 1915
1767292411528 86945.8 1916
1767292412873 86945.8 1917
1767292413904 86945.8 1918
1767292414936 86945.8 1919
1767292415980 86945.8 1920
1767292417013 86945.8 1921
1767292418044 86945.8 1922
1767292419094 86945.8 1923
1767292420124 86945.8 1924
1767292421162 86945.8 1925
1767292422194 86945.8 1926
1767292423223 86945.8 1927
1767292424264 86945.8 1928
1767292425295 86945.8 1929
1767292426327 86945.8 1930
1767292427371 86945.8 1931
1767292428399 86945.8 1932
1767292429429 86945.8 1933
1767292430459 86945.8 1934
1767292431489 86945.8 1935
1767292432536 86945.8 1936
1767292433582 86945.8 1937
1767292434629 86945.8 1938
1767292435658 86945.8 1939
1767292436690 86945.8 1940
1767292437722 86945.8 1941
1767292441681 86945.8 1942
1767292442711 86945.8 1943
1767292443753 86945.8 1944
1767292444792 86945.8 1945
1767292445822 86945.8 1946
1767292446861 86945.8 1947
1767292447903 86945.8 1948
1767292448937 86945.8 1949
1767292449965 86945.8 1950
1767292450994 86945.8 1951
1767292452040 86945.8 1952
1767292453073 86945.8 1953
1767292454109 86945.8 1954
1767292455144 86945.8 1955
1767292456178 86945.8 1956
1767292457207 86945.8 1957
1767292458236 86945.8 1958
1767292459274 86945.8 1959
1767292460324 86945.9 1960
1767292461368 86945.9 1961
1767292462420 86945.9 1962
1767292463451 86945.9 1963
1767292464484 86945.9 1964
1767292465515 86945.9 1965
1767292466545 86945.9 1966
1767292467585 86945.9 1967
1767292468623 86945.9 1968
1767292469663 86945.9 1969
1767292470692 86945.9 1970
1767292471722 86945.9 1971
1767292472754 86945.9 1972
1767292473786 86945.9 1973
1767292477747 86945.9 1974
1767292478778 86945.9 1975
1767292479819 86945.9 1976
1767292480852 86945.9 1977
1767292481882 86945.9 1978
1767292482914 86945.9 1979
1767292483944 86945.9 1980
1767292484974 86945.9 1981
1767292486006 86945.9 1982
1767292487037 86945.9 1983
1767292488066 86945.9 1984
1767292489095 86945.9 1985
1767292490138 86945.9 1986
1767292491170 86945.9 1987
1767292492202 86945.9 1988
1767292493232 86945.9 1989
1767292494275 86945.9 1990
1767292495305 86945.9 1991
1767292496338 86945.9 1992
1767292497370 86945.9 1993
1767292498402 86945.9 1994
1767292499445 86945.9 1995
1767292500475 86945.9 1996
1767292501523 86945.9 1997
1767292502563 86945.9 1998
1767292503592 86945.9 1999
1767292504626 86945.9 2000
1767292505671 86945.9 2001
1767292506701 86945.9 2002
1767292507736 86945.9 2003
1767292508787 86945.9 2004
1767292512749 86945.9 2005
1767292513780 86945.9 2006
1767292514810 86945.9 2007
1767292515840 86945.9 2008
1767292516870 86945.9 2009
1767292517924 86945.9 2010
1767292518954 86945.9 2011
1767292519996 86945.9 2012
1767292521027 86945.9 2013
1767292522065 86945.9 2014
1767292523095 86945.9 2015
1767292524128 86945.9 2016
1767292525157 86945.9 2017
1767292526193 86945.9 2018
1767292527226 86945.9 2019
1767292528271 86945.9 2020
1767292529314 86945.9 2021
1767292530347 86945.9 2022
1767292531382 86945.9 2023
1767292532417 86945.9 2024
1767292533450 86945.9 2025
1767292534483 86945.9 2026
1767292535532 86945.9 2027
1767292536570 86945.9 2028
1767292537600 86945.9 2029
1767292538631 86945.9 2030
1767292539665 86945.9 2031
1767292540696 86945.9 2032
1767292541726 86945.9 2033
1767292542759 86945.9 2034
1767292543793 86945.9 2035
1767292547758 86945.9 2036
1767292548793 86945.9 2037
1767292549824 86945.9 2038
1767292550858 86945.9 2039
1767292551901 86945.9 2040
1767292552931 86945.9 2041
1767292553965 86945.9 2042
1767292554996 86945.9 2043
1767292556029 86945.9 2044
1767292557061 86945.9 2045
1767292558092 86945.9 2046
1767292559124 86945.9 2047
1767292560155 86945.9 2048
1767292561188 86945.9 2049
1767292562218 86945.9 2050
1767292563249 86945.9 2051
1767292564280 86945.9 2052
1767292565311 86945.9 2053
1767292566341 86945.9 2054
1767292567372 86945.9 2055
1767292568405 86945.9 2056
1767292569435 86945.9 2057
1767292570468 86945.9 2058
1767292571501 86945.9 2059
1767292572536 86945.9 2060
1767292573572 86945.9 2061
1767292574607 86945.9 2062
1767292575647 86945.9 2063
1767292576682 86945.9 2064
1767292577997 86945.9 2065
1767292579029 86945.9 2066
1767292582987 86945.9 2067
1767292584018 86945.9 2068
1767292585054 86945.9 2069
1767292586087 86945.9 2070
1767292587117 86945.9 2071
1767292588150 86945.9 2072
1767292589184 86945.9 2073
1767292590218 86945.9 2074
1767292591249 86945.9 2075
1767292592285 86945.9 2076
1767292593331 86945.9 2077
1767292594363 86945.9 2078
1767292595395 86945.9 2079
1767292596425 86945.9 2080
1767292597457 86945.9 2081
1767292598491 86945.9 2082
1767292599521 86945.9 2083
1767292600554 86945.9 2084
1767292601602 86945.9 2085
1767292602649 86945.9 2086
1767292603689 86945.9 2087
1767292604720 86945.9 2088
1767292605772 86945.9 2089
1767292606804 86945.9 2090
1767292607835 86945.9 2091
1767292608867 86945.9 2092
1767292609898 86945.9 2093
1767292610932 86945.9 2094
1767292611967 86945.9 2095
1767292612999 86945.9 2096
1767292614032 86945.9 2097
1767292617993 86945.9 2098
1767292619028 86945.9 2099
1767292620059 86945.9 2100
1767292621094 86945.9 2101
1767292622126 86945.9 2102
1767292623157 86945.9 2103
1767292624200 86945.9 2104
1767292625233 86945.9 2105
1767292626267 86945.9 2106
1767292627311 86945.9 2107
1767292628352 86945.9 2108
1767292629394 86945.9 2109
1767292630426 86945.9 2110
1767292631459 86945.9 2111
1767292632502 86945.9 2112
1767292633547 86945.9 2113
1767292634580 86945.9 2114
1767292635616 86945.9 2115
1767292636647 86945.9 2116
1767292637680 86945.9 2117
1767292638711 86945.9 2118
1767292639743 86945.9 2119
1767292640777 86945.9 2120
1767292641808 86945.9 2121
1767292642853 86945.9 2122
1767292643904 86945.9 2123
1767292644939 86945.9 2124
1767292645973 86945.9 2125
1767292647004 86945.9 2126
1767292648041 86945.9 2127
1767292649086 86945.9 2128
1767292653053 86945.9 2129
1767292654089 86945.9 2130
1767292655128 86945.9 2131
1767292656165 86945.9 2132
1767292657199 86945.9 2133
1767292658231 86945.9 2134
1767292659264 86945.9 2135
1767292660297 86945.9 2136
1767292661329 86945.9 2137
1767292662362 86945.9 2138
1767292663395 86945.9 2139
1767292664428 86945.9 2140
1767292665472 86945.9 2141
1767292666504 86945.9 2142
1767292667538 86945.9 2143
1767292668572 86945.9 2144
1767292669604 86945.9 2145
1767292670639 86945.9 2146
1767292671673 86945.9 2147
1767292672709 86945.9 2148
1767292673746 86945.9 2149
1767292674791 86945.9 2150
1767292675829 86945.9 2151
1767292676861 86945.9 2152
1767292677895 86945.9 2153
1767292678928 86945.9 2154
1767292679962 86945.9 2155
1767292681000 86945.9 2156
1767292682033 86945.9 2157
1767292683066 86945.9 2158
1767292684099 86945.9 2159
1767292688058 86945.9 2160
1767292689110 86945.9 2161
1767292690144 86945.9 2162
1767292691178 86945.9 2163
1767292692211 86945.9 2164
1767292693245 86945.9 2165
1767292694278 86945.9 2166
1767292695311 86945.9 2167
1767292696345 86945.9 2168
1767292697380 86945.9 2169
1767292698415 86945.9 2170
1767292699455 86945.9 2171
1767292700492 86945.9 2172
1767292701529 86945.9 2173
1767292702574 86945.9 2174
1767292703613 86945.9 2175
1767292704673 86945.9 2176
1767292705718 86945.9 2177
1767292706756 86945.9 2178
1767292707799 86945.9 2179
1767292708834 86945.9 2180
1767292709866 86945.9 2181
1767292710899 86945.9 2182
1767292711932 86945.9 2183
1767292712966 86945.9 2184
1767292714004 86945.9 2185
1767292715045 86945.9 2186
1767292716091 86945.9 2187
1767292717127 86945.9 2188
1767292718169 86945.9 2189
1767292719202 86945.9 2190
1767292723176 86945.9 2191
1767292724219 86945.9 2192
1767292725256 86945.9 2193
1767292726289 86945.9 2194
1767292727323 86945.9 2195
1767292728357 86945.9 2196
1767292729390 86945.9 2197
1767292730433 86945.9 2198
1767292731467 86945.9 2199
1767292732500 86945.9 2200
1767292733539 86945.9 2201
1767292734586 86945.9 2202
1767292735644 86945.9 2203
1767292736683 86945.9 2204
1767292737716 86945.9 2205
1767292738748 86945.9 2206
1767292739800 86945.9 2207
1767292740835 86945.9 2208
1767292741868 86945.9 2209
1767292742902 86945.9 2210
1767292743937 86945.9 2211
1767292744969 86945.9 2212
1767292746003 86945.9 2213
1767292747036 86945.9 2214
1767292748078 86945.9 2215
1767292749115 86945.9 2216
1767292750153 86945.9 2217
1767292751186 86945.9 2218
1767292752220 86945.9 2219
1767292753254 86945.9 2220
1767292754299 86945.9 2221
1767292758260 86945.9 2222
1767292759298 86945.9 2223
1767292760332 86945.9 2224
1767292761368 86945.9 2225
1767292762410 86945.9 2226
1767292763450 86945.9 2227
1767292764486 86945.9 2228
1767292765532 86945.9 2229
1767292766567 86945.9 2230
1767292767604 86945.9 2231
1767292768638 86945.9 2232
1767292769676 86945.9 2233
1767292770709 86945.9 2234
1767292771748 86945.9 2235
1767292773063 86945.9 2236
1767292774096 86945.9 2237
1767292775129 86945.9 2238
1767292776164 86945.9 2239
1767292777201 86945.9 2240
1767292778237 86945.9 2241
1767292779285 86945.9 2242
1767292780324 86945.9 2243
1767292781370 86945.9 2244
1767292782404 86945.9 2245
1767292783439 86945.9 2246
1767292784477 86945.9 2247
1767292785512 86945.9 2248
1767292786551 86945.9 2249
1767292787590 86945.9 2250
1767292788631 86945.9 2251
1767292789685 86945.9 2252
1767292793661 86945.9 2253
1767292794700 86945.9 2254
1767292795734 86945.9 2255
1767292796770 86945.9 2256
1767292797806 86945.9 2257
1767292798845 86945.9 2258
1767292799886 86945.9 2259
1767292800926 86945.9 2260
1767292801964 86945.9 2261
1767292803002 86945.9 2262
1767292804041 86945.9 2263
1767292805085 86945.9 2264
1767292806129 86945.9 2265
1767292807164 86945.9 2266
1767292808199 86945.9 2267
1767292809235 86945.9 2268
1767292810288 86945.9 2269
1767292811324 86945.9 2270
1767292812375 86945.9 2271
1767292813412 86945.9 2272
1767292814446 86945.9 2273
1767292815480 86945.9 2274
1767292816518 86945.9 2275
1767292817553 86945.9 2276
1767292818589 86945.9 2277
1767292819635 86945.9 2278
1767292820671 86945.9 2279
1767292821707 86945.9 2280
1767292822744 86945.9 2281
1767292823784 86945.9 2282
1767292824823 86945.9 2283
1767292828807 86945.9 2284
1767292829844 86945.9 2285
1767292830880 86945.9 2286
1767292831917 86945.9 2287
1767292832954 86945.9 2288
1767292833993 86945.9 2289
1767292835039 86945.9 2290
1767292836075 86945.9 2291
1767292837122 86945.9 2292
1767292838159 86945.9 2293
1767292839205 86945.9 2294
1767292840241 86945.9 2295
1767292841281 86945.9 2296
1767292842321 86945.9 2297
1767292843368 86945.9 2298
1767292844403 86945.9 2299
1767292845437 86945.9 2300
1767292846476 86945.9 2301
1767292847511 86945.9 2302
1767292848546 86945.9 2303
1767292849581 86945.9 2304
1767292850615 86946.0 2305
1767292851649 86946.0 2306
1767292852683 86946.0 2307
1767292853722 86946.0 2308
1767292854759 86946.0 2309
1767292855805 86946.0 2310
1767292856839 86946.0 2311
1767292857877 86946.0 2312
1767292858927 86946.0 2313
1767292859962 86946.0 2314
1767292863919 86946.0 2315
1767292864954 86946.0 2316
1767292865989 86946.0 2317
1767292867041 86946.0 2318
1767292868078 86946.0 2319
1767292869121 86946.0 2320
1767292870155 86946.0 2321
1767292871211 86946.0 2322
1767292872248 86946.0 2323
1767292873294 86946.0 2324
1767292874613 86946.0 2325
1767292875649 86946.0 2326
1767292876697 86946.0 2327
1767292877733 86946.0 2328
1767292878786 86946.0 2329
1767292879822 86946.0 2330
1767292880868 86946.0 2331
1767292881912 86946.0 2332
1767292882973 86946.0 2333
1767292884016 86946.0 2334
1767292885050 86946.0 2335
1767292886086 86946.0 2336
1767292887125 86946.0 2337
1767292888162 86946.0 2338
1767292889201 86946.0 2339
1767292890240 86946.0 2340
1767292891286 86946.0 2341
1767292892326 86946.0 2342
1767292893362 86946.0 2343
1767292894398 86946.0 2344
1767292895437 86946.0 2345
1767292899429 86946.0 2346
1767292900466 86946.0 2347
1767292901521 86946.0 2348
1767292902558 86946.0 2349
1767292903603 86946.0 2350
1767292904641 86946.0 2351
1767292905677 86946.0 2352
1767292906718 86946.0 2353
1767292907754 86946.0 2354
1767292908791 86946.0 2355
1767292909826 86946.0 2356
1767292910863 86946.0 2357
1767292911900 86946.0 2358
1767292912936 86946.0 2359
1767292913973 86946.0 2360
1767292915011 86946.0 2361
1767292916047 86946.0 2362
1767292917094 86946.0 2363
1767292918139 86946.0 2364
1767292919184 86946.0 2365
1767292920219 86946.0 2366
1767292921254 86946.0 2367
1767292922290 86946.0 2368
1767292923330 86946.0 2369
1767292924377 86946.0 2370
1767292925429 86946.0 2371
1767292926467 86946.0 2372
1767292927507 86946.0 2373
1767292928549 86946.0 2374
1767292929586 86946.0 2375
1767292930621 86946.0 2376
1767292934601 86946.0 2377
1767292935643 86946.0 2378
1767292936679 86946.0 2379
1767292937717 86946.0 2380
1767292938753 86946.0 2381
1767292939793 86946.0 2382
1767292940830 86946.0 2383
1767292941867 86946.0 2384
1767292943222 86946.0 2385
1767292944257 86946.0 2386
1767292945293 86946.0 2387
1767292946335 86946.0 2388
1767292947372 86946.0 2389
1767292948411 86946.0 2390
1767292949449 86946.0 2391
1767292950489 86946.0 2392
1767292951527 86946.0 2393
1767292952564 86946.0 2394
1767292953604 86946.0 2395
1767292954642 86946.0 2396
1767292955698 86946.0 2397
1767292956736 86946.0 2398
1767292957785 86946.0 2399
1767292958827 86946.0 2400
1767292959884 86946.0 2401
1767292960931 86946.0 2402
1767292961987 86946.0 2403
1767292963024 86946.0 2404
1767292964065 86946.0 2405
1767292965101 86946.0 2406
1767292966139 86946.0 2407
1767292970108 86946.0 2408
1767292971150 86946.0 2409
1767292972195 86946.0 2410
1767292973236 86946.0 2411
1767292974275 86946.0 2412
1767292975313 86946.0 2413
1767292976349 86946.0 2414
1767292977384 86946.0 2415
1767292978420 86946.0 2416
1767292979459 86946.0 2417
1767292980497 86946.0 2418
1767292981534 86946.0 2419
1767292982571 86946.0 2420
1767292983624 86946.0 2421
1767292984664 86946.0 2422
1767292985723 86946.0 2423
1767292986770 86946.0 2424
1767292987806 86946.0 2425
1767292988843 86946.0 2426
1767292989883 86946.0 2427
1767292990920 86946.0 2428
1767292991958 86946.0 2429
1767292992995 86946.0 2430
1767292994034 86946.0 2431
1767292995073 86946.0 2432
1767292996111 86946.0 2433
1767292997150 86946.0 2434
1767292998186 86946.0 2435
1767292999223 86946.0 2436
1767293000261 86946.0 2437
1767293001300 86946.0 2438
1767293005269 86946.0 2439
1767293006307 86946.0 2440
1767293007342 86946.0 2441
1767293008389 86946.0 2442
1767293009438 86946.0 2443
1767293010475 86946.0 2444
1767293011513 86946.0 2445
1767293012548 86946.0 2446
1767293013609 86946.0 2447
1767293014644 86946.0 2448
1767293015681 86946.0 2449
1767293016722 86946.0 2450
1767293017760 86946.0 2451
1767293018800 86946.0 2452
1767293019836 86946.0 2453
1767293020873 86946.0 2454
1767293021916 86946.0 2455
1767293022955 86946.0 2456
1767293023993 86946.0 2457
1767293025035 86946.0 2458
1767293026072 86946.0 2459
1767293027113 86946.0 2460
1767293028157 86946.0 2461
1767293029193 86946.0 2462
1767293030242 86946.0 2463
1767293031277 86946.0 2464
1767293032333 86946.0 2465
1767293033380 86946.0 2466
1767293034419 86946.0 2467
1767293035459 86946.0 2468
1767293036497 86946.0 2469
1767293040483 86946.0 2470
1767293041520 86946.0 2471
1767293042556 86946.0 2472
1767293043593 86946.0 2473
1767293044629 86946.0 2474
1767293045667 86946.0 2475
1767293046705 86946.0 2476
1767293047746 86946.0 2477
1767293048795 86946.0 2478
1767293049834 86946.0 2479
1767293050874 86946.0 2480
1767293051913 86946.0 2481
1767293052964 86946.0 2482
1767293054003 86946.0 2483
1767293055039 86946.0 2484
1767293056078 86946.0 2485
1767293057118 86946.0 2486
1767293058160 86946.0 2487
1767293059200 86946.0 2488
1767293060237 86946.0 2489
1767293061274 86946.0 2490
1767293062316 86946.0 2491
1767293063358 86946.0 2492
1767293064398 86946.0 2493
1767293065437 86946.0 2494
1767293066475 86946.0 2495
1767293067512 86946.0 2496
1767293068564 86946.0 2497
1767293069603 86946.0 2498
1767293070644 86946.0 2499
1767293071681 86946.0 2500
1767293075646 86946.0 2501
1767293076686 86946.0 2502
1767293077724 86946.0 2503
1767293078761 86946.0 2504
1767293079798 86946.0 2505
1767293080839 86946.0 2506
1767293081878 86946.0 2507
1767293082916 86946.0 2508
1767293083955 86946.0 2509
1767293084993 86946.0 2510
1767293086031 86946.0 2511
1767293087094 86946.0 2512
1767293088133 86946.0 2513
1767293089171 86946.0 2514
1767293090208 86946.0 2515
1767293091249 86946.0 2516
1767293092286 86946.0 2517
1767293093331 86946.0 2518
1767293094376 86946.0 2519
1767293095416 86946.0 2520
1767293096455 86946.0 2521
1767293097496 86946.0 2522
1767293098543 86946.0 2523
1767293099583 86946.0 2524
1767293100628 86946.0 2525
1767293101671 86946.0 2526
1767293102707 86946.0 2527
1767293103745 86946.0 2528
1767293104783 86946.0 2529
1767293105823 86946.0 2530
1767293106863 86946.0 2531
1767293110832 86946.0 2532
1767293111873 86946.0 2533
1767293112912 86946.0 2534
1767293113951 86946.0 2535
1767293114989 86946.0 2536
1767293116027 86946.0 2537
1767293117068 86946.0 2538
1767293118106 86946.0 2539
1767293119160 86946.0 2540
1767293120196 86946.0 2541
1767293121235 86946.0 2542
1767293122273 86946.0 2543
1767293123326 86946.0 2544
1767293124365 86946.0 2545
1767293125411 86946.0 2546
1767293126453 86946.0 2547
1767293127493 86946.0 2548
1767293128532 86946.0 2549
1767293129572 86946.0 2550
1767293130610 86946.0 2551
1767293131650 86946.0 2552
1767293132690 86946.0 2553
1767293133729 86946.0 2554
1767293134768 86946.0 2555
1767293135815 86946.0 2556
1767293136871 86946.0 2557
1767293137909 86946.0 2558
1767293138947 86946.0 2559
1767293139987 86946.0 2560
1767293141026 86946.0 2561
1767293142063 86946.0 2562
1767293146353 86946.0 2563
1767293147413 86946.0 2564
1767293148455 86946.0 2565
1767293149497 86946.0 2566
1767293150560 86946.0 2567
1767293151602 86946.0 2568
1767293152659 86946.0 2569
1767293153707 86946.0 2570
1767293154746 86946.0 2571
1767293155788 86946.0 2572
1767293156827 86946.0 2573
1767293157865 86946.0 2574
1767293158910 86946.0 2575
1767293159949 86946.0 2576
1767293160991 86946.0 2577
1767293162031 86946.0 2578
1767293163070 86946.0 2579
1767293164113 86946.0 2580
1767293165155 86946.0 2581
1767293166215 86946.0 2582
1767293167266 86946.0 2583
1767293168305 86946.0 2584
1767293169361 86946.0 2585
1767293170408 86946.0 2586
1767293171448 86946.0 2587
1767293172492 86946.0 2588
1767293173533 86946.0 2589
1767293174593 86946.0 2590
1767293175631 86946.0 2591
1767293176671 86946.0 2592
1767293180641 86946.0 2593
1767293181679 86946.0 2594
1767293182720 86946.0 2595
1767293183765 86946.0 2596
1767293184804 86946.0 2597
1767293185845 86946.0 2598
1767293186885 86946.0 2599
1767293187924 86946.0 2600
1767293188963 86946.0 2601
1767293190008 86946.0 2602
1767293191048 86946.0 2603
1767293192087 86946.0 2604
1767293193126 86946.0 2605
1767293194167 86946.0 2606
1767293195208 86946.0 2607
1767293196247 86946.0 2608
1767293197288 86946.0 2609
1767293198332 86946.0 2610
1767293199374 86946.0 2611
1767293200433 86946.0 2612
1767293201473 86946.0 2613
1767293202513 86946.0 2614
1767293203559 86946.0 2615
1767293204617 86946.0 2616
1767293205656 86946.0 2617
1767293206695 86946.0 2618
1767293207740 86946.0 2619
1767293208778 86946.0 2620
1767293209824 86946.0 2621
1767293210865 86946.0 2622
1767293211905 86946.0 2623
1767293215877 86946.0 2624
1767293216920 86946.0 2625
1767293217979 86946.0 2626
1767293219043 86946.0 2627
1767293220088 86946.0 2628
1767293221132 86946.0 2629
1767293222182 86946.0 2630
1767293223222 86946.0 2631
1767293224261 86946.0 2632
1767293225303 86946.0 2633
1767293226342 86946.0 2634
1767293227383 86946.0 2635
1767293228434 86946.0 2636
1767293229484 86946.0 2637
1767293230523 86946.0 2638
1767293231565 86946.0 2639
1767293232605 86946.0 2640
1767293233651 86946.0 2641
1767293234690 86946.0 2642
1767293235739 86946.0 2643
1767293236803 86946.0 2644
1767293237845 86946.0 2645
1767293238889 86946.0 2646
1767293239942 86946.0 2647
1767293240987 86946.0 2648
1767293242029 86946.0 2649
1767293243080 86946.0 2650
1767293244119 86946.0 2651
1767293245160 86946.0 2652
1767293246482 86946.0 2653
1767293247524 86946.0 2654
1767293251490 86946.0 2655
1767293252531 86946.0 2656
1767293253597 86946.0 2657
1767293254637 86946.0 2658
1767293255680 86946.0 2659
1767293256723 86946.0 2660
1767293257772 86946.0 2661
1767293258818 86946.0 2662
1767293259864 86946.0 2663
1767293260912 86946.0 2664
1767293261953 86946.0 2665
1767293262997 86946.0 2666
1767293264042 86946.0 2667
1767293265082 86946.0 2668
1767293266124 86946.0 2669
1767293267162 86946.0 2670
1767293268206 86946.0 2671
1767293269267 86946.0 2672
1767293270308 86946.0 2673
1767293271351 86946.0 2674
1767293272390 86946.0 2675
1767293273445 86946.0 2676
1767293274491 86946.0 2677
1767293275541 86946.0 2678
1767293276589 86946.0 2679
1767293277628 86946.0 2680
1767293278667 86946.0 2681
1767293279718 86946.0 2682
1767293280766 86946.0 2683
1767293281809 86946.0 2684
1767293282849 86946.0 2685
1767293286825 86946.0 2686
1767293287879 86946.0 2687
1767293288933 86946.0 2688
1767293289990 86946.0 2689
1767293291039 86946.0 2690
1767293292087 86946.0 2691
1767293293128 86946.0 2692
1767293294171 86946.0 2693
1767293295212 86946.0 2694
1767293296257 86946.0 2695
1767293297302 86946.0 2696
1767293298346 86946.0 2697
1767293299387 86946.0 2698
1767293300434 86946.0 2699
1767293301477 86946.0 2700
1767293302520 86946.0 2701
1767293303562 86946.0 2702
1767293304606 86946.0 2703
1767293305650 86946.0 2704
1767293306695 86946.0 2705
1767293307739 86946.0 2706
1767293308786 86946.0 2707
1767293309831 86946.0 2708
1767293310877 86946.0 2709
1767293311918 86946.0 2710
1767293312959 86946.0 2711
1767293314004 86946.0 2712
1767293315046 86946.0 2713
1767293316088 86946.0 2714
1767293317130 86946.0 2715
1767293318171 86946.0 2716
1767293322155 86946.0 2717
1767293323195 86946.0 2718
1767293324240 86946.0 2719
1767293325279 86946.1 2720
1767293326321 86946.1 2721
1767293327364 86946.1 2722
1767293328407 86946.1 2723
1767293329450 86946.1 2724
1767293330495 86946.1 2725
1767293331538 86946.1 2726
1767293332582 86946.1 2727
1767293333623 86946.1 2728
1767293334664 86946.1 2729
1767293335705 86946.1 2730
1767293336748 86946.1 2731
1767293337798 86946.1 2732
1767293338839 86946.1 2733
1767293339881 86946.1 2734
1767293340924 86946.1 2735
1767293341969 86946.1 2736
1767293343010 86946.1 2737
1767293344052 86946.1 2738
1767293345093 86946.1 2739
1767293346136 86946.1 2740
1767293347181 86946.1 2741
1767293348223 86946.1 2742
1767293349266 86946.1 2743
1767293350604 86946.1 2744
1767293351644 86946.1 2745
1767293352689 86946.1 2746
1767293356671 86946.1 2747
1767293357714 86946.1 2748
1767293358758 86946.1 2749
1767293359810 86946.1 2750
1767293360853 86946.1 2751
1767293361914 86946.1 2752
1767293362957 86946.1 2753
1767293364000 86946.1 2754
1767293365047 86946.1 2755
1767293366093 86946.1 2756
1767293367133 86946.1 2757
1767293368183 86946.1 2758
1767293369247 86946.1 2759
1767293370300 86946.1 2760
1767293371360 86946.1 2761
1767293372401 86946.1 2762
1767293373445 86946.1 2763
1767293374491 86946.1 2764
1767293375533 86946.1 2765
1767293376577 86946.1 2766
1767293377620 86946.1 2767
1767293378662 86946.1 2768
1767293379704 86946.1 2769
1767293380767 86946.1 2770
1767293381813 86946.1 2771
1767293382865 86946.1 2772
1767293383907 86946.1 2773
1767293384953 86946.1 2774
1767293386004 86946.1 2775
1767293387048 86946.1 2776
1767293388098 86946.1 2777
1767293392075 86946.1 2778
1767293393120 86946.1 2779
1767293394161 86946.1 2780
1767293395217 86946.1 2781
1767293396280 86946.1 2782
1767293397321 86946.1 2783
1767293398363 86946.1 2784
1767293399405 86946.1 2785
1767293400446 86946.1 2786
1767293401487 86946.1 2787
1767293402530 86946.1 2788
1767293403592 86946.1 2789
1767293404656 86946.1 2790
1767293405699 86946.1 2791
1767293406742 86946.1 2792
1767293407789 86946.1 2793
1767293408831 86946.1 2794
1767293409873 86946.1 2795
1767293410915 86946.1 2796
1767293411956 86946.1 2797
1767293413007 86946.1 2798
1767293414050 86946.1 2799
1767293415091 86946.1 2800
1767293416135 86946.1 2801
1767293417176 86946.1 2802
1767293418216 86946.1 2803
1767293419267 86946.1 2804
1767293420308 86946.1 2805
1767293421352 86946.1 2806
1767293422394 86946.1 2807
1767293423438 86946.1 2808
1767293427406 86946.1 2809
1767293428448 86946.1 2810
1767293429490 86946.1 2811
1767293430531 86946.1 2812
1767293431577 86946.1 2813
1767293432620 86946.1 2814
1767293433666 86946.1 2815
1767293434708 86946.1 2816
1767293435755 86946.1 2817
1767293436803 86946.1 2818
1767293437846 86946.1 2819
1767293438889 86946.1 2820
1767293439933 86946.1 2821
1767293440975 86946.1 2822
1767293442016 86946.1 2823
1767293443059 86946.1 2824
1767293444103 86946.1 2825
1767293445144 86946.1 2826
1767293446186 86946.1 2827
1767293447245 86946.1 2828
1767293448290 86946.1 2829
1767293449334 86946.1 2830
1767293450375 86946.1 2831
1767293451441 86946.1 2832
1767293452485 86946.1 2833
1767293453533 86946.1 2834
1767293454596 86946.1 2835
1767293455639 86946.1 2836
1767293456685 86946.1 2837
1767293457729 86946.1 2838
1767293458771 86946.1 2839
1767293462745 86946.1 2840
1767293463791 86946.1 2841
1767293464834 86946.1 2842
1767293465876 86946.1 2843
1767293466919 86946.1 2844
1767293467961 86946.1 2845
1767293469004 86946.1 2846
1767293470047 86946.1 2847
1767293471093 86946.1 2848
1767293472166 86946.1 2849
1767293473212 86946.1 2850
1767293474254 86946.1 2851
1767293475297 86946.1 2852
1767293476340 86946.1 2853
1767293477383 86946.1 2854
1767293478431 86946.1 2855
1767293479474 86946.1 2856
1767293480515 86946.1 2857
1767293481560 86946.1 2858
1767293482602 86946.1 2859
1767293483654 86946.1 2860
1767293484696 86946.1 2861
1767293485741 86946.1 2862
1767293487076 86946.1 2863
1767293488127 86946.1 2864
1767293489170 86946.1 2865
1767293490213 86946.1 2866
1767293491258 86946.1 2867
1767293492308 86946.1 2868
1767293493371 86946.1 2869
1767293497332 86946.1 2870
1767293498375 86946.1 2871
1767293499418 86946.1 2872
1767293500480 86946.1 2873
1767293501530 86946.1 2874
1767293502578 86946.1 2875
1767293503634 86946.1 2876
1767293504679 86946.1 2877
1767293505723 86946.1 2878
1767293506768 86946.1 2879
1767293507813 86946.1 2880
1767293508861 86946.1 2881
1767293509905 86946.1 2882
1767293510950 86946.1 2883
1767293511994 86946.1 2884
1767293513036 86946.1 2885
1767293514079 86946.1 2886
1767293515121 86946.1 2887
1767293516178 86946.1 2888
1767293517222 86946.1 2889
1767293518265 86946.1 2890
1767293519308 86946.1 2891
1767293520360 86946.1 2892
1767293521405 86946.1 2893
1767293522448 86946.1 2894
1767293523490 86946.1 2895
1767293524549 86946.1 2896
1767293525589 86946.1 2897
1767293526632 86946.1 2898
1767293527679 86946.1 2899
1767293528735 86946.1 2900
1767293532717 86946.1 2901
1767293533761 86946.1 2902
1767293534803 86946.1 2903
1767293535846 86946.1 2904
1767293536899 86946.1 2905
1767293537940 86946.1 2906
1767293539003 86946.1 2907
1767293540050 86946.1 2908
1767293541093 86946.1 2909
1767293542137 86946.1 2910
1767293543181 86946.1 2911
1767293544225 86946.1 2912
1767293545270 86946.1 2913
1767293546315 86946.1 2914
1767293547358 86946.1 2915
1767293548400 86946.1 2916
1767293549445 86946.1 2917
1767293550491 86946.1 2918
1767293551537 86946.1 2919
1767293552583 86946.1 2920
1767293553626 86946.1 2921
1767293554674 86946.1 2922
1767293555717 86946.1 2923
1767293556781 86946.1 2924
1767293557835 86946.1 2925
1767293558883 86946.1 2926
1767293559931 86946.1 2927
1767293560978 86946.1 2928
1767293562028 86946.1 2929
1767293563381 86946.1 2930
1767293564425 86946.1 2931
1767293568398 86946.1 2932
1767293569451 86946.1 2933
1767293570494 86946.1 2934
1767293571539 86946.1 2935
1767293572583 86946.1 2936
1767293573628 86946.1 2937
1767293574672 86946.1 2938
1767293575718 86946.1 2939
1767293576777 86946.1 2940
1767293577830 86946.1 2941
1767293578874 86946.1 2942
1767293579922 86946.1 2943
1767293580966 86946.1 2944
1767293582020 86946.1 2945
1767293583065 86946.1 2946
1767293584131 86946.1 2947
1767293585188 86946.1 2948
1767293586232 86946.1 2949
1767293587283 86946.1 2950
1767293588346 86946.1 2951
1767293589392 86946.1 2952
1767293590441 86946.1 2953
1767293591486 86946.1 2954
1767293592538 86946.1 2955
1767293593584 86946.1 2956
1767293594632 86946.1 2957
1767293595675 86946.1 2958
1767293596721 86946.1 2959
1767293597766 86946.1 2960
1767293598823 86946.1 2961
1767293602808 86946.1 2962
1767293603855 86946.1 2963
1767293604899 86946.1 2964
1767293605943 86946.1 2965
1767293606988 86946.1 2966
1767293608048 86946.1 2967
1767293609097 86946.1 2968
1767293610143 86946.1 2969
1767293611187 86946.1 2970
1767293612237 86946.1 2971
1767293613286 86946.1 2972
1767293614333 86946.1 2973
1767293615378 86946.1 2974
1767293616738 86946.1 2975
1767293617784 86946.1 2976
1767293618832 86946.1 2977
1767293619881 86946.1 2978
1767293620932 86946.1 2979
1767293621981 86946.1 2980
1767293623026 86946.1 2981
1767293624076 86946.1 2982
1767293625127 86946.1 2983
1767293626179 86946.1 2984
1767293627224 86946.1 2985
1767293628270 86946.1 2986
1767293629321 86946.1 2987
1767293630366 86946.1 2988
1767293631410 86946.1 2989
1767293632455 86946.1 2990
1767293633500 86946.1 2991
1767293634548 86946.1 2992
1767293638523 86946.1 2993
1767293639568 86946.1 2994
1767293640615 86946.1 2995
1767293641673 86946.1 2996
1767293642725 86946.1 2997
1767293643782 86946.1 2998
1767293644825 86946.1 2999
1767293645874 86946.1 3000
1767293646919 86946.1 3001
1767293647966 86946.1 3002
1767293649016 86946.1 3003
1767293650062 86946.1 3004
1767293651107 86946.1 3005
1767293652150 86946.1 3006
1767293653196 86946.1 3007
1767293654244 86946.1 3008
1767293655572 86946.1 3009
1767293656617 86946.1 3010
1767293657661 86946.1 3011
1767293658705 86946.1 3012
1767293659750 86946.1 3013
1767293660808 86946.1 3014
1767293661856 86946.1 3015
1767293662916 86946.1 3016
1767293663963 86946.1 3017
1767293665008 86946.1 3018
1767293666052 86946.1 3019
1767293667119 86946.1 3020
1767293668164 86946.1 3021
1767293669210 86946.1 3022
1767293673205 86946.1 3023
1767293674249 86946.1 3024
1767293675296 86946.1 3025
1767293676364 86946.1 3026
1767293677432 86946.1 3027
1767293678479 86946.1 3028
1767293679525 86946.1 3029
1767293680592 86946.1 3030
1767293681646 86946.1 3031
1767293682693 86946.1 3032
1767293683739 86946.1 3033
1767293684787 86946.1 3034
1767293685836 86946.1 3035
1767293686906 86946.1 3036
1767293687950 86946.1 3037
1767293689012 86946.1 3038
1767293690063 86946.1 3039
1767293691111 86946.1 3040
1767293692162 86946.1 3041
1767293693208 86946.1 3042
1767293694255 86946.1 3043
1767293695302 86946.1 3044
1767293696362 86946.1 3045
1767293697408 86946.1 3046
1767293698453 86946.1 3047
1767293699498 86946.1 3048
1767293700544 86946.1 3049
1767293701590 86946.1 3050
1767293702648 86946.1 3051
1767293703696 86946.1 3052
1767293704750 86946.1 3053
1767293708725 86946.1 3054
1767293709768 86946.1 3055
1767293710815 86946.1 3056
1767293711861 86946.1 3057
1767293712908 86946.1 3058
1767293713958 86946.1 3059
1767293715009 86946.1 3060
1767293716060 86946.1 3061
1767293717105 86946.1 3062
1767293718159 86946.1 3063
1767293719210 86946.1 3064
1767293720259 86946.1 3065
1767293721305 86946.1 3066
1767293722351 86946.1 3067
1767293723407 86946.1 3068
1767293724466 86946.1 3069
1767293725528 86946.1 3070
1767293726585 86946.1 3071
1767293727630 86946.1 3072
1767293728688 86946.1 3073
1767293729735 86946.1 3074
1767293730783 86946.1 3075
1767293731830 86946.2 3076
1767293732878 86946.2 3077
1767293733924 86946.2 3078
1767293734969 86946.2 3079
1767293736032 86946.2 3080
1767293737081 86946.2 3081
1767293738129 86946.2 3082
1767293739191 86946.2 3083
1767293740245 86946.2 3084
1767293744219 86946.2 3085
1767293745266 86946.2 3086
1767293746312 86946.2 3087
1767293747360 86946.2 3088
1767293748410 86946.2 3089
1767293749454 86946.2 3090
1767293750504 86946.2 3091
1767293751549 86946.2 3092
1767293752600 86946.2 3093
1767293753666 86946.2 3094
1767293754713 86946.2 3095
1767293755762 86946.2 3096
1767293756807 86946.2 3097
1767293757853 86946.2 3098
1767293758900 86946.2 3099
1767293759947 86946.2 3100
1767293761000 86946.2 3101
1767293762047 86946.2 3102
1767293763110 86946.2 3103
1767293764170 86946.2 3104
1767293765213 86946.2 3105
1767293766264 86946.2 3106
1767293767309 86946.2 3107
1767293768354 86946.2 3108
1767293769399 86946.2 3109
1767293770447 86946.2 3110
1767293771500 86946.2 3111
1767293772569 86946.2 3112
1767293773618 86946.2 3113
1767293774689 86946.2 3114
1767293778686 86946.2 3115
1767293779753 86946.2 3116
1767293780798 86946.2 3117
1767293781846 86946.2 3118
1767293782891 86946.2 3119
1767293783952 86946.2 3120
1767293785002 86946.2 3121
1767293786066 86946.2 3122
1767293787112 86946.2 3123
1767293788182 86946.2 3124
1767293789228 86946.2 3125
1767293790279 86946.2 3126
1767293791325 86946.2 3127
1767293792380 86946.2 3128
1767293793430 86946.2 3129
1767293794480 86946.2 3130
1767293795527 86946.2 3131
1767293796574 86946.2 3132
1767293797635 86946.2 3133
1767293798681 86946.2 3134
1767293799747 86946.2 3135
1767293800801 86946.2 3136
1767293801848 86946.2 3137
1767293802894 86946.2 3138
1767293803943 86946.2 3139
1767293805011 86946.2 3140
1767293806078 86946.2 3141
1767293807428 86946.2 3142
1767293808474 86946.2 3143
1767293809522 86946.2 3144
1767293810583 86946.2 3145
1767293814563 86946.2 3146
1767293815609 86946.2 3147
1767293816665 86946.2 3148
1767293817713 86946.2 3149
1767293818759 86946.2 3150
1767293819804 86946.2 3151
1767293820850 86946.2 3152
1767293821897 86946.2 3153
1767293822951 86946.2 3154
1767293824002 86946.2 3155
1767293825056 86946.2 3156
1767293826102 86946.2 3157
1767293827148 86946.2 3158
1767293828195 86946.2 3159
1767293829252 86946.2 3160
1767293830321 86946.2 3161
1767293831375 86946.2 3162
1767293832424 86946.2 3163
1767293833484 86946.2 3164
1767293834531 86946.2 3165
1767293835592 86946.2 3166
1767293836637 86946.2 3167
1767293837701 86946.2 3168
1767293838761 86946.2 3169
1767293839822 86946.2 3170
1767293840872 86946.2 3171
1767293841921 86946.2 3172
1767293842969 86946.2 3173
1767293844019 86946.2 3174
1767293845069 86946.2 3175
1767293849047 86946.2 3176
1767293850094 86946.2 3177
1767293851151 86946.2 3178
1767293852206 86946.2 3179
1767293853273 86946.2 3180
1767293854334 86946.2 3181
1767293855394 86946.2 3182
1767293856441 86946.2 3183
1767293857495 86946.2 3184
1767293858544 86946.2 3185
1767293859602 86946.2 3186
1767293860656 86946.2 3187
1767293861705 86946.2 3188
1767293862752 86946.2 3189
1767293863803 86946.2 3190
1767293864864 86946.2 3191
1767293865914 86946.2 3192
1767293866992 86946.2 3193
1767293868057 86946.2 3194
1767293869104 86946.2 3195
1767293870152 86946.2 3196
1767293871200 86946.2 3197
1767293872263 86946.2 3198
1767293873337 86946.2 3199
1767293874385 86946.2 3200
1767293875452 86946.2 3201
1767293876497 86946.2 3202
1767293877545 86946.2 3203
1767293878592 86946.2 3204
1767293879641 86946.2 3205
1767293880696 86946.2 3206
1767293884676 86946.2 3207
1767293885727 86946.2 3208
1767293887066 86946.2 3209
1767293888113 86946.2 3210
1767293889162 86946.2 3211
1767293890221 86946.2 3212
1767293891271 86946.2 3213
1767293892321 86946.2 3214
1767293893373 86946.2 3215
1767293894419 86946.2 3216
1767293895472 86946.2 3217
1767293896521 86946.2 3218
1767293897569 86946.2 3219
1767293898636 86946.2 3220
1767293899693 86946.2 3221
1767293900743 86946.2 3222
1767293901793 86946.2 3223
1767293902844 86946.2 3224
1767293903894 86946.2 3225
1767293904946 86946.2 3226
1767293906007 86946.2 3227
1767293907057 86946.2 3228
1767293908110 86946.2 3229
1767293909163 86946.2 3230
1767293910215 86946.2 3231
1767293911266 86946.2 3232
1767293912320 86946.2 3233
1767293913383 86946.2 3234
1767293914435 86946.2 3235
1767293915491 86946.2 3236
1767293919471 86946.2 3237
1767293920522 86946.2 3238
1767293921579 86946.2 3239
1767293922633 86946.2 3240
1767293923692 86946.2 3241
1767293924744 86946.2 3242
1767293925812 86946.2 3243
1767293926860 86946.2 3244
1767293927910 86946.2 3245
1767293928976 86946.2 3246
1767293930024 86946.2 3247
1767293931088 86946.2 3248
1767293932142 86946.2 3249
1767293933194 86946.2 3250
1767293934247 86946.2 3251
1767293935303 86946.2 3252
1767293936354 86946.2 3253
1767293937412 86946.2 3254
1767293938762 86946.2 3255
1767293939813 86946.2 3256
1767293940866 86946.2 3257
1767293941918 86946.2 3258
1767293942971 86946.2 3259
1767293944024 86946.2 3260
1767293945073 86946.2 3261
1767293946122 86946.2 3262
1767293947173 86946.2 3263
1767293948226 86946.2 3264
1767293949277 86946.2 3265
1767293950328 86946.2 3266
1767293951381 86946.2 3267
1767293955361 86946.2 3268
1767293956414 86946.2 3269
1767293957466 86946.2 3270
1767293958521 86946.2 3271
1767293959573 86946.2 3272
1767293960625 86946.2 3273
1767293961690 86946.2 3274
1767293962754 86946.2 3275
1767293963806 86946.2 3276
1767293964860 86946.2 3277
1767293965921 86946.2 3278
1767293966974 86946.2 3279
1767293968023 86946.2 3280
1767293969074 86946.2 3281
1767293970124 86946.2 3282
1767293971177 86946.2 3283
1767293972244 86946.2 3284
1767293973296 86946.2 3285
1767293974349 86946.2 3286
1767293975401 86946.2 3287
1767293976450 86946.2 3288
1767293977781 86946.2 3289
