1767290278353 8.5 0
1767290279371 8.5 1
1767290280386 8.5 2
1767290281389 8.5 3
1767290282394 8.5 4
1767290283398 8.5 5
1767290284401 8.5 6
1767290285404 8.5 7
1767290286408 8.5 8
1767290287411 8.5 9
1767290288414 8.5 10
1767290289419 8.5 11
1767290290422 8.5 12
1767290291425 8.5 13
1767290292429 8.5 14
1767290296366 8.5 15
1767290297370 8.5 16
1767290298374 8.5 17
1767290299377 8.5 18
1767290300381 8.5 19
1767290301385 8.5 20
1767290302388 8.5 21
1767290303406 8.5 22
1767290304414 8.5 23
1767290305417 8.5 24
1767290306421 8.5 25
1767290307426 8.5 26
1767290308429 8.5 27
1767290309433 8.5 28
1767290310436 8.5 29
1767290311440 8.5 30
1767290312443 8.5 31
1767290313448 8.5 32
1767290314451 8.5 33
1767290315455 8.5 34
1767290316459 8.5 35
1767290317465 8.5 36
1767290318469 8.5 37
1767290319479 8.5 38
1767290320489 8.5 39
1767290321496 8.5 40
1767290322502 8.5 41
1767290323506 8.5 42
1767290324511 8.5 43
1767290325515 8.5 44
1767290326518 8.5 45
1767290327533 8.5 46
1767290331471 8.5 47
1767290332475 8.5 48
1767290333479 8.5 49
1767290334483 8.5 50
1767290335487 8.5 51
1767290336492 8.5 52
1767290337496 8.5 53
1767290338500 8.5 54
1767290339504 8.5 55
1767290340514 8.5 56
1767290341521 8.5 57
1767290342530 8.5 58
1767290343534 8.5 59
1767290344543 8.5 60
1767290345550 8.5 61
1767290346555 8.5 62
1767290347566 8.5 63
1767290348580 8.5 64
1767290349596 8.5 65
1767290350605 8.5 66
1767290351614 8.5 67
1767290352618 8.5 68
1767290353623 8.5 69
1767290354627 8.5 70
1767290355631 8.5 71
1767290356761 8.5 72
1767290357778 8.5 73
1767290358921 8.5 74
1767290359927 8.5 75
1767290360934 8.5 76
1767290361948 8.5 77
1767290362963 8.5 78
1767290366892 8.5 79
1767290367897 8.5 80
1767290368901 8.5 81
1767290369906 8.5 82
1767290370912 8.5 83
1767290371929 8.5 84
1767290372939 8.5 85
1767290373956 8.5 86
1767290374969 8.5 87
1767290375976 8.5 88
1767290376989 8.5 89
1767290378006 8.5 90
1767290379022 8.5 91
1767290380030 8.5 92
1767290381042 8.5 93
1767290382054 8.5 94
1767290383060 8.5 95
1767290384066 8.5 96
1767290385070 8.5 97
1767290386075 8.5 98
1767290387088 8.5 99
1767290388117 8.5 100
1767290389125 8.5 101
1767290390130 8.5 102
1767290391136 8.5 103
1767290392141 8.5 104
1767290393158 8.5 105
1767290394165 8.5 106
1767290395170 8.5 107
1767290396174 8.5 108
1767290397181 8.5 109
1767290398193 8.5 110
1767290402142 8.5 111
1767290403159 8.5 112
1767290404180 8.5 113
1767290405195 8.5 114
1767290406201 8.5 115
1767290407209 8.5 116
1767290408218 8.5 117
1767290409227 8.5 118
1767290410235 8.5 119
1767290411252 8.5 120
1767290412268 8.5 121
1767290413273 8.5 122
1767290414280 8.5 123
1767290415287 8.5 124
1767290416298 8.5 125
1767290417311 8.5 126
1767290418322 8.5 127
1767290419330 8.5 128
1767290420337 8.5 129
1767290421349 8.5 130
1767290422361 8.5 131
1767290423370 8.5 132
1767290424378 8.5 133
1767290425385 8.5 134
1767290426396 8.5 135
1767290427414 8.5 136
1767290428433 8.5 137
1767290429451 8.5 138
1767290430460 8.5 139
1767290431469 8.5 140
1767290432483 8.5 141
1767290436420 8.5 142
1767290437427 8.5 143
1767290438434 8.5 144
1767290439439 8.5 145
1767290440444 8.5 146
1767290441452 8.5 147
1767290442458 8.5 148
1767290443463 8.5 149
1767290444477 8.5 150
1767290445489 8.5 151
1767290446496 8.5 152
1767290447501 8.5 153
1767290448509 8.5 154
1767290449524 8.5 155
1767290450531 8.5 156
1767290451543 8.5 157
1767290452551 8.5 158
1767290453556 8.5 159
1767290454573 8.5 160
1767290455581 8.5 161
1767290456587 8.5 162
1767290457610 8.5 163
1767290458623 8.5 164
1767290459632 8.5 165
1767290460639 8.5 166
1767290461644 8.5 167
1767290462662 8.5 168
1767290463669 8.5 169
1767290464686 8.5 170
1767290465694 8.5 171
1767290466700 8.5 172
1767290467706 8.5 173
1767290471651 8.5 174
1767290472766 8.5 175
1767290473776 8.5 176
1767290474792 8.5 177
1767290475810 8.5 178
1767290476816 8.5 179
1767290477830 8.5 180
1767290478839 8.5 181
1767290479846 8.5 182
1767290480858 8.5 183
1767290481872 8.5 184
1767290482880 8.5 185
1767290483889 8.5 186
1767290484905 8.5 187
1767290485916 8.5 188
1767290486929 8.5 189
1767290487939 8.5 190
1767290488947 8.5 191
1767290489955 8.5 192
1767290490960 8.5 193
1767290491966 8.5 194
1767290492980 8.5 195
1767290493996 8.5 196
1767290495009 8.5 197
1767290496017 8.5 198
1767290497022 8.5 199
1767290498028 8.5 200
1767290499045 8.5 201
1767290500053 8.5 202
1767290501060 8.5 203
1767290502074 8.5 204
1767290503091 8.5 205
1767290507029 8.5 206
1767290508047 8.5 207
1767290509055 8.5 208
1767290510064 8.5 209
1767290511071 8.5 210
1767290512078 8.5 211
1767290513084 8.5 212
1767290514097 8.5 213
1767290515105 8.5 214
1767290516120 8.5 215
1767290517127 8.5 216
1767290518133 8.5 217
1767290519142 8.5 218
1767290520160 8.5 219
1767290521167 8.5 220
1767290522175 8.5 221
1767290523183 8.5 222
1767290524198 8.5 223
1767290525209 8.5 224
1767290526215 8.5 225
1767290527235 8.5 226
1767290528258 8.5 227
1767290529270 8.5 228
1767290530277 8.5 229
1767290531283 8.5 230
1767290532294 8.5 231
1767290533314 8.5 232
1767290534323 8.5 233
1767290535330 8.5 234
1767290536338 8.5 235
1767290537366 8.5 236
1767290538374 8.5 237
1767290542309 8.5 238
1767290543323 8.5 239
1767290544337 8.5 240
1767290545352 8.5 241
1767290546361 8.5 242
1767290547368 8.5 243
1767290548374 8.5 244
1767290549380 8.5 245
1767290550388 8.5 246
1767290551396 8.5 247
1767290552402 8.5 248
1767290553415 8.5 249
1767290554433 8.5 250
1767290555447 8.5 251
1767290556458 8.5 252
1767290557471 8.5 253
1767290558481 8.5 254
1767290559495 8.5 255
1767290560502 8.5 256
1767290561517 8.5 257
1767290562526 8.5 258
1767290563535 8.5 259
1767290564543 8.5 260
1767290565558 8.5 261
1767290566568 8.5 262
1767290567580 8.5 263
1767290568594 8.5 264
1767290569606 8.5 265
1767290570622 8.5 266
1767290571637 8.5 267
1767290572645 8.5 268
1767290573656 8.5 269
1767290577600 8.5 270
1767290578616 8.5 271
1767290579626 8.5 272
1767290580644 8.5 273
1767290581653 8.5 274
1767290582670 8.5 275
1767290583689 8.5 276
1767290584708 8.5 277
1767290585724 8.5 278
1767290586736 8.5 279
1767290587749 8.5 280
1767290588757 8.5 281
1767290589768 8.5 282
1767290590779 8.5 283
1767290591788 8.5 284
1767290592798 8.5 285
1767290593807 8.5 286
1767290594816 8.5 287
1767290595825 8.5 288
1767290596840 8.5 289
1767290597851 8.5 290
1767290598861 8.5 291
1767290599883 8.5 292
1767290600896 8.5 293
1767290601906 8.5 294
1767290602917 8.5 295
1767290603938 8.5 296
1767290604949 8.5 297
1767290605958 8.5 298
1767290606966 8.5 299
1767290607975 8.5 300
1767290608982 8.5 301
1767290612932 8.5 302
1767290613944 8.5 303
1767290614968 8.5 304
1767290615978 8.5 305
1767290616987 8.5 306
1767290617996 8.5 307
1767290619012 8.5 308
1767290620026 8.5 309
1767290621034 8.5 310
1767290622048 8.5 311
1767290623074 8.5 312
1767290624084 8.5 313
1767290625105 8.5 314
1767290626121 8.5 315
1767290627143 8.5 316
1767290628153 8.5 317
1767290629160 8.5 318
1767290630167 8.5 319
1767290631177 8.5 320
1767290632188 8.5 321
1767290633202 8.5 322
1767290634210 8.5 323
1767290635217 8.5 324
1767290636225 8.5 325
1767290637232 8.5 326
1767290638239 8.5 327
1767290639246 8.5 328
1767290640254 8.5 329
1767290641265 8.5 330
1767290642275 8.5 331
1767290643292 8.5 332
1767290644299 8.5 333
1767290648233 8.5 334
1767290649240 8.5 335
1767290650248 8.5 336
1767290651257 8.5 337
1767290652265 8.5 338
1767290653274 8.5 339
1767290654282 8.5 340
1767290655289 8.5 341
1767290656300 8.5 342
1767290657312 8.5 343
1767290658320 8.5 344
1767290659328 8.5 345
1767290660335 8.5 346
1767290661343 8.5 347
1767290662351 8.5 348
1767290663360 8.5 349
1767290664368 8.5 350
1767290665377 8.5 351
1767290666386 8.5 352
1767290667401 8.5 353
1767290668408 8.5 354
1767290669416 8.5 355
1767290670424 8.5 356
1767290671431 8.5 357
1767290672439 8.5 358
1767290673447 8.5 359
1767290674454 8.5 360
1767290675470 8.5 361
1767290676479 8.5 362
1767290677487 8.5 363
1767290678494 8.5 364
1767290679503 8.5 365
1767290683446 8.5 366
1767290684454 8.5 367
1767290685461 8.5 368
1767290686469 8.5 369
1767290687488 8.5 370
1767290688497 8.5 371
1767290689506 8.5 372
1767290690513 8.5 373
1767290691522 8.5 374
1767290692533 8.5 375
1767290693541 8.5 376
1767290694550 8.5 377
1767290695566 8.5 378
1767290696577 8.5 379
1767290697586 8.5 380
1767290698596 8.5 381
1767290699607 8.5 382
1767290700616 8.5 383
1767290701625 8.5 384
1767290702633 8.5 385
1767290703641 8.5 386
1767290704653 8.5 387
1767290705663 8.5 388
1767290706678 8.5 389
1767290707686 8.5 390
1767290708695 8.5 391
1767290709703 8.5 392
1767290710712 8.5 393
1767290711720 8.5 394
1767290712730 8.5 395
1767290713739 8.5 396
1767290714747 8.5 397
1767290718684 8.5 398
1767290719700 8.5 399
1767290720709 8.5 400
1767290721717 8.5 401
1767290722725 8.5 402
1767290723733 8.5 403
1767290724745 8.5 404
1767290725753 8.5 405
1767290726761 8.5 406
1767290727769 8.5 407
1767290728778 8.5 408
1767290729787 8.5 409
1767290730799 8.5 410
1767290731810 8.5 411
1767290732818 8.5 412
1767290733828 8.5 413
1767290734837 8.5 414
1767290735848 8.5 415
1767290736864 8.5 416
1767290737873 8.5 417
1767290738882 8.5 418
1767290739891 8.5 419
1767290740900 8.5 420
1767290741909 8.5 421
1767290742918 8.5 422
1767290743927 8.5 423
1767290744944 8.5 424
1767290745953 8.5 425
1767290746962 8.5 426
1767290747972 8.5 427
1767290748983 8.5 428
1767290749991 8.5 429
1767290753927 8.5 430
1767290754936 8.5 431
1767290755945 8.5 432
1767290756954 8.5 433
1767290757962 8.5 434
1767290758971 8.5 435
1767290759980 8.5 436
1767290760990 8.5 437
1767290762000 8.5 438
1767290763014 8.5 439
1767290764025 8.5 440
1767290765036 8.5 441
1767290766046 8.5 442
1767290767055 8.5 443
1767290768063 8.5 444
1767290769072 8.5 445
1767290770082 8.5 446
1767290771092 8.5 447
1767290772100 8.5 448
1767290773111 8.5 449
1767290774127 8.5 450
1767290775136 8.5 451
1767290776145 8.5 452
1767290777156 8.5 453
1767290778165 8.5 454
1767290779174 8.5 455
1767290780184 8.5 456
1767290781193 8.5 457
1767290782202 8.5 458
1767290783212 8.5 459
1767290784220 8.5 460
1767290785230 8.5 461
1767290789172 8.5 462
1767290790181 8.5 463
1767290791190 8.5 464
1767290792202 8.5 465
1767290793212 8.5 466
1767290794221 8.5 467
1767290795231 8.5 468
1767290796240 8.5 469
1767290797250 8.5 470
1767290798269 8.5 471
1767290799279 8.5 472
1767290800288 8.5 473
1767290801298 8.5 474
1767290802309 8.5 475
1767290803320 8.5 476
1767290804331 8.5 477
1767290805341 8.5 478
1767290806351 8.5 479
1767290807361 8.5 480
1767290808371 8.5 481
1767290809380 8.5 482
1767290810389 8.5 483
1767290811399 8.5 484
1767290812411 8.5 485
1767290813420 8.5 486
1767290814430 8.5 487
1767290815439 8.5 488
1767290816449 8.5 489
1767290817464 8.5 490
1767290818474 8.5 491
1767290819483 8.5 492
1767290823421 8.5 493
1767290824431 8.5 494
1767290825442 8.5 495
1767290826459 8.5 496
1767290827468 8.5 497
1767290828478 8.5 498
1767290829490 8.5 499
1767290830501 8.5 500
1767290831511 8.5 501
1767290832521 8.5 502
1767290833533 8.5 503
1767290834550 8.5 504
1767290835560 8.5 505
1767290836570 8.5 506
1767290837579 8.5 507
1767290838589 8.5 508
1767290839599 8.5 509
1767290840610 8.5 510
1767290841620 8.5 511
1767290842630 8.5 512
1767290843648 8.5 513
1767290844659 8.5 514
1767290845669 8.5 515
1767290846679 8.5 516
1767290847690 8.5 517
1767290848699 8.5 518
1767290849711 8.5 519
1767290850721 8.5 520
1767290851732 8.5 521
1767290852741 8.5 522
1767290853751 8.5 523
1767290854760 8.5 524
1767290858704 8.5 525
1767290859715 8.5 526
1767290860725 8.5 527
1767290861736 8.5 528
1767290862752 8.5 529
1767290863763 8.5 530
1767290864773 8.5 531
1767290865784 8.5 532
1767290866795 8.5 533
1767290867816 8.5 534
1767290868826 8.5 535
1767290869836 8.5 536
1767290870846 8.5 537
1767290871856 8.5 538
1767290872866 8.5 539
1767290873876 8.5 540
1767290874889 8.5 541
1767290875907 8.5 542
1767290876917 8.5 543
1767290877927 8.5 544
1767290878940 8.5 545
1767290879951 8.5 546
1767290880965 8.5 547
1767290881977 8.5 548
1767290882987 8.5 549
1767290883999 8.5 550
1767290885011 8.5 551
1767290886021 8.5 552
1767290887031 8.5 553
1767290888041 8.5 554
1767290889053 8.5 555
1767290890063 8.5 556
1767290894000 8.5 557
1767290895010 8.5 558
1767290896021 8.5 559
1767290897031 8.5 560
1767290898045 8.5 561
1767290899060 8.5 562
1767290900070 8.5 563
1767290901082 8.5 564
1767290902096 8.5 565
1767290903107 8.5 566
1767290904125 8.5 567
1767290905136 8.5 568
1767290906146 8.5 569
1767290907159 8.5 570
1767290908170 8.5 571
1767290909182 8.5 572
1767290910200 8.5 573
1767290911210 8.5 574
1767290912221 8.5 575
1767290913232 8.5 576
1767290914243 8.5 577
1767290915254 8.5 578
1767290916265 8.5 579
1767290917276 8.5 580
1767290918287 8.5 581
1767290919298 8.5 582
1767290920309 8.5 583
1767290921319 8.5 584
1767290922330 8.5 585
1767290923341 8.5 586
1767290924352 8.5 587
1767290925363 8.5 588
1767290929306 8.5 589
1767290930317 8.5 590
1767290931328 8.5 591
1767290932339 8.5 592
1767290933350 8.5 593
1767290934361 8.5 594
1767290935372 8.5 595
1767290936393 8.5 596
1767290937405 8.5 597
1767290938416 8.5 598
1767290939429 8.5 599
1767290940440 8.5 600
1767290941451 8.5 601
1767290942462 8.5 602
1767290943474 8.5 603
1767290944484 8.5 604
1767290945496 8.5 605
1767290946512 8.5 606
1767290947523 8.5 607
1767290948534 8.5 608
1767290949548 8.5 609
1767290950559 8.5 610
1767290951570 8.5 611
1767290952582 8.5 612
1767290953594 8.5 613
1767290954606 8.5 614
1767290955618 8.5 615
1767290956629 8.5 616
1767290957640 8.5 617
1767290958661 8.5 618
1767290959673 8.5 619
1767290960685 8.5 620
1767290964623 8.5 621
1767290965635 8.5 622
1767290966649 8.5 623
1767290967664 8.5 624
1767290968676 8.5 625
1767290969687 8.5 626
1767290970703 8.5 627
1767290971717 8.5 628
1767290972734 8.5 629
1767290973745 8.5 630
1767290974756 8.5 631
1767290975768 8.5 632
1767290976781 8.5 633
1767290977796 8.5 634
1767290978809 8.5 635
1767290979820 8.5 636
1767290980839 8.5 637
1767290981850 8.5 638
1767290982862 8.5 639
1767290983874 8.5 640
1767290984887 8.5 641
1767290985900 8.5 642
1767290986911 8.5 643
1767290987923 8.5 644
1767290988942 8.5 645
1767290989955 8.5 646
1767290990966 8.5 647
1767290991978 8.5 648
1767290992991 8.5 649
1767290994003 8.5 650
1767290995015 8.5 651
1767290996031 8.5 652
1767290999979 8.5 653
1767291000991 8.5 654
1767291002003 8.5 655
1767291003015 8.5 656
1767291004027 8.5 657
1767291005040 8.5 658
1767291006063 8.5 659
1767291007077 8.5 660
1767291008089 8.5 661
1767291009101 8.5 662
1767291010114 8.5 663
1767291011127 8.5 664
1767291012140 8.5 665
1767291013152 8.5 666
1767291014164 8.5 667
1767291015176 8.5 668
1767291016188 8.5 669
1767291017200 8.5 670
1767291018213 8.5 671
1767291019235 8.5 672
1767291020248 8.5 673
1767291021259 8.5 674
1767291022271 8.5 675
1767291023285 8.5 676
1767291024298 8.5 677
1767291025316 8.5 678
1767291026330 8.5 679
1767291027343 8.5 680
1767291028355 8.5 681
1767291029369 8.5 682
1767291030382 8.5 683
1767291031395 8.5 684
1767291035342 8.5 685
1767291036355 8.5 686
1767291037370 8.5 687
1767291038385 8.5 688
1767291039401 8.5 689
1767291040419 8.5 690
1767291041431 8.5 691
1767291042444 8.5 692
1767291043456 8.5 693
1767291044468 8.5 694
1767291045480 8.5 695
1767291046493 8.5 696
1767291047508 8.5 697
1767291048526 8.5 698
1767291049539 8.5 699
1767291050551 8.5 700
1767291051565 8.5 701
1767291052579 8.5 702
1767291053598 8.5 703
1767291054612 8.5 704
1767291055625 8.5 705
1767291056638 8.5 706
1767291057655 8.5 707
1767291058669 8.5 708
1767291059681 8.5 709
1767291060694 8.5 710
1767291061709 8.5 711
1767291062723 8.5 712
1767291063736 8.5 713
1767291064750 8.5 714
1767291065763 8.5 715
1767291069712 8.5 716
1767291070727 8.5 717
1767291071740 8.5 718
1767291072754 8.5 719
1767291073767 8.5 720
1767291074780 8.5 721
1767291075793 8.5 722
1767291076806 8.5 723
1767291077819 8.5 724
1767291078834 8.5 725
1767291079847 8.5 726
1767291080861 8.5 727
1767291081881 8.5 728
1767291082894 8.5 729
1767291083909 8.5 730
1767291084922 8.5 731
1767291085935 8.5 732
1767291086949 8.5 733
1767291087962 8.5 734
1767291088975 8.5 735
1767291089989 8.5 736
1767291091003 8.5 737
1767291092016 8.5 738
1767291093030 8.5 739
1767291094044 8.5 740
1767291095057 8.5 741
1767291096072 8.5 742
1767291097088 8.5 743
1767291098108 8.5 744
1767291099123 8.5 745
1767291100137 8.5 746
1767291101158 8.5 747
1767291105099 8.5 748
1767291106115 8.5 749
1767291107128 8.5 750
1767291108144 8.5 751
1767291109158 8.5 752
1767291110174 8.5 753
1767291111189 8.5 754
1767291112206 8.5 755
1767291113221 8.5 756
1767291114242 8.5 757
1767291115255 8.5 758
1767291116269 8.5 759
1767291117283 8.5 760
1767291118297 8.5 761
1767291119310 8.5 762
1767291120324 8.5 763
1767291121338 8.5 764
1767291122359 8.5 765
1767291123374 8.5 766
1767291124391 8.5 767
1767291125406 8.5 768
1767291126422 8.5 769
1767291127435 8.5 770
1767291128449 8.5 771
1767291129463 8.5 772
1767291130479 8.5 773
1767291131493 8.5 774
1767291132506 8.5 775
1767291133520 8.5 776
1767291134537 8.5 777
1767291135551 8.5 778
1767291136564 8.5 779
1767291140517 8.5 780
1767291141530 8.5 781
1767291142545 8.5 782
1767291143559 8.5 783
1767291144573 8.5 784
1767291145587 8.5 785
1767291146609 8.5 786
1767291147623 8.5 787
1767291148637 8.5 788
1767291149652 8.5 789
1767291150666 8.5 790
1767291151688 8.5 791
1767291152704 8.5 792
1767291153717 8.5 793
1767291154731 8.5 794
1767291155745 8.5 795
1767291156759 8.5 796
1767291157773 8.5 797
1767291158788 8.5 798
1767291159802 8.5 799
1767291160818 8.5 800
1767291161840 8.5 801
1767291162854 8.5 802
1767291163868 8.5 803
1767291164883 8.5 804
1767291165897 8.5 805
1767291166911 8.5 806
1767291167927 8.5 807
1767291168941 8.5 808
1767291169958 8.5 809
1767291170973 8.5 810
1767291171988 8.5 811
1767291175928 8.5 812
1767291176945 8.5 813
1767291177970 8.5 814
1767291178987 8.5 815
1767291180001 8.5 816
1767291181017 8.5 817
1767291182031 8.5 818
1767291183046 8.5 819
1767291184060 8.5 820
1767291185074 8.5 821
1767291186089 8.5 822
1767291187111 8.5 823
1767291188129 8.5 824
1767291189143 8.5 825
1767291190157 8.5 826
1767291191174 8.5 827
1767291192190 8.5 828
1767291193204 8.5 829
1767291194221 8.5 830
1767291195235 8.5 831
1767291196252 8.5 832
1767291197271 8.5 833
1767291198286 8.5 834
1767291199300 8.5 835
1767291200316 8.5 836
1767291201331 8.5 837
1767291202345 8.5 838
1767291203362 8.5 839
1767291204377 8.5 840
1767291205391 8.5 841
1767291206406 8.5 842
1767291210364 8.5 843
1767291211378 8.5 844
1767291212394 8.5 845
1767291213414 8.5 846
1767291214429 8.5 847
1767291215444 8.5 848
1767291216462 8.5 849
1767291217478 8.5 850
1767291218493 8.5 851
1767291219510 8.5 852
1767291220525 8.5 853
1767291221539 8.5 854
1767291222556 8.5 855
1767291223572 8.5 856
1767291224587 8.5 857
1767291225604 8.5 858
1767291226626 8.5 859
1767291227640 8.5 860
1767291228655 8.5 861
1767291229670 8.5 862
1767291230686 8.5 863
1767291231704 8.5 864
1767291232720 8.5 865
1767291233734 8.5 866
1767291234751 8.5 867
1767291235767 8.5 868
1767291236783 8.5 869
1767291237798 8.5 870
1767291238816 8.5 871
1767291239832 8.5 872
1767291240846 8.5 873
1767291241861 8.5 874
1767291245806 8.5 875
1767291246822 8.5 876
1767291247838 8.5 877
1767291248861 8.5 878
1767291249877 8.5 879
1767291250892 8.5 880
1767291251907 8.5 881
1767291252922 8.5 882
1767291253938 8.5 883
1767291254954 8.5 884
1767291255971 8.5 885
1767291256986 8.5 886
1767291258001 8.5 887
1767291259016 8.5 888
1767291260034 8.5 889
1767291261049 8.5 890
1767291262066 8.5 891
1767291263089 8.5 892
1767291264103 8.5 893
1767291265120 8.5 894
1767291266135 8.5 895
1767291267153 8.5 896
1767291268174 8.5 897
1767291269189 8.5 898
1767291270204 8.5 899
1767291271221 8.5 900
1767291272236 8.5 901
1767291273251 8.5 902
1767291274266 8.5 903
1767291275281 8.5 904
1767291276298 8.5 905
1767291277313 8.5 906
1767291281263 8.5 907
1767291282285 8.5 908
1767291283300 8.5 909
1767291284317 8.5 910
1767291285333 8.5 911
1767291286348 8.5 912
1767291287363 8.5 913
1767291288378 8.5 914
1767291289393 8.5 915
1767291290412 8.5 916
1767291291427 8.5 917
1767291292447 8.5 918
1767291293470 8.5 919
1767291294486 8.5 920
1767291295501 8.5 921
1767291296518 8.5 922
1767291297534 8.5 923
1767291298551 8.5 924
1767291299574 8.5 925
1767291300590 8.5 926
1767291301607 8.5 927
1767291302623 8.5 928
1767291303641 8.5 929
1767291304656 8.5 930
1767291305672 8.5 931
1767291306688 8.5 932
1767291307716 8.5 933
1767291308736 8.5 934
1767291309754 8.5 935
1767291310770 8.5 936
1767291311789 8.5 937
1767291312807 8.5 938
1767291316741 8.5 939
1767291317756 8.5 940
1767291318772 8.5 941
1767291319788 8.5 942
1767291320805 8.5 943
1767291321821 8.5 944
1767291322838 8.5 945
1767291323859 8.5 946
1767291324876 8.5 947
1767291325892 8.5 948
1767291326914 8.5 949
1767291328381 8.5 950
1767291329404 8.5 951
1767291330420 8.5 952
1767291331442 8.5 953
1767291332458 8.5 954
1767291333474 8.5 955
1767291334490 8.5 956
1767291335506 8.5 957
1767291336523 8.5 958
1767291337540 8.5 959
1767291338557 8.5 960
1767291339573 8.5 961
1767291340590 8.5 962
1767291341606 8.5 963
1767291342630 8.5 964
1767291343647 8.5 965
1767291344664 8.5 966
1767291345682 8.5 967
1767291346699 8.5 968
1767291347715 8.5 969
1767291351665 8.5 970
1767291352682 8.5 971
1767291353702 8.5 972
1767291354719 8.5 973
1767291355742 8.5 974
1767291356759 8.5 975
1767291357775 8.5 976
1767291358791 8.5 977
1767291359809 8.5 978
1767291360826 8.5 979
1767291361846 8.5 980
1767291362866 8.5 981
1767291363887 8.5 982
1767291364904 8.5 983
1767291365923 8.5 984
1767291366944 8.5 985
1767291367966 8.5 986
1767291368983 8.5 987
1767291370001 8.5 988
1767291371020 8.5 989
1767291372038 8.5 990
1767291373057 8.5 991
1767291374079 8.5 992
1767291375108 8.5 993
1767291376128 8.5 994
1767291377144 8.5 995
1767291378164 8.5 996
1767291379184 8.5 997
1767291380206 8.5 998
1767291381223 8.5 999
1767291382243 8.5 1000
1767291383265 8.5 1001
1767291387220 8.5 1002
1767291388237 8.5 1003
1767291389255 8.5 1004
1767291390273 8.5 1005
1767291391290 8.5 1006
1767291392312 8.5 1007
1767291393331 8.5 1008
1767291394353 8.5 1009
1767291395387 8.5 1010
1767291396405 8.5 1011
1767291397422 8.5 1012
1767291398439 8.5 1013
1767291399466 8.5 1014
1767291400484 8.5 1015
1767291401503 8.5 1016
1767291402520 8.5 1017
1767291403539 8.5 1018
1767291404560 8.5 1019
1767291405611 8.5 1020
1767291406628 8.5 1021
1767291407648 8.5 1022
1767291408666 8.5 1023
1767291409689 8.5 1024
1767291410706 8.5 1025
1767291411724 8.5 1026
1767291412743 8.5 1027
1767291413763 8.5 1028
1767291414779 8.5 1029
1767291415797 8.5 1030
1767291416816 8.5 1031
1767291417840 8.5 1032
1767291421803 8.5 1033
1767291422824 8.5 1034
1767291423843 8.5 1035
1767291424867 8.5 1036
1767291425885 8.5 1037
1767291426907 8.5 1038
1767291427926 8.5 1039
1767291428944 8.5 1040
1767291429963 8.5 1041
1767291430981 8.5 1042
1767291432004 8.5 1043
1767291433027 8.5 1044
1767291434045 8.5 1045
1767291435064 8.5 1046
1767291436083 8.5 1047
1767291437102 8.5 1048
1767291438134 8.5 1049
1767291439151 8.5 1050
1767291440171 8.5 1051
1767291441194 8.5 1052
1767291442213 8.5 1053
1767291443231 8.5 1054
1767291444249 8.5 1055
1767291445267 8.5 1056
1767291446286 8.5 1057
1767291447303 8.5 1058
1767291448325 8.5 1059
1767291449346 8.5 1060
1767291450364 8.5 1061
1767291451381 8.5 1062
1767291452402 8.5 1063
1767291453421 8.5 1064
1767291457372 8.5 1065
1767291458391 8.5 1066
1767291459410 8.5 1067
1767291460430 8.5 1068
1767291461448 8.5 1069
1767291462477 8.5 1070
1767291463495 8.5 1071
1767291464512 8.5 1072
1767291465531 8.5 1073
1767291466549 8.5 1074
1767291467570 8.5 1075
1767291468589 8.5 1076
1767291469612 8.5 1077
1767291470633 8.5 1078
1767291471650 8.5 1079
1767291472669 8.5 1080
1767291473687 8.5 1081
1767291474706 8.5 1082
1767291475726 8.5 1083
1767291476745 8.5 1084
1767291477770 8.5 1085
1767291478789 8.5 1086
1767291479809 8.5 1087
1767291480830 8.5 1088
1767291481848 8.5 1089
1767291482866 8.5 1090
1767291483885 8.5 1091
1767291484904 8.5 1092
1767291485924 8.5 1093
1767291486949 8.5 1094
1767291487967 8.5 1095
1767291491907 8.5 1096
1767291492926 8.5 1097
1767291493945 8.5 1098
1767291494963 8.5 1099
1767291495982 8.5 1100
1767291497000 8.5 1101
1767291498019 8.5 1102
1767291499037 8.5 1103
1767291500055 8.5 1104
1767291501073 8.5 1105
1767291502093 8.5 1106
1767291503115 8.5 1107
1767291504134 8.5 1108
1767291505153 8.5 1109
1767291506173 8.5 1110
1767291507198 8.5 1111
1767291508216 8.5 1112
1767291509235 8.5 1113
1767291510253 8.5 1114
1767291511272 8.5 1115
1767291512291 8.5 1116
1767291513309 8.5 1117
1767291514327 8.5 1118
1767291515346 8.5 1119
1767291516365 8.5 1120
1767291517397 8.5 1121
1767291518416 8.5 1122
1767291519434 8.5 1123
1767291520456 8.5 1124
1767291521484 8.5 1125
1767291522507 8.5 1126
1767291523527 8.5 1127
1767291527480 8.5 1128
1767291528499 8.5 1129
1767291529520 8.5 1130
1767291530540 8.5 1131
1767291531560 8.5 1132
1767291532586 8.5 1133
1767291533605 8.5 1134
1767291534625 8.5 1135
1767291535644 8.5 1136
1767291536663 8.5 1137
1767291537689 8.5 1138
1767291538708 8.5 1139
1767291539729 8.5 1140
1767291540747 8.5 1141
1767291541776 8.5 1142
1767291542795 8.5 1143
1767291543813 8.5 1144
1767291544832 8.5 1145
1767291545853 8.5 1146
1767291546873 8.5 1147
1767291547894 8.5 1148
1767291548919 8.5 1149
1767291549937 8.5 1150
1767291550956 8.5 1151
1767291551975 8.5 1152
1767291552994 8.5 1153
1767291554015 8.5 1154
1767291555039 8.5 1155
1767291556058 8.5 1156
1767291557079 8.5 1157
1767291558099 8.5 1158
1767291559119 8.5 1159
1767291563076 8.5 1160
1767291564094 8.5 1161
1767291565116 8.5 1162
1767291566135 8.5 1163
1767291567154 8.5 1164
1767291568173 8.5 1165
1767291569195 8.5 1166
1767291570219 8.5 1167
1767291571244 8.5 1168
1767291572265 8.5 1169
1767291573286 8.5 1170
1767291574312 8.5 1171
1767291575332 8.5 1172
1767291576351 8.5 1173
1767291577372 8.5 1174
1767291578391 8.5 1175
1767291579410 8.5 1176
1767291580429 8.5 1177
1767291581449 8.5 1178
1767291582469 8.5 1179
1767291583491 8.5 1180
1767291584510 8.5 1181
1767291585530 8.5 1182
1767291586554 8.5 1183
1767291587575 8.5 1184
1767291588604 8.5 1185
1767291589627 8.5 1186
1767291590655 8.5 1187
1767291591686 8.5 1188
1767291592706 8.5 1189
1767291593724 8.5 1190
1767291597676 8.5 1191
1767291598695 8.5 1192
1767291599714 8.5 1193
1767291600739 8.5 1194
1767291601760 8.5 1195
1767291602787 8.5 1196
1767291603807 8.5 1197
1767291604826 8.5 1198
1767291605847 8.5 1199
1767291606867 8.5 1200
1767291607888 8.5 1201
1767291608914 8.5 1202
1767291609933 8.5 1203
1767291610953 8.5 1204
1767291611974 8.5 1205
1767291612993 8.5 1206
1767291614018 8.5 1207
1767291615039 8.5 1208
1767291616064 8.5 1209
1767291617084 8.5 1210
1767291618104 8.5 1211
1767291619126 8.5 1212
1767291620146 8.5 1213
1767291621167 8.5 1214
1767291622193 8.5 1215
1767291623213 8.5 1216
1767291624235 8.5 1217
1767291625256 8.5 1218
1767291626277 8.5 1219
1767291627303 8.5 1220
1767291628323 8.5 1221
1767291629343 8.5 1222
1767291633292 8.5 1223
1767291634314 8.5 1224
1767291635335 8.5 1225
1767291636361 8.5 1226
1767291637381 8.5 1227
1767291638401 8.5 1228
1767291639422 8.5 1229
1767291640444 8.5 1230
1767291641465 8.5 1231
1767291642491 8.5 1232
1767291643511 8.5 1233
1767291644534 8.5 1234
1767291645564 8.5 1235
1767291646586 8.5 1236
1767291647606 8.5 1237
1767291648626 8.5 1238
1767291649647 8.5 1239
1767291650669 8.5 1240
1767291651691 8.5 1241
1767291652712 8.5 1242
1767291653734 8.5 1243
1767291654754 8.5 1244
1767291655777 8.5 1245
1767291656800 8.5 1246
1767291657827 8.5 1247
1767291658852 8.5 1248
1767291659880 8.5 1249
1767291660903 8.5 1250
1767291661926 8.5 1251
1767291662953 8.5 1252
1767291663973 8.5 1253
1767291667926 8.5 1254
1767291668947 8.5 1255
1767291669968 8.5 1256
1767291670996 8.5 1257
1767291672017 8.5 1258
1767291673037 8.5 1259
1767291674061 8.5 1260
1767291675081 8.5 1261
1767291676106 8.5 1262
1767291677127 8.5 1263
1767291678148 8.5 1264
1767291679168 8.5 1265
1767291680188 8.5 1266
1767291681210 8.5 1267
1767291682231 8.5 1268
1767291683251 8.5 1269
1767291684273 8.5 1270
1767291685301 8.5 1271
1767291686321 8.5 1272
1767291687341 8.5 1273
1767291688362 8.5 1274
1767291689384 8.5 1275
1767291690404 8.5 1276
1767291691424 8.5 1277
1767291692447 8.5 1278
1767291693474 8.5 1279
1767291694493 8.5 1280
1767291695513 8.5 1281
1767291696534 8.5 1282
1767291697556 8.5 1283
1767291698577 8.5 1284
1767291699597 8.5 1285
1767291703546 8.5 1286
1767291704573 8.5 1287
1767291705593 8.5 1288
1767291706614 8.5 1289
1767291707635 8.5 1290
1767291708655 8.5 1291
1767291709677 8.5 1292
1767291710703 8.5 1293
1767291711724 8.5 1294
1767291712745 8.5 1295
1767291713767 8.5 1296
1767291714789 8.5 1297
1767291715811 8.5 1298
1767291716839 8.5 1299
1767291717859 8.5 1300
1767291718881 8.5 1301
1767291719904 8.5 1302
1767291720925 8.5 1303
1767291721949 8.5 1304
1767291722976 8.5 1305
1767291723996 8.5 1306
1767291725024 8.5 1307
1767291726047 8.5 1308
1767291727072 8.5 1309
1767291728095 8.5 1310
1767291729121 8.5 1311
1767291730144 8.5 1312
1767291731616 8.5 1313
1767291732644 8.5 1314
1767291733665 8.5 1315
1767291734687 8.5 1316
1767291738639 8.5 1317
1767291739661 8.5 1318
1767291740683 8.5 1319
1767291741709 8.5 1320
1767291742730 8.5 1321
1767291743751 8.5 1322
1767291744772 8.5 1323
1767291745793 8.5 1324
1767291746816 8.5 1325
1767291747838 8.5 1326
1767291748867 8.5 1327
1767291749890 8.5 1328
1767291750911 8.5 1329
1767291751931 8.5 1330
1767291752954 8.5 1331
1767291753977 8.5 1332
1767291754999 8.5 1333
1767291756027 8.5 1334
1767291757051 8.5 1335
1767291758073 8.5 1336
1767291759093 8.5 1337
1767291760115 8.5 1338
1767291761137 8.5 1339
1767291762161 8.5 1340
1767291763184 8.5 1341
1767291764206 8.5 1342
1767291765228 8.5 1343
1767291766257 8.5 1344
1767291767278 8.5 1345
1767291768316 8.5 1346
1767291769338 8.5 1347
1767291773293 8.5 1348
1767291774317 8.5 1349
1767291775339 8.5 1350
1767291776361 8.5 1351
1767291777385 8.5 1352
1767291778413 8.5 1353
1767291779434 8.5 1354
1767291780455 8.5 1355
1767291781480 8.5 1356
1767291782501 8.5 1357
1767291783526 8.5 1358
1767291784553 8.5 1359
1767291785580 8.5 1360
1767291786601 8.5 1361
1767291787625 8.5 1362
1767291788647 8.5 1363
1767291789671 8.5 1364
1767291790699 8.5 1365
1767291791720 8.5 1366
1767291792742 8.5 1367
1767291793898 8.5 1368
1767291794923 8.5 1369
1767291795945 8.5 1370
1767291796970 8.5 1371
1767291798011 8.5 1372
1767291799037 8.5 1373
1767291800059 8.5 1374
1767291801082 8.5 1375
1767291802111 8.5 1376
1767291803132 8.5 1377
1767291804154 8.5 1378
1767291805178 8.5 1379
1767291809128 8.5 1380
1767291810150 8.5 1381
1767291811184 8.5 1382
1767291812214 8.5 1383
1767291813238 8.5 1384
1767291814260 8.5 1385
1767291815284 8.5 1386
1767291816306 8.5 1387
1767291817328 8.5 1388
1767291818352 8.5 1389
1767291819374 8.5 1390
1767291820397 8.5 1391
1767291821426 8.5 1392
1767291822450 8.5 1393
1767291823471 8.5 1394
1767291824493 8.5 1395
1767291825516 8.5 1396
1767291826541 8.5 1397
1767291827563 8.5 1398
1767291828587 8.5 1399
1767291829610 8.5 1400
1767291830638 8.5 1401
1767291831660 8.5 1402
1767291832682 8.5 1403
1767291833704 8.5 1404
1767291834729 8.5 1405
1767291835752 8.5 1406
1767291836781 8.5 1407
1767291837803 8.5 1408
1767291838826 8.5 1409
1767291839848 8.5 1410
1767291843800 8.5 1411
1767291844825 8.5 1412
1767291845848 8.5 1413
1767291846873 8.5 1414
1767291847901 8.5 1415
1767291848923 8.5 1416
1767291849946 8.5 1417
1767291850970 8.5 1418
1767291851993 8.5 1419
1767291853025 8.5 1420
1767291854048 8.5 1421
1767291855072 8.5 1422
1767291856094 8.5 1423
1767291857121 8.5 1424
1767291858145 8.5 1425
1767291859171 8.5 1426
1767291860201 8.5 1427
1767291861224 8.5 1428
1767291862247 8.5 1429
1767291863285 8.5 1430
1767291864321 8.5 1431
1767291865349 8.5 1432
1767291866376 8.5 1433
1767291867404 8.5 1434
1767291868427 8.5 1435
1767291869453 8.5 1436
1767291870478 8.5 1437
1767291871506 8.5 1438
1767291872531 8.5 1439
1767291873562 8.5 1440
1767291874585 8.5 1441
1767291875612 8.5 1442
1767291879561 8.5 1443
1767291880590 8.5 1444
1767291881620 8.5 1445
1767291882644 8.5 1446
1767291883670 8.5 1447
1767291884695 8.5 1448
1767291885720 8.5 1449
1767291886750 8.5 1450
1767291887773 8.5 1451
1767291888796 8.5 1452
1767291889822 8.5 1453
1767291890846 8.5 1454
1767291891869 8.5 1455
1767291892896 8.5 1456
1767291893927 8.5 1457
1767291894952 8.5 1458
1767291895975 8.5 1459
1767291897000 8.5 1460
1767291898026 8.5 1461
1767291899050 8.5 1462
1767291900074 8.5 1463
1767291901104 8.5 1464
1767291902128 8.5 1465
1767291903151 8.5 1466
1767291904174 8.5 1467
1767291905199 8.5 1468
1767291906225 8.5 1469
1767291907248 8.5 1470
1767291908278 8.5 1471
1767291909302 8.5 1472
1767291910325 8.5 1473
1767291914281 8.5 1474
1767291915304 8.5 1475
1767291916330 8.5 1476
1767291917354 8.5 1477
1767291918379 8.5 1478
1767291919409 8.5 1479
1767291920431 8.5 1480
1767291921455 8.5 1481
1767291922481 8.5 1482
1767291923505 8.5 1483
1767291924538 8.5 1484
1767291925562 8.5 1485
1767291926586 8.5 1486
1767291927610 8.5 1487
1767291928637 8.5 1488
1767291929661 8.5 1489
1767291930687 8.5 1490
1767291931717 8.5 1491
1767291932744 8.5 1492
1767291933769 8.5 1493
1767291934798 8.5 1494
1767291935824 8.5 1495
1767291936852 8.5 1496
1767291937885 8.5 1497
1767291938909 8.5 1498
1767291939933 8.5 1499
1767291940956 8.5 1500
1767291941983 8.5 1501
1767291943009 8.5 1502
1767291944033 8.5 1503
1767291945064 8.5 1504
1767291946088 8.5 1505
1767291950035 8.5 1506
1767291951058 8.5 1507
1767291952082 8.5 1508
1767291953108 8.5 1509
1767291954133 8.5 1510
1767291955157 8.5 1511
1767291956182 8.5 1512
1767291957212 8.5 1513
1767291958235 8.5 1514
1767291959258 8.5 1515
1767291960282 8.5 1516
1767291961307 8.5 1517
1767291962332 8.5 1518
1767291963365 8.5 1519
1767291964393 8.5 1520
1767291965424 8.5 1521
1767291966447 8.5 1522
1767291967472 8.5 1523
1767291968495 8.5 1524
1767291969523 8.5 1525
1767291970547 8.5 1526
1767291971576 8.5 1527
1767291972601 8.5 1528
1767291973625 8.5 1529
1767291974649 8.5 1530
1767291975675 8.5 1531
1767291976700 8.5 1532
1767291977738 8.5 1533
1767291978763 8.5 1534
1767291979786 8.5 1535
1767291980810 8.5 1536
1767291984776 8.5 1537
1767291985803 8.5 1538
1767291986834 8.5 1539
1767291987861 8.5 1540
1767291988890 8.5 1541
1767291989914 8.5 1542
1767291990939 8.5 1543
1767291991965 8.5 1544
1767291992989 8.5 1545
1767291994016 8.5 1546
1767291995046 8.5 1547
1767291996069 8.5 1548
1767291997093 8.5 1549
1767291998120 8.5 1550
1767291999145 8.5 1551
1767292000172 8.5 1552
1767292001276 8.5 1553
1767292002304 8.5 1554
1767292003789 8.5 1555
1767292004820 8.5 1556
1767292005939 8.5 1557
1767292006969 8.5 1558
1767292007995 8.5 1559
1767292009021 8.5 1560
1767292010053 8.5 1561
1767292011078 8.5 1562
1767292012102 8.5 1563
1767292013128 8.5 1564
1767292014157 8.5 1565
1767292015182 8.5 1566
1767292016216 8.5 1567
1767292020173 8.5 1568
1767292021198 8.5 1569
1767292022227 8.5 1570
1767292023252 8.5 1571
1767292024277 8.5 1572
1767292025306 8.5 1573
1767292026337 8.5 1574
1767292027366 8.5 1575
1767292028392 8.5 1576
1767292029420 8.5 1577
1767292030445 8.5 1578
1767292031472 8.5 1579
1767292032504 8.5 1580
1767292033532 8.5 1581
1767292034558 8.5 1582
1767292035584 8.5 1583
1767292036609 8.5 1584
1767292037639 8.5 1585
1767292038671 8.5 1586
1767292039697 8.5 1587
1767292040727 8.5 1588
1767292041756 8.5 1589
1767292042781 8.5 1590
1767292043808 8.5 1591
1767292044839 8.5 1592
1767292045864 8.5 1593
1767292046892 8.5 1594
1767292047921 8.5 1595
1767292048948 8.5 1596
1767292049975 8.5 1597
1767292051000 8.5 1598
1767292054956 8.5 1599
1767292055982 8.5 1600
1767292057009 8.5 1601
1767292058041 8.5 1602
1767292059066 8.5 1603
1767292060095 8.5 1604
1767292061122 8.5 1605
1767292062148 8.5 1606
1767292063185 8.5 1607
1767292064210 8.5 1608
1767292065239 8.5 1609
1767292066264 8.5 1610
1767292067294 8.5 1611
1767292068325 8.5 1612
1767292069352 8.5 1613
1767292070380 8.5 1614
1767292071431 8.5 1615
1767292072471 8.5 1616
1767292073501 8.5 1617
1767292074527 8.5 1618
1767292075567 8.5 1619
1767292076595 8.5 1620
1767292077621 8.5 1621
1767292078648 8.5 1622
1767292079685 8.5 1623
1767292080712 8.5 1624
1767292081737 8.5 1625
1767292082763 8.5 1626
1767292083789 8.5 1627
1767292084816 8.5 1628
1767292085844 8.5 1629
1767292086870 8.5 1630
1767292090824 8.5 1631
1767292091850 8.5 1632
1767292092876 8.5 1633
1767292093902 8.5 1634
1767292094928 8.5 1635
1767292095952 8.5 1636
1767292096982 8.5 1637
1767292098008 8.5 1638
1767292099039 8.5 1639
1767292100065 8.5 1640
1767292101090 8.5 1641
1767292102115 8.5 1642
1767292103139 8.5 1643
1767292104172 8.5 1644
1767292105199 8.5 1645
1767292106228 8.5 1646
1767292107259 8.5 1647
1767292108285 8.5 1648
1767292109309 8.5 1649
1767292110337 8.5 1650
1767292111372 8.5 1651
1767292112400 8.5 1652
1767292113426 8.5 1653
1767292114452 8.5 1654
1767292115480 8.5 1655
1767292116505 8.5 1656
1767292117535 8.5 1657
1767292118567 8.5 1658
1767292119592 8.5 1659
1767292120617 8.5 1660
1767292121644 8.5 1661
1767292125607 8.5 1662
1767292126640 8.5 1663
1767292127666 8.5 1664
1767292128692 8.5 1665
1767292129717 8.5 1666
1767292130743 8.5 1667
1767292131771 8.5 1668
1767292132800 8.5 1669
1767292133832 8.5 1670
1767292134857 8.5 1671
1767292135883 8.5 1672
1767292136912 8.5 1673
1767292137938 8.5 1674
1767292138965 8.5 1675
1767292140446 8.5 1676
1767292141483 8.5 1677
1767292142512 8.5 1678
1767292143538 8.5 1679
1767292144567 8.5 1680
1767292145599 8.5 1681
1767292146626 8.5 1682
1767292147654 8.5 1683
1767292148686 8.5 1684
1767292149714 8.5 1685
1767292150739 8.5 1686
1767292151768 8.5 1687
1767292152794 8.5 1688
1767292153822 8.5 1689
1767292154856 8.5 1690
1767292155882 8.5 1691
1767292156908 8.5 1692
1767292160871 8.5 1693
1767292161899 8.5 1694
1767292162926 8.5 1695
1767292163964 8.5 1696
1767292164989 8.5 1697
1767292166019 8.5 1698
1767292167047 8.5 1699
1767292168074 8.5 1700
1767292169102 8.5 1701
1767292170135 8.5 1702
1767292171161 8.5 1703
1767292172193 8.5 1704
1767292173220 8.5 1705
1767292174260 8.5 1706
1767292175288 8.5 1707
1767292176315 8.5 1708
1767292177343 8.5 1709
1767292178369 8.5 1710
1767292179397 8.5 1711
1767292180430 8.5 1712
1767292181458 8.5 1713
1767292182488 8.5 1714
1767292183515 8.5 1715
1767292184544 8.5 1716
1767292185576 8.5 1717
1767292186602 8.5 1718
1767292187632 8.5 1719
1767292188658 8.5 1720
1767292189686 8.5 1721
1767292190720 8.5 1722
1767292191746 8.5 1723
1767292195701 8.5 1724
1767292196731 8.5 1725
1767292197758 8.5 1726
1767292198786 8.5 1727
1767292199819 8.5 1728
1767292200846 8.5 1729
1767292201874 8.5 1730
1767292202902 8.5 1731
1767292203930 8.5 1732
1767292204959 8.5 1733
1767292205993 8.5 1734
1767292207020 8.5 1735
1767292208048 8.5 1736
1767292209075 8.5 1737
1767292210102 8.5 1738
1767292211142 8.5 1739
1767292212174 8.5 1740
1767292213203 8.5 1741
1767292214234 8.5 1742
1767292215263 8.5 1743
1767292216290 8.5 1744
1767292217321 8.5 1745
1767292218350 8.5 1746
1767292219388 8.5 1747
1767292220422 8.5 1748
1767292221451 8.5 1749
1767292222478 8.5 1750
1767292223514 8.5 1751
1767292224557 8.5 1752
1767292225587 8.5 1753
1767292226614 8.5 1754
1767292230578 8.5 1755
1767292231607 8.5 1756
1767292232641 8.5 1757
1767292233671 8.5 1758
1767292234714 8.5 1759
1767292235740 8.5 1760
1767292236766 8.5 1761
1767292237792 8.5 1762
1767292238821 8.5 1763
1767292239869 8.5 1764
1767292240905 8.5 1765
1767292241939 8.5 1766
1767292242968 8.5 1767
1767292243994 8.5 1768
1767292245027 8.5 1769
1767292246076 8.5 1770
1767292247103 8.5 1771
1767292248138 8.5 1772
1767292249182 8.5 1773
1767292250209 8.5 1774
1767292251236 8.5 1775
1767292252270 8.5 1776
1767292253299 8.5 1777
1767292254335 8.5 1778
1767292255365 8.5 1779
1767292256393 8.5 1780
1767292257429 8.5 1781
1767292258466 8.5 1782
1767292259497 8.5 1783
1767292260523 8.5 1784
1767292261550 8.5 1785
1767292262579 8.5 1786
1767292266533 8.5 1787
1767292267563 8.5 1788
1767292268610 8.5 1789
1767292269641 8.5 1790
1767292270675 8.5 1791
1767292271702 8.5 1792
1767292272729 8.5 1793
1767292273756 8.5 1794
1767292274785 8.5 1795
1767292275812 8.5 1796
1767292276840 8.5 1797
1767292277868 8.5 1798
1767292278897 8.5 1799
1767292279926 8.5 1800
1767292280957 8.5 1801
1767292282003 8.5 1802
1767292283032 8.5 1803
1767292284059 8.5 1804
1767292285088 8.5 1805
1767292286115 8.5 1806
1767292287144 8.5 1807
1767292288188 8.5 1808
1767292289217 8.5 1809
1767292290245 8.5 1810
1767292291281 8.5 1811
1767292292309 8.5 1812
1767292293337 8.5 1813
1767292294377 8.5 1814
1767292295403 8.5 1815
1767292296435 8.5 1816
1767292297462 8.5 1817
1767292301423 8.5 1818
1767292302461 8.5 1819
1767292303489 8.5 1820
1767292304521 8.5 1821
1767292305557 8.5 1822
1767292306589 8.5 1823
1767292307619 8.5 1824
1767292308662 8.5 1825
1767292309701 8.5 1826
1767292310732 8.5 1827
1767292311760 8.5 1828
1767292312788 8.5 1829
1767292313818 8.5 1830
1767292314854 8.5 1831
1767292315883 8.5 1832
1767292316911 8.5 1833
1767292317944 8.5 1834
1767292318972 8.5 1835
1767292320026 8.5 1836
1767292321056 8.5 1837
1767292322086 8.5 1838
1767292323126 8.5 1839
1767292324156 8.5 1840
1767292325187 8.5 1841
1767292326215 8.5 1842
1767292327243 8.5 1843
1767292328273 8.5 1844
1767292329302 8.5 1845
1767292330330 8.5 1846
1767292331358 8.5 1847
1767292332390 8.5 1848
1767292336359 8.5 1849
1767292337407 8.5 1850
1767292338458 8.5 1851
1767292339489 8.5 1852
1767292340517 8.5 1853
1767292341560 8.5 1854
1767292342591 8.5 1855
1767292343621 8.5 1856
1767292344654 8.5 1857
1767292345683 8.5 1858
1767292346714 8.5 1859
1767292347742 8.5 1860
1767292348783 8.5 1861
1767292349811 8.5 1862
1767292350839 8.5 1863
1767292351868 8.5 1864
1767292352913 8.5 1865
1767292353944 8.5 1866
1767292354972 8.5 1867
1767292356022 8.5 1868
1767292357065 8.5 1869
1767292358095 8.5 1870
1767292359123 8.5 1871
1767292360159 8.5 1872
1767292361189 8.5 1873
1767292362216 8.5 1874
1767292363261 8.5 1875
1767292364289 8.5 1876
1767292365320 8.5 1877
1767292366350 8.5 1878
1767292367379 8.5 1879
1767292371347 8.5 1880
1767292372378 8.5 1881
1767292373409 8.5 1882
1767292374437 8.5 1883
1767292375483 8.5 1884
1767292376518 8.5 1885
1767292377547 8.5 1886
1767292378579 8.5 1887
1767292379620 8.5 1888
1767292380658 8.5 1889
1767292381692 8.5 1890
1767292382721 8.5 1891
1767292383763 8.5 1892
1767292384793 8.5 1893
1767292385832 8.5 1894
1767292386875 8.5 1895
1767292387907 8.5 1896
1767292388947 8.5 1897
1767292389982 8.5 1898
1767292391013 8.5 1899
1767292392043 8.5 1900
1767292393089 8.5 1901
1767292394120 8.5 1902
1767292395152 8.5 1903
1767292396194 8.5 1904
1767292397223 8.5 1905
1767292398256 8.5 1906
1767292399293 8.5 1907
1767292400330 8.5 1908
1767292401361 8.5 1909
1767292402392 8.5 1910
1767292403431 8.5 1911
1767292407387 8.5 1912
1767292408419 8.5 1913
1767292409449 8.5 1914
1767292410496 8.5 1915
1767292411528 8.5 1916
1767292412873 8.5 1917
1767292413904 8.5 1918
1767292414936 8.5 1919
1767292415980 8.5 1920
1767292417013 8.5 1921
1767292418044 8.5 1922
1767292419094 8.5 1923
1767292420124 8.5 1924
1767292421162 8.5 1925
1767292422194 8.5 1926
1767292423223 8.5 1927
1767292424264 8.5 1928
1767292425295 8.5 1929
1767292426327 8.5 1930
1767292427371 8.5 1931
1767292428399 8.5 1932
1767292429429 8.5 1933
1767292430459 8.5 1934
1767292431489 8.5 1935
1767292432536 8.5 1936
1767292433582 8.5 1937
1767292434629 8.5 1938
1767292435658 8.5 1939
1767292436690 8.5 1940
1767292437722 8.5 1941
1767292441681 8.5 1942
1767292442711 8.5 1943
1767292443753 8.5 1944
1767292444792 8.5 1945
1767292445822 8.5 1946
1767292446861 8.5 1947
1767292447903 8.5 1948
1767292448937 8.5 1949
1767292449965 8.5 1950
1767292450994 8.5 1951
1767292452040 8.5 1952
1767292453073 8.5 1953
1767292454109 8.5 1954
1767292455144 8.5 1955
1767292456178 8.5 1956
1767292457207 8.5 1957
1767292458236 8.5 1958
1767292459274 8.5 1959
1767292460324 8.5 1960
1767292461368 8.5 1961
1767292462420 8.5 1962
1767292463451 8.5 1963
1767292464484 8.5 1964
1767292465515 8.5 1965
1767292466545 8.5 1966
1767292467585 8.5 1967
1767292468623 8.5 1968
1767292469663 8.5 1969
1767292470692 8.5 1970
1767292471722 8.5 1971
1767292472754 8.5 1972
1767292473786 8.5 1973
1767292477747 8.5 1974
1767292478778 8.5 1975
1767292479819 8.5 1976
1767292480852 8.5 1977
1767292481882 8.5 1978
1767292482914 8.5 1979
1767292483944 8.5 1980
1767292484974 8.5 1981
1767292486006 8.5 1982
1767292487037 8.5 1983
1767292488066 8.5 1984
1767292489095 8.5 1985
1767292490138 8.5 1986
1767292491170 8.5 1987
1767292492202 8.5 1988
1767292493232 8.5 1989
1767292494275 8.5 1990
1767292495305 8.5 1991
1767292496338 8.5 1992
1767292497370 8.5 1993
1767292498402 8.5 1994
1767292499445 8.5 1995
1767292500475 8.5 1996
1767292501523 8.5 1997
1767292502563 8.5 1998
1767292503592 8.5 1999
1767292504626 8.5 2000
1767292505671 8.5 2001
1767292506701 8.5 2002
1767292507736 8.5 2003
1767292508787 8.5 2004
1767292512749 8.5 2005
1767292513780 8.5 2006
1767292514810 8.5 2007
1767292515840 8.5 2008
1767292516870 8.5 2009
1767292517924 8.5 2010
1767292518954 8.5 2011
1767292519996 8.5 2012
1767292521027 8.5 2013
1767292522065 8.5 2014
1767292523095 8.5 2015
1767292524128 8.5 2016
1767292525157 8.5 2017
1767292526193 8.5 2018
1767292527226 8.5 2019
1767292528271 8.5 2020
1767292529314 8.5 2021
1767292530347 8.5 2022
1767292531382 8.5 2023
1767292532417 8.5 2024
1767292533450 8.5 2025
1767292534483 8.5 2026
1767292535532 8.5 2027
1767292536570 8.5 2028
1767292537600 8.5 2029
1767292538631 8.5 2030
1767292539665 8.5 2031
1767292540696 8.5 2032
1767292541726 8.5 2033
1767292542759 8.5 2034
1767292543793 8.5 2035
1767292547758 8.5 2036
1767292548793 8.5 2037
1767292549824 8.5 2038
1767292550858 8.5 2039
1767292551901 8.5 2040
1767292552931 8.5 2041
1767292553965 8.5 2042
1767292554996 8.5 2043
1767292556029 8.5 2044
1767292557061 8.5 2045
1767292558092 8.5 2046
1767292559124 8.5 2047
1767292560155 8.5 2048
1767292561188 8.5 2049
1767292562218 8.5 2050
1767292563249 8.5 2051
1767292564280 8.5 2052
1767292565311 8.5 2053
1767292566341 8.5 2054
1767292567372 8.5 2055
1767292568405 8.5 2056
1767292569435 8.5 2057
1767292570468 8.5 2058
1767292571501 8.5 2059
1767292572536 8.5 2060
1767292573572 8.5 2061
1767292574607 8.5 2062
1767292575647 8.5 2063
1767292576682 8.5 2064
1767292577997 8.5 2065
1767292579029 8.5 2066
1767292582987 8.5 2067
1767292584018 8.5 2068
1767292585054 8.5 2069
1767292586087 8.5 2070
1767292587117 8.5 2071
1767292588150 8.5 2072
1767292589184 8.5 2073
1767292590218 8.5 2074
1767292591249 8.5 2075
1767292592285 8.5 2076
1767292593331 8.5 2077
1767292594363 8.5 2078
1767292595395 8.5 2079
1767292596425 8.5 2080
1767292597457 8.5 2081
1767292598491 8.5 2082
1767292599521 8.5 2083
1767292600554 8.5 2084
1767292601602 8.5 2085
1767292602649 8.5 2086
1767292603689 8.5 2087
1767292604720 8.5 2088
1767292605772 8.5 2089
1767292606804 8.5 2090
1767292607835 8.5 2091
1767292608867 8.5 2092
1767292609898 8.5 2093
1767292610932 8.5 2094
1767292611967 8.5 2095
1767292612999 8.5 2096
1767292614032 8.5 2097
1767292617993 8.5 2098
1767292619028 8.5 2099
1767292620059 8.5 2100
1767292621094 8.5 2101
1767292622126 8.5 2102
1767292623157 8.5 2103
1767292624200 8.5 2104
1767292625233 8.5 2105
1767292626267 8.5 2106
1767292627311 8.5 2107
1767292628352 8.5 2108
1767292629394 8.5 2109
1767292630426 8.5 2110
1767292631459 8.5 2111
1767292632502 8.5 2112
1767292633547 8.5 2113
1767292634580 8.5 2114
1767292635616 8.5 2115
1767292636647 8.5 2116
1767292637680 8.5 2117
1767292638711 8.5 2118
1767292639743 8.5 2119
1767292640777 8.5 2120
1767292641808 8.5 2121
1767292642853 8.5 2122
1767292643904 8.5 2123
1767292644939 8.5 2124
1767292645973 8.5 2125
1767292647004 8.5 2126
1767292648041 8.5 2127
1767292649086 8.5 2128
1767292653053 8.5 2129
1767292654089 8.5 2130
1767292655128 8.5 2131
1767292656165 8.5 2132
1767292657199 8.5 2133
1767292658231 8.5 2134
1767292659264 8.5 2135
1767292660297 8.5 2136
1767292661329 8.5 2137
1767292662362 8.5 2138
1767292663395 8.5 2139
1767292664428 8.5 2140
1767292665472 8.5 2141
1767292666504 8.5 2142
1767292667538 8.5 2143
1767292668572 8.5 2144
1767292669604 8.5 2145
1767292670639 8.5 2146
1767292671673 8.5 2147
1767292672709 8.5 2148
1767292673746 8.5 2149
1767292674791 8.5 2150
1767292675829 8.5 2151
1767292676861 8.5 2152
1767292677895 8.5 2153
1767292678928 8.5 2154
1767292679962 8.5 2155
1767292681000 8.5 2156
1767292682033 8.5 2157
1767292683066 8.5 2158
1767292684099 8.5 2159
1767292688058 8.5 2160
1767292689110 8.5 2161
1767292690144 8.5 2162
1767292691178 8.5 2163
1767292692211 8.5 2164
1767292693245 8.5 2165
1767292694278 8.5 2166
1767292695311 8.5 2167
1767292696345 8.5 2168
1767292697380 8.5 2169
1767292698415 8.5 2170
1767292699455 8.5 2171
1767292700492 8.5 2172
1767292701529 8.5 2173
1767292702574 8.5 2174
1767292703613 8.5 2175
1767292704673 8.5 2176
1767292705718 8.5 2177
1767292706756 8.5 2178
1767292707799 8.5 2179
1767292708834 8.5 2180
1767292709866 8.5 2181
1767292710899 8.5 2182
1767292711932 8.5 2183
1767292712966 8.5 2184
1767292714004 8.5 2185
1767292715045 8.5 2186
1767292716091 8.5 2187
1767292717127 8.5 2188
1767292718169 8.5 2189
1767292719202 8.5 2190
1767292723176 8.5 2191
1767292724219 8.5 2192
1767292725256 8.5 2193
1767292726289 8.5 2194
1767292727323 8.5 2195
1767292728357 8.5 2196
1767292729390 8.5 2197
1767292730433 8.5 2198
1767292731467 8.5 2199
1767292732500 8.5 2200
1767292733539 8.5 2201
1767292734586 8.5 2202
1767292735644 8.5 2203
1767292736683 8.5 2204
1767292737716 8.5 2205
1767292738748 8.5 2206
1767292739800 8.5 2207
1767292740835 8.5 2208
1767292741868 8.5 2209
1767292742902 8.5 2210
1767292743937 8.5 2211
1767292744969 8.5 2212
1767292746003 8.5 2213
1767292747036 8.5 2214
1767292748078 8.5 2215
1767292749115 8.5 2216
1767292750153 8.5 2217
1767292751186 8.5 2218
1767292752220 8.5 2219
1767292753254 8.5 2220
1767292754299 8.5 2221
1767292758260 8.5 2222
1767292759298 8.5 2223
1767292760332 8.5 2224
1767292761368 8.5 2225
1767292762410 8.5 2226
1767292763450 8.5 2227
1767292764486 8.5 2228
1767292765532 8.5 2229
1767292766567 8.5 2230
1767292767604 8.5 2231
1767292768638 8.5 2232
1767292769676 8.5 2233
1767292770709 8.5 2234
1767292771748 8.5 2235
1767292773063 8.5 2236
1767292774096 8.5 2237
1767292775129 8.5 2238
1767292776164 8.5 2239
1767292777201 8.5 2240
1767292778237 8.5 2241
1767292779285 8.5 2242
1767292780324 8.5 2243
1767292781370 8.5 2244
1767292782404 8.5 2245
1767292783439 8.5 2246
1767292784477 8.5 2247
1767292785512 8.5 2248
1767292786551 8.5 2249
1767292787590 8.5 2250
1767292788631 8.5 2251
1767292789685 8.5 2252
1767292793661 8.5 2253
1767292794700 8.5 2254
1767292795734 8.5 2255
1767292796770 8.5 2256
1767292797806 8.5 2257
1767292798845 8.5 2258
1767292799886 8.5 2259
1767292800926 8.5 2260
1767292801964 8.5 2261
1767292803002 8.5 2262
1767292804041 8.5 2263
1767292805085 8.5 2264
1767292806129 8.5 2265
1767292807164 8.5 2266
1767292808199 8.5 2267
1767292809235 8.5 2268
1767292810288 8.5 2269
1767292811324 8.5 2270
1767292812375 8.5 2271
1767292813412 8.5 2272
1767292814446 8.5 2273
1767292815480 8.5 2274
1767292816518 8.5 2275
1767292817553 8.5 2276
1767292818589 8.5 2277
1767292819635 8.5 2278
1767292820671 8.5 2279
1767292821707 8.5 2280
1767292822744 8.5 2281
1767292823784 8.5 2282
1767292824823 8.5 2283
1767292828807 8.5 2284
1767292829844 8.5 2285
1767292830880 8.5 2286
1767292831917 8.5 2287
1767292832954 8.5 2288
1767292833993 8.5 2289
1767292835039 8.5 2290
1767292836075 8.5 2291
1767292837122 8.5 2292
1767292838159 8.5 2293
1767292839205 8.5 2294
1767292840241 8.5 2295
1767292841281 8.5 2296
1767292842321 8.5 2297
1767292843368 8.5 2298
1767292844403 8.5 2299
1767292845437 8.5 2300
1767292846476 8.5 2301
1767292847511 8.5 2302
1767292848546 8.5 2303
1767292849581 8.5 2304
1767292850615 8.5 2305
1767292851649 8.5 2306
1767292852683 8.5 2307
1767292853722 8.5 2308
1767292854759 8.5 2309
1767292855805 8.5 2310
1767292856839 8.5 2311
1767292857877 8.5 2312
1767292858927 8.5 2313
1767292859962 8.5 2314
1767292863919 8.5 2315
1767292864954 8.5 2316
1767292865989 8.5 2317
1767292867041 8.5 2318
1767292868078 8.5 2319
1767292869121 8.5 2320
1767292870155 8.5 2321
1767292871211 8.5 2322
1767292872248 8.5 2323
1767292873294 8.5 2324
1767292874613 8.5 2325
1767292875649 8.5 2326
1767292876697 8.5 2327
1767292877733 8.5 2328
1767292878786 8.5 2329
1767292879822 8.5 2330
1767292880868 8.5 2331
1767292881912 8.5 2332
1767292882973 8.5 2333
1767292884016 8.5 2334
1767292885050 8.5 2335
1767292886086 8.5 2336
1767292887125 8.5 2337
1767292888162 8.5 2338
1767292889201 8.5 2339
1767292890240 8.5 2340
1767292891286 8.5 2341
1767292892326 8.5 2342
1767292893362 8.5 2343
1767292894398 8.5 2344
1767292895437 8.5 2345
1767292899429 8.5 2346
1767292900466 8.5 2347
1767292901521 8.5 2348
1767292902558 8.5 2349
1767292903603 8.5 2350
1767292904641 8.5 2351
1767292905677 8.5 2352
1767292906718 8.5 2353
1767292907754 8.5 2354
1767292908791 8.5 2355
1767292909826 8.5 2356
1767292910863 8.5 2357
1767292911900 8.5 2358
1767292912936 8.5 2359
1767292913973 8.5 2360
1767292915011 8.5 2361
1767292916047 8.5 2362
1767292917094 8.5 2363
1767292918139 8.5 2364
1767292919184 8.5 2365
1767292920219 8.5 2366
1767292921254 8.5 2367
1767292922290 8.5 2368
1767292923330 8.5 2369
1767292924377 8.5 2370
1767292925429 8.5 2371
1767292926467 8.5 2372
1767292927507 8.5 2373
1767292928549 8.5 2374
1767292929586 8.5 2375
1767292930621 8.5 2376
1767292934601 8.5 2377
1767292935643 8.5 2378
1767292936679 8.5 2379
1767292937717 8.5 2380
1767292938753 8.5 2381
1767292939793 8.5 2382
1767292940830 8.5 2383
1767292941867 8.5 2384
1767292943222 8.5 2385
1767292944257 8.5 2386
1767292945293 8.5 2387
1767292946335 8.5 2388
1767292947372 8.5 2389
1767292948411 8.5 2390
1767292949449 8.5 2391
1767292950489 8.5 2392
1767292951527 8.5 2393
1767292952564 8.5 2394
1767292953604 8.5 2395
1767292954642 8.5 2396
1767292955698 8.5 2397
1767292956736 8.5 2398
1767292957785 8.5 2399
1767292958827 8.5 2400
1767292959884 8.5 2401
1767292960931 8.5 2402
1767292961987 8.5 2403
1767292963024 8.5 2404
1767292964065 8.5 2405
1767292965101 8.5 2406
1767292966139 8.5 2407
1767292970108 8.5 2408
1767292971150 8.5 2409
1767292972195 8.5 2410
1767292973236 8.5 2411
1767292974275 8.5 2412
1767292975313 8.5 2413
1767292976349 8.5 2414
1767292977384 8.5 2415
1767292978420 8.5 2416
1767292979459 8.5 2417
1767292980497 8.5 2418
1767292981534 8.5 2419
1767292982571 8.5 2420
1767292983624 8.5 2421
1767292984664 8.5 2422
1767292985723 8.5 2423
1767292986770 8.5 2424
1767292987806 8.5 2425
1767292988843 8.5 2426
1767292989883 8.5 2427
1767292990920 8.5 2428
1767292991958 8.5 2429
1767292992995 8.5 2430
1767292994034 8.5 2431
1767292995073 8.5 2432
1767292996111 8.5 2433
1767292997150 8.5 2434
1767292998186 8.5 2435
1767292999223 8.5 2436
1767293000261 8.5 2437
1767293001300 8.5 2438
1767293005269 8.5 2439
1767293006307 8.5 2440
1767293007342 8.5 2441
1767293008389 8.5 2442
1767293009438 8.5 2443
1767293010475 8.5 2444
1767293011513 8.5 2445
1767293012548 8.5 2446
1767293013609 8.5 2447
1767293014644 8.5 2448
1767293015681 8.5 2449
1767293016722 8.5 2450
1767293017760 8.5 2451
1767293018800 8.5 2452
1767293019836 8.5 2453
1767293020873 8.5 2454
1767293021916 8.5 2455
1767293022955 8.5 2456
1767293023993 8.5 2457
1767293025035 8.5 2458
1767293026072 8.5 2459
1767293027113 8.5 2460
1767293028157 8.5 2461
1767293029193 8.5 2462
1767293030242 8.5 2463
1767293031277 8.5 2464
1767293032333 8.5 2465
1767293033380 8.5 2466
1767293034419 8.5 2467
1767293035459 8.5 2468
1767293036497 8.5 2469
1767293040483 8.5 2470
1767293041520 8.5 2471
1767293042556 8.5 2472
1767293043593 8.5 2473
1767293044629 8.5 2474
1767293045667 8.5 2475
1767293046705 8.5 2476
1767293047746 8.5 2477
1767293048795 8.5 2478
1767293049834 8.5 2479
1767293050874 8.5 2480
1767293051913 8.5 2481
1767293052964 8.5 2482
1767293054003 8.5 2483
1767293055039 8.5 2484
1767293056078 8.5 2485
1767293057118 8.5 2486
1767293058160 8.5 2487
1767293059200 8.5 2488
1767293060237 8.5 2489
1767293061274 8.5 2490
1767293062316 8.5 2491
1767293063358 8.5 2492
1767293064398 8.5 2493
1767293065437 8.5 2494
1767293066475 8.5 2495
1767293067512 8.5 2496
1767293068564 8.5 2497
1767293069603 8.5 2498
1767293070644 8.5 2499
1767293071681 8.5 2500
1767293075646 8.5 2501
1767293076686 8.5 2502
1767293077724 8.5 2503
1767293078761 8.5 2504
1767293079798 8.5 2505
1767293080839 8.5 2506
1767293081878 8.5 2507
1767293082916 8.5 2508
1767293083955 8.5 2509
1767293084993 8.5 2510
1767293086031 8.5 2511
1767293087094 8.5 2512
1767293088133 8.5 2513
1767293089171 8.5 2514
1767293090208 8.5 2515
1767293091249 8.5 2516
1767293092286 8.5 2517
1767293093331 8.5 2518
1767293094376 8.5 2519
1767293095416 8.5 2520
1767293096455 8.5 2521
1767293097496 8.5 2522
1767293098543 8.5 2523
1767293099583 8.5 2524
1767293100628 8.5 2525
1767293101671 8.5 2526
1767293102707 8.5 2527
1767293103745 8.5 2528
1767293104783 8.5 2529
1767293105823 8.5 2530
1767293106863 8.5 2531
1767293110832 8.5 2532
1767293111873 8.5 2533
1767293112912 8.5 2534
1767293113951 8.5 2535
1767293114989 8.5 2536
1767293116027 8.5 2537
1767293117068 8.5 2538
1767293118106 8.5 2539
1767293119160 8.5 2540
1767293120196 8.5 2541
1767293121235 8.5 2542
1767293122273 8.5 2543
1767293123326 8.5 2544
1767293124365 8.5 2545
1767293125411 8.5 2546
1767293126453 8.5 2547
1767293127493 8.5 2548
1767293128532 8.5 2549
1767293129572 8.5 2550
1767293130610 8.5 2551
1767293131650 8.5 2552
1767293132690 8.5 2553
1767293133729 8.5 2554
1767293134768 8.5 2555
1767293135815 8.5 2556
1767293136871 8.5 2557
1767293137909 8.5 2558
1767293138947 8.5 2559
1767293139987 8.5 2560
1767293141026 8.5 2561
1767293142063 8.5 2562
1767293146353 8.5 2563
1767293147413 8.5 2564
1767293148455 8.5 2565
1767293149497 8.5 2566
1767293150560 8.5 2567
1767293151602 8.5 2568
1767293152659 8.5 2569
1767293153707 8.5 2570
1767293154746 8.5 2571
1767293155788 8.5 2572
1767293156827 8.5 2573
1767293157865 8.5 2574
1767293158910 8.5 2575
1767293159949 8.5 2576
1767293160991 8.5 2577
1767293162031 8.5 2578
1767293163070 8.5 2579
1767293164113 8.5 2580
1767293165155 8.5 2581
1767293166215 8.5 2582
1767293167266 8.5 2583
1767293168305 8.5 2584
1767293169361 8.5 2585
1767293170408 8.5 2586
1767293171448 8.5 2587
1767293172492 8.5 2588
1767293173533 8.5 2589
1767293174593 8.5 2590
1767293175631 8.5 2591
1767293176671 8.5 2592
1767293180641 8.5 2593
1767293181679 8.5 2594
1767293182720 8.5 2595
1767293183765 8.5 2596
1767293184804 8.5 2597
1767293185845 8.5 2598
1767293186885 8.5 2599
1767293187924 8.5 2600
1767293188963 8.5 2601
1767293190008 8.5 2602
1767293191048 8.5 2603
1767293192087 8.5 2604
1767293193126 8.5 2605
1767293194167 8.5 2606
1767293195208 8.5 2607
1767293196247 8.5 2608
1767293197288 8.5 2609
1767293198332 8.5 2610
1767293199374 8.5 2611
1767293200433 8.5 2612
1767293201473 8.5 2613
1767293202513 8.5 2614
1767293203559 8.5 2615
1767293204617 8.5 2616
1767293205656 8.5 2617
1767293206695 8.5 2618
1767293207740 8.5 2619
1767293208778 8.5 2620
1767293209824 8.5 2621
1767293210865 8.5 2622
1767293211905 8.5 2623
1767293215877 8.5 2624
1767293216920 8.5 2625
1767293217979 8.5 2626
1767293219043 8.5 2627
1767293220088 8.5 2628
1767293221132 8.5 2629
1767293222182 8.5 2630
1767293223222 8.5 2631
1767293224261 8.5 2632
1767293225303 8.5 2633
1767293226342 8.5 2634
1767293227383 8.5 2635
1767293228434 8.5 2636
1767293229484 8.5 2637
1767293230523 8.5 2638
1767293231565 8.5 2639
1767293232605 8.5 2640
1767293233651 8.5 2641
1767293234690 8.5 2642
1767293235739 8.5 2643
1767293236803 8.5 2644
1767293237845 8.5 2645
1767293238889 8.5 2646
1767293239942 8.5 2647
1767293240987 8.5 2648
1767293242029 8.5 2649
1767293243080 8.5 2650
1767293244119 8.5 2651
1767293245160 8.5 2652
1767293246482 8.5 2653
1767293247524 8.5 2654
1767293251490 8.5 2655
1767293252531 8.5 2656
1767293253597 8.5 2657
1767293254637 8.5 2658
1767293255680 8.5 2659
1767293256723 8.5 2660
1767293257772 8.5 2661
1767293258818 8.5 2662
1767293259864 8.5 2663
1767293260912 8.5 2664
1767293261953 8.5 2665
1767293262997 8.5 2666
1767293264042 8.5 2667
1767293265082 8.5 2668
1767293266124 8.5 2669
1767293267162 8.5 2670
1767293268206 8.5 2671
1767293269267 8.5 2672
1767293270308 8.5 2673
1767293271351 8.5 2674
1767293272390 8.5 2675
1767293273445 8.5 2676
1767293274491 8.5 2677
1767293275541 8.5 2678
1767293276589 8.5 2679
1767293277628 8.5 2680
1767293278667 8.5 2681
1767293279718 8.5 2682
1767293280766 8.5 2683
1767293281809 8.5 2684
1767293282849 8.5 2685
1767293286825 8.5 2686
1767293287879 8.5 2687
1767293288933 8.5 2688
1767293289990 8.5 2689
1767293291039 8.5 2690
1767293292087 8.5 2691
1767293293128 8.5 2692
1767293294171 8.5 2693
1767293295212 8.5 2694
1767293296257 8.5 2695
1767293297302 8.5 2696
1767293298346 8.5 2697
1767293299387 8.5 2698
1767293300434 8.5 2699
1767293301477 8.5 2700
1767293302520 8.5 2701
1767293303562 8.5 2702
1767293304606 8.5 2703
1767293305650 8.5 2704
1767293306695 8.5 2705
1767293307739 8.5 2706
1767293308786 8.5 2707
1767293309831 8.5 2708
1767293310877 8.5 2709
1767293311918 8.5 2710
1767293312959 8.5 2711
1767293314004 8.5 2712
1767293315046 8.5 2713
1767293316088 8.5 2714
1767293317130 8.5 2715
1767293318171 8.5 2716
1767293322155 8.5 2717
1767293323195 8.5 2718
1767293324240 8.5 2719
1767293325279 8.5 2720
1767293326321 8.5 2721
1767293327364 8.5 2722
1767293328407 8.5 2723
1767293329450 8.5 2724
1767293330495 8.5 2725
1767293331538 8.5 2726
1767293332582 8.5 2727
1767293333623 8.5 2728
1767293334664 8.5 2729
1767293335705 8.5 2730
1767293336748 8.5 2731
1767293337798 8.5 2732
1767293338839 8.5 2733
1767293339881 8.5 2734
1767293340924 8.5 2735
1767293341969 8.5 2736
1767293343010 8.5 2737
1767293344052 8.5 2738
1767293345093 8.5 2739
1767293346136 8.5 2740
1767293347181 8.5 2741
1767293348223 8.5 2742
1767293349266 8.5 2743
1767293350604 8.5 2744
1767293351644 8.5 2745
1767293352689 8.5 2746
1767293356671 8.5 2747
1767293357714 8.5 2748
1767293358758 8.5 2749
1767293359810 8.5 2750
1767293360853 8.5 2751
1767293361914 8.5 2752
1767293362957 8.5 2753
1767293364000 8.5 2754
1767293365047 8.5 2755
1767293366093 8.5 2756
1767293367133 8.5 2757
1767293368183 8.5 2758
1767293369247 8.5 2759
1767293370300 8.5 2760
1767293371360 8.5 2761
1767293372401 8.5 2762
1767293373445 8.5 2763
1767293374491 8.5 2764
1767293375533 8.5 2765
1767293376577 8.5 2766
1767293377620 8.5 2767
1767293378662 8.5 2768
1767293379704 8.5 2769
1767293380767 8.5 2770
1767293381813 8.5 2771
1767293382865 8.5 2772
1767293383907 8.5 2773
1767293384953 8.5 2774
1767293386004 8.5 2775
1767293387048 8.5 2776
1767293388098 8.5 2777
1767293392075 8.5 2778
1767293393120 8.5 2779
1767293394161 8.5 2780
1767293395217 8.5 2781
1767293396280 8.5 2782
1767293397321 8.5 2783
1767293398363 8.5 2784
1767293399405 8.5 2785
1767293400446 8.5 2786
1767293401487 8.5 2787
1767293402530 8.5 2788
1767293403592 8.5 2789
1767293404656 8.5 2790
1767293405699 8.5 2791
1767293406742 8.5 2792
1767293407789 8.5 2793
1767293408831 8.5 2794
1767293409873 8.5 2795
1767293410915 8.5 2796
1767293411956 8.5 2797
1767293413007 8.5 2798
1767293414050 8.5 2799
1767293415091 8.5 2800
1767293416135 8.5 2801
1767293417176 8.5 2802
1767293418216 8.5 2803
1767293419267 8.5 2804
1767293420308 8.5 2805
1767293421352 8.5 2806
1767293422394 8.5 2807
1767293423438 8.5 2808
1767293427406 8.5 2809
1767293428448 8.5 2810
1767293429490 8.5 2811
1767293430531 8.5 2812
1767293431577 8.5 2813
1767293432620 8.5 2814
1767293433666 8.5 2815
1767293434708 8.5 2816
1767293435755 8.5 2817
1767293436803 8.5 2818
1767293437846 8.5 2819
1767293438889 8.5 2820
1767293439933 8.5 2821
1767293440975 8.5 2822
1767293442016 8.5 2823
1767293443059 8.5 2824
1767293444103 8.5 2825
1767293445144 8.5 2826
1767293446186 8.5 2827
1767293447245 8.5 2828
1767293448290 8.5 2829
1767293449334 8.5 2830
1767293450375 8.5 2831
1767293451441 8.5 2832
1767293452485 8.5 2833
1767293453533 8.5 2834
1767293454596 8.5 2835
1767293455639 8.5 2836
1767293456685 8.5 2837
1767293457729 8.5 2838
1767293458771 8.5 2839
1767293462745 8.5 2840
1767293463791 8.5 2841
1767293464834 8.5 2842
1767293465876 8.5 2843
1767293466919 8.5 2844
1767293467961 8.5 2845
1767293469004 8.5 2846
1767293470047 8.5 2847
1767293471093 8.5 2848
1767293472166 8.5 2849
1767293473212 8.5 2850
1767293474254 8.5 2851
1767293475297 8.5 2852
1767293476340 8.5 2853
1767293477383 8.5 2854
1767293478431 8.5 2855
1767293479474 8.5 2856
1767293480515 8.5 2857
1767293481560 8.5 2858
1767293482602 8.5 2859
1767293483654 8.5 2860
1767293484696 8.5 2861
1767293485741 8.5 2862
1767293487076 8.5 2863
1767293488127 8.5 2864
1767293489170 8.5 2865
1767293490213 8.5 2866
1767293491258 8.5 2867
1767293492308 8.5 2868
1767293493371 8.5 2869
1767293497332 8.5 2870
1767293498375 8.5 2871
1767293499418 8.5 2872
1767293500480 8.5 2873
1767293501530 8.5 2874
1767293502578 8.5 2875
1767293503634 8.5 2876
1767293504679 8.5 2877
1767293505723 8.5 2878
1767293506768 8.5 2879
1767293507813 8.5 2880
1767293508861 8.5 2881
1767293509905 8.5 2882
1767293510950 8.5 2883
1767293511994 8.5 2884
1767293513036 8.5 2885
1767293514079 8.5 2886
1767293515121 8.5 2887
1767293516178 8.5 2888
1767293517222 8.5 2889
1767293518265 8.5 2890
1767293519308 8.5 2891
1767293520360 8.5 2892
1767293521405 8.5 2893
1767293522448 8.5 2894
1767293523490 8.5 2895
1767293524549 8.5 2896
1767293525589 8.5 2897
1767293526632 8.5 2898
1767293527679 8.5 2899
1767293528735 8.5 2900
1767293532717 8.5 2901
1767293533761 8.5 2902
1767293534803 8.5 2903
1767293535846 8.5 2904
1767293536899 8.5 2905
1767293537940 8.5 2906
1767293539003 8.5 2907
1767293540050 8.5 2908
1767293541093 8.5 2909
1767293542137 8.5 2910
1767293543181 8.5 2911
1767293544225 8.5 2912
1767293545270 8.5 2913
1767293546315 8.5 2914
1767293547358 8.5 2915
1767293548400 8.5 2916
1767293549445 8.5 2917
1767293550491 8.5 2918
1767293551537 8.5 2919
1767293552583 8.5 2920
1767293553626 8.5 2921
1767293554674 8.5 2922
1767293555717 8.5 2923
1767293556781 8.5 2924
1767293557835 8.5 2925
1767293558883 8.5 2926
1767293559931 8.5 2927
1767293560978 8.5 2928
1767293562028 8.5 2929
1767293563381 8.5 2930
1767293564425 8.5 2931
1767293568398 8.5 2932
1767293569451 8.5 2933
1767293570494 8.5 2934
1767293571539 8.5 2935
1767293572583 8.5 2936
1767293573628 8.5 2937
1767293574672 8.5 2938
1767293575718 8.5 2939
1767293576777 8.5 2940
1767293577830 8.5 2941
1767293578874 8.5 2942
1767293579922 8.5 2943
1767293580966 8.5 2944
1767293582020 8.5 2945
1767293583065 8.5 2946
1767293584131 8.5 2947
1767293585188 8.5 2948
1767293586232 8.5 2949
1767293587283 8.5 2950
1767293588346 8.5 2951
1767293589392 8.5 2952
1767293590441 8.5 2953
1767293591486 8.5 2954
1767293592538 8.5 2955
1767293593584 8.5 2956
1767293594632 8.5 2957
1767293595675 8.5 2958
1767293596721 8.5 2959
1767293597766 8.5 2960
1767293598823 8.5 2961
1767293602808 8.5 2962
1767293603855 8.5 2963
1767293604899 8.5 2964
1767293605943 8.5 2965
1767293606988 8.5 2966
1767293608048 8.5 2967
1767293609097 8.5 2968
1767293610143 8.5 2969
1767293611187 8.5 2970
1767293612237 8.5 2971
1767293613286 8.5 2972
1767293614333 8.5 2973
1767293615378 8.5 2974
1767293616738 8.5 2975
1767293617784 8.5 2976
1767293618832 8.5 2977
1767293619881 8.5 2978
1767293620932 8.5 2979
1767293621981 8.5 2980
1767293623026 8.5 2981
1767293624076 8.5 2982
1767293625127 8.5 2983
1767293626179 8.5 2984
1767293627224 8.5 2985
1767293628270 8.5 2986
1767293629321 8.5 2987
1767293630366 8.5 2988
1767293631410 8.5 2989
1767293632455 8.5 2990
1767293633500 8.5 2991
1767293634548 8.5 2992
1767293638523 8.5 2993
1767293639568 8.5 2994
1767293640615 8.5 2995
1767293641673 8.5 2996
1767293642725 8.5 2997
1767293643782 8.5 2998
1767293644825 8.5 2999
1767293645874 8.5 3000
1767293646919 8.5 3001
1767293647966 8.5 3002
1767293649016 8.5 3003
1767293650062 8.5 3004
1767293651107 8.5 3005
1767293652150 8.5 3006
1767293653196 8.5 3007
1767293654244 8.5 3008
1767293655572 8.5 3009
1767293656617 8.5 3010
1767293657661 8.5 3011
1767293658705 8.5 3012
1767293659750 8.5 3013
1767293660808 8.5 3014
1767293661856 8.5 3015
1767293662916 8.5 3016
1767293663963 8.5 3017
1767293665008 8.5 3018
1767293666052 8.5 3019
1767293667119 8.5 3020
1767293668164 8.5 3021
1767293669210 8.5 3022
1767293673205 8.5 3023
1767293674249 8.5 3024
1767293675296 8.5 3025
1767293676364 8.5 3026
1767293677432 8.5 3027
1767293678479 8.5 3028
1767293679525 8.5 3029
1767293680592 8.5 3030
1767293681646 8.5 3031
1767293682693 8.5 3032
1767293683739 8.5 3033
1767293684787 8.5 3034
1767293685836 8.5 3035
1767293686906 8.5 3036
1767293687950 8.5 3037
1767293689012 8.5 3038
1767293690063 8.5 3039
1767293691111 8.5 3040
1767293692162 8.5 3041
1767293693208 8.5 3042
1767293694255 8.5 3043
1767293695302 8.5 3044
1767293696362 8.5 3045
1767293697408 8.5 3046
1767293698453 8.5 3047
1767293699498 8.5 3048
1767293700544 8.5 3049
1767293701590 8.5 3050
1767293702648 8.5 3051
1767293703696 8.5 3052
1767293704750 8.5 3053
1767293708725 8.5 3054
1767293709768 8.5 3055
1767293710815 8.5 3056
1767293711861 8.5 3057
1767293712908 8.5 3058
1767293713958 8.5 3059
1767293715009 8.5 3060
1767293716060 8.5 3061
1767293717105 8.5 3062
1767293718159 8.5 3063
1767293719210 8.5 3064
1767293720259 8.5 3065
1767293721305 8.5 3066
1767293722351 8.5 3067
1767293723407 8.5 3068
1767293724466 8.5 3069
1767293725528 8.5 3070
1767293726585 8.5 3071
1767293727630 8.5 3072
1767293728688 8.5 3073
1767293729735 8.5 3074
1767293730783 8.5 3075
1767293731830 8.5 3076
1767293732878 8.5 3077
1767293733924 8.5 3078
1767293734969 8.5 3079
1767293736032 8.5 3080
1767293737081 8.5 3081
1767293738129 8.5 3082
1767293739191 8.5 3083
1767293740245 8.5 3084
1767293744219 8.5 3085
1767293745266 8.5 3086
1767293746312 8.5 3087
1767293747360 8.5 3088
1767293748410 8.5 3089
1767293749454 8.5 3090
1767293750504 8.5 3091
1767293751549 8.5 3092
1767293752600 8.5 3093
1767293753666 8.5 3094
1767293754713 8.5 3095
1767293755762 8.5 3096
1767293756807 8.5 3097
1767293757853 8.5 3098
1767293758900 8.5 3099
1767293759947 8.5 3100
1767293761000 8.5 3101
1767293762047 8.5 3102
1767293763110 8.5 3103
1767293764170 8.5 3104
1767293765213 8.5 3105
1767293766264 8.5 3106
1767293767309 8.5 3107
1767293768354 8.5 3108
1767293769399 8.5 3109
1767293770447 8.5 3110
1767293771500 8.5 3111
1767293772569 8.5 3112
1767293773618 8.5 3113
1767293774689 8.5 3114
1767293778686 8.5 3115
1767293779753 8.5 3116
1767293780798 8.5 3117
1767293781846 8.5 3118
1767293782891 8.5 3119
1767293783952 8.5 3120
1767293785002 8.5 3121
1767293786066 8.5 3122
1767293787112 8.5 3123
1767293788182 8.5 3124
1767293789228 8.5 3125
1767293790279 8.5 3126
1767293791325 8.5 3127
1767293792380 8.5 3128
1767293793430 8.5 3129
1767293794480 8.5 3130
1767293795527 8.5 3131
1767293796574 8.5 3132
1767293797635 8.5 3133
1767293798681 8.5 3134
1767293799747 8.5 3135
1767293800801 8.5 3136
1767293801848 8.5 3137
1767293802894 8.5 3138
1767293803943 8.5 3139
1767293805011 8.5 3140
1767293806078 8.5 3141
1767293807428 8.5 3142
1767293808474 8.5 3143
1767293809522 8.5 3144
1767293810583 8.5 3145
1767293814563 8.5 3146
1767293815609 8.5 3147
1767293816665 8.5 3148
1767293817713 8.5 3149
1767293818759 8.5 3150
1767293819804 8.5 3151
1767293820850 8.5 3152
1767293821897 8.5 3153
1767293822951 8.5 3154
1767293824002 8.5 3155
1767293825056 8.5 3156
1767293826102 8.5 3157
1767293827148 8.5 3158
1767293828195 8.5 3159
1767293829252 8.5 3160
1767293830321 8.5 3161
1767293831375 8.5 3162
1767293832424 8.5 3163
1767293833484 8.5 3164
1767293834531 8.5 3165
1767293835592 8.5 3166
1767293836637 8.5 3167
1767293837701 8.5 3168
1767293838761 8.5 3169
1767293839822 8.5 3170
1767293840872 8.5 3171
1767293841921 8.5 3172
1767293842969 8.5 3173
1767293844019 8.5 3174
1767293845069 8.5 3175
1767293849047 8.5 3176
1767293850094 8.5 3177
1767293851151 8.5 3178
1767293852206 8.5 3179
1767293853273 8.5 3180
1767293854334 8.5 3181
1767293855394 8.5 3182
1767293856441 8.5 3183
1767293857495 8.5 3184
1767293858544 8.5 3185
1767293859602 8.5 3186
1767293860656 8.5 3187
1767293861705 8.5 3188
1767293862752 8.5 3189
1767293863803 8.5 3190
1767293864864 8.5 3191
1767293865914 8.5 3192
1767293866992 8.5 3193
1767293868057 8.5 3194
1767293869104 8.5 3195
1767293870152 8.5 3196
1767293871200 8.5 3197
1767293872263 8.5 3198
1767293873337 8.5 3199
1767293874385 8.5 3200
1767293875452 8.5 3201
1767293876497 8.5 3202
1767293877545 8.5 3203
1767293878592 8.5 3204
1767293879641 8.5 3205
1767293880696 8.5 3206
1767293884676 8.5 3207
1767293885727 8.5 3208
1767293887066 8.5 3209
1767293888113 8.5 3210
1767293889162 8.5 3211
1767293890221 8.5 3212
1767293891271 8.5 3213
1767293892321 8.5 3214
1767293893373 8.5 3215
1767293894419 8.5 3216
1767293895472 8.5 3217
1767293896521 8.5 3218
1767293897569 8.5 3219
1767293898636 8.5 3220
1767293899693 8.5 3221
1767293900743 8.5 3222
1767293901793 8.5 3223
1767293902844 8.5 3224
1767293903894 8.5 3225
1767293904946 8.5 3226
1767293906007 8.5 3227
1767293907057 8.5 3228
1767293908110 8.5 3229
1767293909163 8.5 3230
1767293910215 8.5 3231
1767293911266 8.5 3232
1767293912320 8.5 3233
1767293913383 8.5 3234
1767293914435 8.5 3235
1767293915491 8.5 3236
1767293919471 8.5 3237
1767293920522 8.5 3238
1767293921579 8.5 3239
1767293922633 8.5 3240
1767293923692 8.5 3241
1767293924744 8.5 3242
1767293925812 8.5 3243
1767293926860 8.5 3244
1767293927910 8.5 3245
1767293928976 8.5 3246
1767293930024 8.5 3247
1767293931088 8.5 3248
1767293932142 8.5 3249
1767293933194 8.5 3250
1767293934247 8.5 3251
1767293935303 8.5 3252
1767293936354 8.5 3253
1767293937412 8.5 3254
1767293938762 8.5 3255
1767293939813 8.5 3256
1767293940866 8.5 3257
1767293941918 8.5 3258
1767293942971 8.5 3259
1767293944024 8.5 3260
1767293945073 8.5 3261
1767293946122 8.5 3262
1767293947173 8.5 3263
1767293948226 8.5 3264
1767293949277 8.5 3265
1767293950328 8.5 3266
1767293951381 8.5 3267
1767293955361 8.5 3268
1767293956414 8.5 3269
1767293957466 8.5 3270
1767293958521 8.5 3271
1767293959573 8.5 3272
1767293960625 8.5 3273
1767293961690 8.5 3274
1767293962754 8.5 3275
1767293963806 8.5 3276
1767293964860 8.5 3277
1767293965921 8.5 3278
1767293966974 8.5 3279
1767293968023 8.5 3280
1767293969074 8.5 3281
1767293970124 8.5 3282
1767293971177 8.5 3283
1767293972244 8.5 3284
1767293973296 8.5 3285
1767293974349 8.5 3286
1767293975401 8.5 3287
1767293976450 8.5 3288
1767293977781 8.5 3289
