1767290278353 939178.6 0
1767290279371 939178.5 1
1767290280386 939178.5 2
1767290281389 939178.5 3
1767290282394 939176.6 4
1767290283398 939172.6 5
1767290284401 939141.7 6
1767290285404 939141.3 7
1767290286408 939138.2 8
1767290287411 939133.3 9
1767290288414 939133.3 10
1767290289419 939129.7 11
1767290290422 939107.5 12
1767290291425 939108.9 13
1767290292429 939108.8 14
1767290296366 939108.8 15
1767290297370 939108.8 16
1767290298374 939108.8 17
1767290299377 939108.8 18
1767290300381 939178.5 19
1767290301385 939178.5 20
1767290302388 939178.5 21
1767290303406 939178.5 22
1767290304414 939178.5 23
1767290305417 939178.5 24
1767290306421 939178.5 25
1767290307426 939178.5 26
1767290308429 939178.5 27
1767290309433 939178.5 28
1767290310436 939178.5 29
1767290311440 939178.5 30
1767290312443 939178.5 31
1767290313448 939178.5 32
1767290314451 939178.5 33
1767290315455 939178.5 34
1767290316459 939178.5 35
1767290317465 939178.5 36
1767290318469 939178.5 37
1767290319479 939178.5 38
1767290320489 939178.5 39
1767290321496 939178.5 40
1767290322502 939178.5 41
1767290323506 939178.5 42
1767290324511 939178.5 43
1767290325515 939178.5 44
1767290326518 939178.5 45
1767290327533 939178.5 46
1767290331471 939178.5 47
1767290332475 939178.5 48
1767290333479 939178.5 49
1767290334483 939178.5 50
1767290335487 939178.5 51
1767290336492 939178.5 52
1767290337496 939178.5 53
1767290338500 939178.5 54
1767290339504 939178.5 55
1767290340514 939178.5 56
1767290341521 939178.5 57
1767290342530 939178.5 58
1767290343534 939178.5 59
1767290344543 939178.5 60
1767290345550 939178.5 61
1767290346555 939178.5 62
1767290347566 939178.5 63
1767290348580 939178.5 64
1767290349596 939178.5 65
1767290350605 939178.5 66
1767290351614 939178.5 67
1767290352618 939178.5 68
1767290353623 939178.5 69
1767290354627 939178.5 70
1767290355631 939178.5 71
1767290356761 939178.5 72
1767290357778 939178.5 73
1767290358921 939178.5 74
1767290359927 939178.4 75
1767290360934 939178.4 76
1767290361948 939178.4 77
1767290362963 939178.4 78
1767290366892 939178.4 79
1767290367897 939178.4 80
1767290368901 939178.4 81
1767290369906 939178.4 82
1767290370912 939178.4 83
1767290371929 939178.4 84
1767290372939 939178.4 85
1767290373956 939178.4 86
1767290374969 939178.4 87
1767290375976 939177.4 88
1767290376989 939177.4 89
1767290378006 939177.4 90
1767290379022 939177.4 91
1767290380030 939177.4 92
1767290381042 939177.4 93
1767290382054 939177.4 94
1767290383060 939177.4 95
1767290384066 939177.4 96
1767290385070 939177.4 97
1767290386075 939177.4 98
1767290387088 939177.4 99
1767290388117 939177.4 100
1767290389125 939177.4 101
1767290390130 939177.4 102
1767290391136 939177.4 103
1767290392141 939177.4 104
1767290393158 939177.4 105
1767290394165 939177.4 106
1767290395170 939177.4 107
1767290396174 939177.4 108
1767290397181 939177.4 109
1767290398193 939177.4 110
1767290402142 939177.4 111
1767290403159 939177.4 112
1767290404180 939177.4 113
1767290405195 939177.4 114
1767290406201 939177.4 115
1767290407209 939177.4 116
1767290408218 939177.4 117
1767290409227 939177.4 118
1767290410235 939177.4 119
1767290411252 939177.4 120
1767290412268 939177.4 121
1767290413273 939177.4 122
1767290414280 939177.4 123
1767290415287 939177.4 124
1767290416298 939177.4 125
1767290417311 939177.4 126
1767290418322 939177.4 127
1767290419330 939177.4 128
1767290420337 939177.4 129
1767290421349 939177.4 130
1767290422361 939177.4 131
1767290423370 939177.4 132
1767290424378 939177.4 133
1767290425385 939177.4 134
1767290426396 939177.4 135
1767290427414 939177.4 136
1767290428433 939177.4 137
1767290429451 939177.4 138
1767290430460 939177.4 139
1767290431469 939177.4 140
1767290432483 939177.4 141
1767290436420 939177.4 142
1767290437427 939177.4 143
1767290438434 939177.4 144
1767290439439 939177.4 145
1767290440444 939177.4 146
1767290441452 939177.4 147
1767290442458 939177.4 148
1767290443463 939177.4 149
1767290444477 939177.4 150
1767290445489 939177.4 151
1767290446496 939177.4 152
1767290447501 939177.4 153
1767290448509 939177.4 154
1767290449524 939177.4 155
1767290450531 939177.4 156
1767290451543 939177.4 157
1767290452551 939177.4 158
1767290453556 939177.4 159
1767290454573 939177.4 160
1767290455581 939177.4 161
1767290456587 939177.4 162
1767290457610 939177.4 163
1767290458623 939177.4 164
1767290459632 939177.4 165
1767290460639 939177.4 166
1767290461644 939177.4 167
1767290462662 939177.4 168
1767290463669 939177.4 169
1767290464686 939177.4 170
1767290465694 939177.4 171
1767290466700 939177.4 172
1767290467706 939177.4 173
1767290471651 939177.4 174
1767290472766 939177.4 175
1767290473776 939177.3 176
1767290474792 939177.4 177
1767290475810 939177.4 178
1767290476816 939177.4 179
1767290477830 939177.4 180
1767290478839 939177.4 181
1767290479846 939177.4 182
1767290480858 939177.4 183
1767290481872 939177.4 184
1767290482880 939177.4 185
1767290483889 939177.4 186
1767290484905 939177.4 187
1767290485916 939177.4 188
1767290486929 939177.4 189
1767290487939 939177.4 190
1767290488947 939177.4 191
1767290489955 939177.4 192
1767290490960 939177.4 193
1767290491966 939177.4 194
1767290492980 939177.4 195
1767290493996 939177.4 196
1767290495009 939177.4 197
1767290496017 939177.4 198
1767290497022 939177.4 199
1767290498028 939177.3 200
1767290499045 939177.3 201
1767290500053 939177.3 202
1767290501060 939177.3 203
1767290502074 939177.3 204
1767290503091 939177.3 205
1767290507029 939177.3 206
1767290508047 939177.3 207
1767290509055 939177.3 208
1767290510064 939177.3 209
1767290511071 939177.3 210
1767290512078 939177.3 211
1767290513084 939177.3 212
1767290514097 939177.3 213
1767290515105 939177.3 214
1767290516120 939177.3 215
1767290517127 939177.3 216
1767290518133 939177.3 217
1767290519142 939177.3 218
1767290520160 939177.3 219
1767290521167 939177.3 220
1767290522175 939177.3 221
1767290523183 939177.3 222
1767290524198 939177.3 223
1767290525209 939177.3 224
1767290526215 939177.3 225
1767290527235 939177.3 226
1767290528258 939177.3 227
1767290529270 939177.3 228
1767290530277 939177.3 229
1767290531283 939177.3 230
1767290532294 939177.3 231
1767290533314 939177.3 232
1767290534323 939177.3 233
1767290535330 939177.3 234
1767290536338 939177.3 235
1767290537366 939177.3 236
1767290538374 939177.3 237
1767290542309 939177.3 238
1767290543323 939177.3 239
1767290544337 939177.3 240
1767290545352 939177.3 241
1767290546361 939177.3 242
1767290547368 939177.3 243
1767290548374 939177.3 244
1767290549380 939177.3 245
1767290550388 939177.3 246
1767290551396 939177.3 247
1767290552402 939177.3 248
1767290553415 939177.3 249
1767290554433 939177.3 250
1767290555447 939177.3 251
1767290556458 939177.3 252
1767290557471 939177.3 253
1767290558481 939177.3 254
1767290559495 939177.3 255
1767290560502 939177.3 256
1767290561517 939177.3 257
1767290562526 939177.3 258
1767290563535 939177.3 259
1767290564543 939177.3 260
1767290565558 939177.3 261
1767290566568 939177.3 262
1767290567580 939177.3 263
1767290568594 939177.3 264
1767290569606 939177.3 265
1767290570622 939177.3 266
1767290571637 939177.3 267
1767290572645 939177.3 268
1767290573656 939177.3 269
1767290577600 939177.3 270
1767290578616 939177.3 271
1767290579626 939177.3 272
1767290580644 939177.3 273
1767290581653 939177.3 274
1767290582670 939177.3 275
1767290583689 939177.3 276
1767290584708 939177.3 277
1767290585724 939177.3 278
1767290586736 939177.3 279
1767290587749 939177.3 280
1767290588757 939177.3 281
1767290589768 939177.3 282
1767290590779 939177.3 283
1767290591788 939177.3 284
1767290592798 939177.3 285
1767290593807 939177.3 286
1767290594816 939177.3 287
1767290595825 939177.3 288
1767290596840 939177.3 289
1767290597851 939177.3 290
1767290598861 939177.3 291
1767290599883 939177.3 292
1767290600896 939177.3 293
1767290601906 939177.3 294
1767290602917 939177.3 295
1767290603938 939177.3 296
1767290604949 939177.3 297
1767290605958 939177.3 298
1767290606966 939177.3 299
1767290607975 939177.3 300
1767290608982 939177.3 301
1767290612932 939177.3 302
1767290613944 939177.3 303
1767290614968 939177.3 304
1767290615978 939177.3 305
1767290616987 939177.3 306
1767290617996 939177.3 307
1767290619012 939177.3 308
1767290620026 939177.3 309
1767290621034 939177.3 310
1767290622048 939177.3 311
1767290623074 939177.3 312
1767290624084 939177.3 313
1767290625105 939177.3 314
1767290626121 939177.3 315
1767290627143 939177.3 316
1767290628153 939177.3 317
1767290629160 939177.3 318
1767290630167 939177.3 319
1767290631177 939177.2 320
1767290632188 939177.2 321
1767290633202 939177.2 322
1767290634210 939177.2 323
1767290635217 939177.2 324
1767290636225 939177.2 325
1767290637232 939177.2 326
1767290638239 939177.2 327
1767290639246 939177.2 328
1767290640254 939177.2 329
1767290641265 939177.2 330
1767290642275 939177.2 331
1767290643292 939177.2 332
1767290644299 939177.2 333
1767290648233 939177.2 334
1767290649240 939177.2 335
1767290650248 939177.2 336
1767290651257 939177.2 337
1767290652265 939177.2 338
1767290653274 939177.2 339
1767290654282 939177.2 340
1767290655289 939177.2 341
1767290656300 939177.2 342
1767290657312 939177.2 343
1767290658320 939177.2 344
1767290659328 939177.2 345
1767290660335 939177.2 346
1767290661343 939177.2 347
1767290662351 939177.2 348
1767290663360 939177.2 349
1767290664368 939177.2 350
1767290665377 939177.2 351
1767290666386 939177.2 352
1767290667401 939177.2 353
1767290668408 939177.2 354
1767290669416 939177.2 355
1767290670424 939177.2 356
1767290671431 939177.2 357
1767290672439 939177.2 358
1767290673447 939177.2 359
1767290674454 939177.2 360
1767290675470 939177.2 361
1767290676479 939177.2 362
1767290677487 939177.2 363
1767290678494 939177.2 364
1767290679503 939177.2 365
1767290683446 939177.2 366
1767290684454 939177.2 367
1767290685461 939177.2 368
1767290686469 939177.2 369
1767290687488 939177.2 370
1767290688497 939177.2 371
1767290689506 939177.2 372
1767290690513 939177.2 373
1767290691522 939177.2 374
1767290692533 939177.2 375
1767290693541 939177.2 376
1767290694550 939177.2 377
1767290695566 939177.2 378
1767290696577 939177.2 379
1767290697586 939163.5 380
1767290698596 939163.5 381
1767290699607 939163.5 382
1767290700616 939163.5 383
1767290701625 939163.5 384
1767290702633 939163.5 385
1767290703641 939163.5 386
1767290704653 939163.5 387
1767290705663 939163.5 388
1767290706678 939163.5 389
1767290707686 939163.5 390
1767290708695 939163.5 391
1767290709703 939163.5 392
1767290710712 939163.5 393
1767290711720 939163.5 394
1767290712730 939163.5 395
1767290713739 939163.5 396
1767290714747 939163.5 397
1767290718684 939163.5 398
1767290719700 939163.5 399
1767290720709 939163.5 400
1767290721717 939163.5 401
1767290722725 939163.5 402
1767290723733 939163.5 403
1767290724745 939163.5 404
1767290725753 939163.5 405
1767290726761 939163.5 406
1767290727769 939163.5 407
1767290728778 939163.5 408
1767290729787 939163.5 409
1767290730799 939163.5 410
1767290731810 939163.5 411
1767290732818 939163.5 412
1767290733828 939163.5 413
1767290734837 939163.5 414
1767290735848 939163.5 415
1767290736864 939163.5 416
1767290737873 939163.5 417
1767290738882 939163.5 418
1767290739891 939163.5 419
1767290740900 939163.5 420
1767290741909 939163.5 421
1767290742918 939163.5 422
1767290743927 939163.5 423
1767290744944 939163.5 424
1767290745953 939163.5 425
1767290746962 939163.5 426
1767290747972 939163.5 427
1767290748983 939163.5 428
1767290749991 939163.5 429
1767290753927 939163.5 430
1767290754936 939163.5 431
1767290755945 939163.5 432
1767290756954 939163.5 433
1767290757962 939163.5 434
1767290758971 939163.5 435
1767290759980 939163.5 436
1767290760990 939163.5 437
1767290762000 939163.5 438
1767290763014 939163.5 439
1767290764025 939163.5 440
1767290765036 939163.5 441
1767290766046 939163.5 442
1767290767055 939163.5 443
1767290768063 939163.5 444
1767290769072 939163.5 445
1767290770082 939163.5 446
1767290771092 939163.5 447
1767290772100 939163.5 448
1767290773111 939163.5 449
1767290774127 939163.5 450
1767290775136 939163.5 451
1767290776145 939163.5 452
1767290777156 939163.5 453
1767290778165 939163.5 454
1767290779174 939163.5 455
1767290780184 939163.5 456
1767290781193 939163.5 457
1767290782202 939163.5 458
1767290783212 939163.5 459
1767290784220 939163.5 460
1767290785230 939163.5 461
1767290789172 939163.5 462
1767290790181 939163.5 463
1767290791190 939163.5 464
1767290792202 939163.5 465
1767290793212 939163.5 466
1767290794221 939163.5 467
1767290795231 939163.5 468
1767290796240 939163.5 469
1767290797250 939163.5 470
1767290798269 939163.5 471
1767290799279 939163.5 472
1767290800288 939163.5 473
1767290801298 939163.5 474
1767290802309 939163.5 475
1767290803320 939163.5 476
1767290804331 939163.5 477
1767290805341 939163.5 478
1767290806351 939163.5 479
1767290807361 939163.5 480
1767290808371 939163.5 481
1767290809380 939163.5 482
1767290810389 939163.5 483
1767290811399 939163.5 484
1767290812411 939163.5 485
1767290813420 939163.5 486
1767290814430 939163.5 487
1767290815439 939163.5 488
1767290816449 939163.5 489
1767290817464 939163.5 490
1767290818474 939163.5 491
1767290819483 939163.5 492
1767290823421 939163.5 493
1767290824431 939163.5 494
1767290825442 939163.5 495
1767290826459 939163.5 496
1767290827468 939163.5 497
1767290828478 939163.5 498
1767290829490 939163.5 499
1767290830501 939163.5 500
1767290831511 939163.5 501
1767290832521 939163.5 502
1767290833533 939163.5 503
1767290834550 939163.5 504
1767290835560 939163.5 505
1767290836570 939163.5 506
1767290837579 939163.5 507
1767290838589 939163.5 508
1767290839599 939163.5 509
1767290840610 939163.5 510
1767290841620 939163.5 511
1767290842630 939163.5 512
1767290843648 939163.5 513
1767290844659 939163.5 514
1767290845669 939163.5 515
1767290846679 939163.5 516
1767290847690 939163.5 517
1767290848699 939163.5 518
1767290849711 939163.5 519
1767290850721 939163.5 520
1767290851732 939163.5 521
1767290852741 939163.5 522
1767290853751 939163.5 523
1767290854760 939163.5 524
1767290858704 939163.5 525
1767290859715 939163.5 526
1767290860725 939163.5 527
1767290861736 939163.5 528
1767290862752 939163.5 529
1767290863763 939163.5 530
1767290864773 939163.5 531
1767290865784 939163.5 532
1767290866795 939163.5 533
1767290867816 939163.5 534
1767290868826 939163.5 535
1767290869836 939163.5 536
1767290870846 939163.5 537
1767290871856 939163.5 538
1767290872866 939163.5 539
1767290873876 939163.5 540
1767290874889 939163.5 541
1767290875907 939163.5 542
1767290876917 939163.5 543
1767290877927 939163.5 544
1767290878940 939163.5 545
1767290879951 939163.5 546
1767290880965 939163.5 547
1767290881977 939163.5 548
1767290882987 939163.5 549
1767290883999 939163.5 550
1767290885011 939163.5 551
1767290886021 939163.5 552
1767290887031 939163.5 553
1767290888041 939163.5 554
1767290889053 939163.5 555
1767290890063 939163.5 556
1767290894000 939163.5 557
1767290895010 939163.5 558
1767290896021 939163.5 559
1767290897031 939163.5 560
1767290898045 939163.5 561
1767290899060 939163.5 562
1767290900070 939163.5 563
1767290901082 939163.5 564
1767290902096 939163.5 565
1767290903107 939163.5 566
1767290904125 939163.5 567
1767290905136 939163.5 568
1767290906146 939163.5 569
1767290907159 939163.5 570
1767290908170 939163.5 571
1767290909182 939163.5 572
1767290910200 939163.5 573
1767290911210 939163.5 574
1767290912221 939163.5 575
1767290913232 939163.5 576
1767290914243 939163.5 577
1767290915254 939163.5 578
1767290916265 939163.5 579
1767290917276 939163.5 580
1767290918287 939163.5 581
1767290919298 939163.5 582
1767290920309 939163.5 583
1767290921319 939163.5 584
1767290922330 939163.5 585
1767290923341 939163.5 586
1767290924352 939163.5 587
1767290925363 939163.5 588
1767290929306 939163.5 589
1767290930317 939163.5 590
1767290931328 939163.5 591
1767290932339 939163.5 592
1767290933350 939163.5 593
1767290934361 939163.5 594
1767290935372 939163.5 595
1767290936393 939163.5 596
1767290937405 939163.5 597
1767290938416 939163.5 598
1767290939429 939163.5 599
1767290940440 939163.5 600
1767290941451 939163.5 601
1767290942462 939163.5 602
1767290943474 939163.5 603
1767290944484 939163.5 604
1767290945496 939163.5 605
1767290946512 939163.5 606
1767290947523 939163.5 607
1767290948534 939163.5 608
1767290949548 939163.5 609
1767290950559 939163.5 610
1767290951570 939163.4 611
1767290952582 939163.4 612
1767290953594 939163.4 613
1767290954606 939163.4 614
1767290955618 939163.4 615
1767290956629 939163.4 616
1767290957640 939163.4 617
1767290958661 939163.4 618
1767290959673 939163.4 619
1767290960685 939163.4 620
1767290964623 939163.4 621
1767290965635 939163.4 622
1767290966649 939163.4 623
1767290967664 939163.4 624
1767290968676 939163.4 625
1767290969687 939163.4 626
1767290970703 939163.4 627
1767290971717 939163.4 628
1767290972734 939163.4 629
1767290973745 939163.4 630
1767290974756 939163.4 631
1767290975768 939163.4 632
1767290976781 939163.4 633
1767290977796 939163.4 634
1767290978809 939163.4 635
1767290979820 939163.4 636
1767290980839 939163.4 637
1767290981850 939163.4 638
1767290982862 939163.4 639
1767290983874 939163.4 640
1767290984887 939163.4 641
1767290985900 939163.4 642
1767290986911 939163.4 643
1767290987923 939163.4 644
1767290988942 939163.4 645
1767290989955 939163.4 646
1767290990966 939163.4 647
1767290991978 939163.4 648
1767290992991 939163.4 649
1767290994003 939163.4 650
1767290995015 939163.4 651
1767290996031 939163.4 652
1767290999979 939163.4 653
1767291000991 939163.4 654
1767291002003 939163.4 655
1767291003015 939163.4 656
1767291004027 939163.4 657
1767291005040 939163.4 658
1767291006063 939163.4 659
1767291007077 939163.4 660
1767291008089 939163.4 661
1767291009101 939163.4 662
1767291010114 939163.4 663
1767291011127 939163.4 664
1767291012140 939163.4 665
1767291013152 939163.4 666
1767291014164 939163.4 667
1767291015176 939163.4 668
1767291016188 939163.4 669
1767291017200 939163.4 670
1767291018213 939163.4 671
1767291019235 939163.4 672
1767291020248 939163.4 673
1767291021259 939163.4 674
1767291022271 939163.4 675
1767291023285 939163.4 676
1767291024298 939163.4 677
1767291025316 939163.4 678
1767291026330 939163.4 679
1767291027343 939163.4 680
1767291028355 939163.4 681
1767291029369 939163.4 682
1767291030382 939163.4 683
1767291031395 939163.4 684
1767291035342 939163.4 685
1767291036355 939163.4 686
1767291037370 939163.4 687
1767291038385 939163.4 688
1767291039401 939163.4 689
1767291040419 939163.4 690
1767291041431 939163.4 691
1767291042444 939163.4 692
1767291043456 939163.4 693
1767291044468 939163.4 694
1767291045480 939163.4 695
1767291046493 939163.4 696
1767291047508 939163.4 697
1767291048526 939163.4 698
1767291049539 939163.4 699
1767291050551 939163.4 700
1767291051565 939163.4 701
1767291052579 939163.4 702
1767291053598 939163.4 703
1767291054612 939163.4 704
1767291055625 939163.4 705
1767291056638 939163.4 706
1767291057655 939163.4 707
1767291058669 939163.4 708
1767291059681 939163.4 709
1767291060694 939163.4 710
1767291061709 939163.4 711
1767291062723 939163.4 712
1767291063736 939163.4 713
1767291064750 939163.4 714
1767291065763 939163.4 715
1767291069712 939163.4 716
1767291070727 939163.4 717
1767291071740 939163.4 718
1767291072754 939163.4 719
1767291073767 939163.4 720
1767291074780 939163.4 721
1767291075793 939163.4 722
1767291076806 939163.4 723
1767291077819 939163.4 724
1767291078834 939163.4 725
1767291079847 939163.4 726
1767291080861 939163.4 727
1767291081881 939163.4 728
1767291082894 939163.4 729
1767291083909 939163.4 730
1767291084922 939163.4 731
1767291085935 939163.4 732
1767291086949 939163.4 733
1767291087962 939163.4 734
1767291088975 939163.4 735
1767291089989 939163.4 736
1767291091003 939163.4 737
1767291092016 939163.4 738
1767291093030 939163.4 739
1767291094044 939163.4 740
1767291095057 939163.4 741
1767291096072 939163.4 742
1767291097088 939163.4 743
1767291098108 939163.4 744
1767291099123 939163.4 745
1767291100137 939163.4 746
1767291101158 939163.4 747
1767291105099 939163.4 748
1767291106115 939163.4 749
1767291107128 939163.4 750
1767291108144 939163.4 751
1767291109158 939163.4 752
1767291110174 939163.4 753
1767291111189 939163.4 754
1767291112206 939163.4 755
1767291113221 939163.4 756
1767291114242 939163.4 757
1767291115255 939163.4 758
1767291116269 939163.4 759
1767291117283 939163.4 760
1767291118297 939163.4 761
1767291119310 939163.4 762
1767291120324 939163.4 763
1767291121338 939163.4 764
1767291122359 939163.4 765
1767291123374 939163.4 766
1767291124391 939163.4 767
1767291125406 939163.4 768
1767291126422 939163.4 769
1767291127435 939163.4 770
1767291128449 939163.4 771
1767291129463 939163.4 772
1767291130479 939163.4 773
1767291131493 939163.4 774
1767291132506 939163.4 775
1767291133520 939163.4 776
1767291134537 939163.4 777
1767291135551 939163.4 778
1767291136564 939163.4 779
1767291140517 939163.4 780
1767291141530 939163.4 781
1767291142545 939163.4 782
1767291143559 939163.4 783
1767291144573 939163.4 784
1767291145587 939163.4 785
1767291146609 939163.4 786
1767291147623 939163.4 787
1767291148637 939163.4 788
1767291149652 939163.4 789
1767291150666 939163.4 790
1767291151688 939163.4 791
1767291152704 939163.4 792
1767291153717 939163.4 793
1767291154731 939163.4 794
1767291155745 939163.4 795
1767291156759 939163.4 796
1767291157773 939163.4 797
1767291158788 939163.4 798
1767291159802 939163.4 799
1767291160818 939163.4 800
1767291161840 939163.4 801
1767291162854 939163.4 802
1767291163868 939163.4 803
1767291164883 939163.4 804
1767291165897 939163.4 805
1767291166911 939163.4 806
1767291167927 939163.4 807
1767291168941 939163.4 808
1767291169958 939163.4 809
1767291170973 939163.4 810
1767291171988 939163.4 811
1767291175928 939163.4 812
1767291176945 939163.4 813
1767291177970 939163.4 814
1767291178987 939163.4 815
1767291180001 939163.4 816
1767291181017 939163.4 817
1767291182031 939163.4 818
1767291183046 939163.4 819
1767291184060 939163.4 820
1767291185074 939163.4 821
1767291186089 939163.4 822
1767291187111 939163.4 823
1767291188129 939163.4 824
1767291189143 939163.4 825
1767291190157 939163.4 826
1767291191174 939163.4 827
1767291192190 939163.4 828
1767291193204 939163.4 829
1767291194221 939163.4 830
1767291195235 939163.4 831
1767291196252 939163.4 832
1767291197271 939163.4 833
1767291198286 939163.4 834
1767291199300 939163.4 835
1767291200316 939163.4 836
1767291201331 939163.4 837
1767291202345 939163.4 838
1767291203362 939163.4 839
1767291204377 939163.4 840
1767291205391 939163.4 841
1767291206406 939163.4 842
1767291210364 939163.4 843
1767291211378 939163.4 844
1767291212394 939163.4 845
1767291213414 939163.4 846
1767291214429 939163.3 847
1767291215444 939163.3 848
1767291216462 939163.3 849
1767291217478 939163.3 850
1767291218493 939163.3 851
1767291219510 939163.3 852
1767291220525 939163.3 853
1767291221539 939163.3 854
1767291222556 939163.3 855
1767291223572 939163.3 856
1767291224587 939163.3 857
1767291225604 939163.3 858
1767291226626 939163.3 859
1767291227640 939163.3 860
1767291228655 939163.3 861
1767291229670 939163.3 862
1767291230686 939163.3 863
1767291231704 939163.3 864
1767291232720 939163.3 865
1767291233734 939163.3 866
1767291234751 939163.3 867
1767291235767 939163.3 868
1767291236783 939163.3 869
1767291237798 939163.3 870
1767291238816 939163.3 871
1767291239832 939163.3 872
1767291240846 939163.3 873
1767291241861 939163.3 874
1767291245806 939163.3 875
1767291246822 939163.3 876
1767291247838 939163.3 877
1767291248861 939163.3 878
1767291249877 939163.3 879
1767291250892 939163.3 880
1767291251907 939163.3 881
1767291252922 939163.3 882
1767291253938 939163.3 883
1767291254954 939163.3 884
1767291255971 939163.3 885
1767291256986 939163.3 886
1767291258001 939163.3 887
1767291259016 939163.3 888
1767291260034 939163.3 889
1767291261049 939163.3 890
1767291262066 939163.3 891
1767291263089 939163.3 892
1767291264103 939163.3 893
1767291265120 939163.3 894
1767291266135 939163.3 895
1767291267153 939163.3 896
1767291268174 939163.3 897
1767291269189 939163.3 898
1767291270204 939163.3 899
1767291271221 939163.3 900
1767291272236 939163.3 901
1767291273251 939163.3 902
1767291274266 939163.3 903
1767291275281 939163.3 904
1767291276298 939163.3 905
1767291277313 939163.3 906
1767291281263 939163.3 907
1767291282285 939163.3 908
1767291283300 939163.3 909
1767291284317 939163.3 910
1767291285333 939163.3 911
1767291286348 939163.3 912
1767291287363 939163.3 913
1767291288378 939163.3 914
1767291289393 939163.3 915
1767291290412 939163.3 916
1767291291427 939163.3 917
1767291292447 939163.3 918
1767291293470 939163.3 919
1767291294486 939163.3 920
1767291295501 939163.3 921
1767291296518 939163.3 922
1767291297534 939163.3 923
1767291298551 939163.3 924
1767291299574 939163.3 925
1767291300590 939163.3 926
1767291301607 939163.3 927
1767291302623 939163.3 928
1767291303641 939163.3 929
1767291304656 939163.3 930
1767291305672 939163.3 931
1767291306688 939163.3 932
1767291307716 939163.3 933
1767291308736 939163.3 934
1767291309754 939163.3 935
1767291310770 939163.3 936
1767291311789 939163.3 937
1767291312807 939163.3 938
1767291316741 939163.3 939
1767291317756 939163.3 940
1767291318772 939163.3 941
1767291319788 939163.3 942
1767291320805 939163.3 943
1767291321821 939163.3 944
1767291322838 939163.3 945
1767291323859 939163.3 946
1767291324876 939163.3 947
1767291325892 939163.3 948
1767291326914 939163.3 949
1767291328381 939163.3 950
1767291329404 939163.3 951
1767291330420 939163.3 952
1767291331442 939163.3 953
1767291332458 939163.3 954
1767291333474 939163.3 955
1767291334490 939163.3 956
1767291335506 939163.3 957
1767291336523 939163.3 958
1767291337540 939163.3 959
1767291338557 939163.3 960
1767291339573 939163.3 961
1767291340590 939163.3 962
1767291341606 939163.3 963
1767291342630 939163.3 964
1767291343647 939163.3 965
1767291344664 939163.3 966
1767291345682 939163.3 967
1767291346699 939163.3 968
1767291347715 939163.3 969
1767291351665 939163.3 970
1767291352682 939163.3 971
1767291353702 939163.3 972
1767291354719 939163.3 973
1767291355742 939163.3 974
1767291356759 939163.3 975
1767291357775 939163.3 976
1767291358791 939163.3 977
1767291359809 939163.3 978
1767291360826 939163.3 979
1767291361846 939163.3 980
1767291362866 939163.3 981
1767291363887 939163.3 982
1767291364904 939163.3 983
1767291365923 939163.3 984
1767291366944 939163.3 985
1767291367966 939163.3 986
1767291368983 939163.3 987
1767291370001 939163.3 988
1767291371020 939163.3 989
1767291372038 939163.3 990
1767291373057 939163.3 991
1767291374079 939163.3 992
1767291375108 939163.3 993
1767291376128 939163.3 994
1767291377144 939163.3 995
1767291378164 939163.3 996
1767291379184 939163.3 997
1767291380206 939163.3 998
1767291381223 939163.3 999
1767291382243 939163.3 1000
1767291383265 939163.3 1001
1767291387220 939163.3 1002
1767291388237 939163.3 1003
1767291389255 939163.3 1004
1767291390273 939163.3 1005
1767291391290 939163.3 1006
1767291392312 939163.3 1007
1767291393331 939163.3 1008
1767291394353 939163.3 1009
1767291395387 939163.3 1010
1767291396405 939163.3 1011
1767291397422 939163.3 1012
1767291398439 939163.3 1013
1767291399466 939163.3 1014
1767291400484 939163.3 1015
1767291401503 939163.3 1016
1767291402520 939163.3 1017
1767291403539 939163.3 1018
1767291404560 939163.3 1019
1767291405611 939163.3 1020
1767291406628 939163.3 1021
1767291407648 939163.3 1022
1767291408666 939163.3 1023
1767291409689 939163.3 1024
1767291410706 939163.3 1025
1767291411724 939163.3 1026
1767291412743 939163.3 1027
1767291413763 939163.3 1028
1767291414779 939163.3 1029
1767291415797 939163.3 1030
1767291416816 939163.3 1031
1767291417840 939163.3 1032
1767291421803 939163.3 1033
1767291422824 939163.3 1034
1767291423843 939163.3 1035
1767291424867 939163.3 1036
1767291425885 939163.3 1037
1767291426907 939163.3 1038
1767291427926 939163.3 1039
1767291428944 939163.3 1040
1767291429963 939163.3 1041
1767291430981 939163.3 1042
1767291432004 939163.3 1043
1767291433027 939163.3 1044
1767291434045 939163.3 1045
1767291435064 939163.3 1046
1767291436083 939163.3 1047
1767291437102 939163.3 1048
1767291438134 939163.3 1049
1767291439151 939163.3 1050
1767291440171 939163.3 1051
1767291441194 939163.3 1052
1767291442213 939163.3 1053
1767291443231 939163.3 1054
1767291444249 939163.3 1055
1767291445267 939163.3 1056
1767291446286 939163.3 1057
1767291447303 939163.3 1058
1767291448325 939163.3 1059
1767291449346 939163.3 1060
1767291450364 939163.3 1061
1767291451381 939163.3 1062
1767291452402 939163.3 1063
1767291453421 939163.3 1064
1767291457372 939163.3 1065
1767291458391 939163.3 1066
1767291459410 939163.3 1067
1767291460430 939163.3 1068
1767291461448 939163.3 1069
1767291462477 939163.3 1070
1767291463495 939163.3 1071
1767291464512 939163.3 1072
1767291465531 939163.3 1073
1767291466549 939163.3 1074
1767291467570 939163.3 1075
1767291468589 939163.3 1076
1767291469612 939163.3 1077
1767291470633 939163.3 1078
1767291471650 939163.3 1079
1767291472669 939163.3 1080
1767291473687 939163.3 1081
1767291474706 939163.3 1082
1767291475726 939163.3 1083
1767291476745 939163.3 1084
1767291477770 939163.3 1085
1767291478789 939163.3 1086
1767291479809 939163.3 1087
1767291480830 939163.3 1088
1767291481848 939163.3 1089
1767291482866 939163.3 1090
1767291483885 939163.3 1091
1767291484904 939163.3 1092
1767291485924 939163.3 1093
1767291486949 939163.3 1094
1767291487967 939163.3 1095
1767291491907 939163.3 1096
1767291492926 939163.3 1097
1767291493945 939163.3 1098
1767291494963 939163.3 1099
1767291495982 939163.3 1100
1767291497000 939163.3 1101
1767291498019 939163.3 1102
1767291499037 939163.3 1103
1767291500055 939163.2 1104
1767291501073 939163.2 1105
1767291502093 939163.2 1106
1767291503115 939163.2 1107
1767291504134 939163.2 1108
1767291505153 939163.2 1109
1767291506173 939163.2 1110
1767291507198 939163.2 1111
1767291508216 939163.2 1112
1767291509235 939163.2 1113
1767291510253 939163.2 1114
1767291511272 939163.2 1115
1767291512291 939163.2 1116
1767291513309 939163.2 1117
1767291514327 939163.2 1118
1767291515346 939163.2 1119
1767291516365 939163.2 1120
1767291517397 939163.2 1121
1767291518416 939163.2 1122
1767291519434 939163.2 1123
1767291520456 939163.2 1124
1767291521484 939163.2 1125
1767291522507 939163.2 1126
1767291523527 939163.2 1127
1767291527480 939163.2 1128
1767291528499 939163.2 1129
1767291529520 939163.2 1130
1767291530540 939163.2 1131
1767291531560 939163.2 1132
1767291532586 939163.2 1133
1767291533605 939163.2 1134
1767291534625 939163.2 1135
1767291535644 939163.2 1136
1767291536663 939163.2 1137
1767291537689 939163.2 1138
1767291538708 939163.2 1139
1767291539729 939163.2 1140
1767291540747 939163.2 1141
1767291541776 939163.2 1142
1767291542795 939163.2 1143
1767291543813 939163.2 1144
1767291544832 939163.2 1145
1767291545853 939163.2 1146
1767291546873 939163.2 1147
1767291547894 939163.2 1148
1767291548919 939163.2 1149
1767291549937 939163.2 1150
1767291550956 939163.2 1151
1767291551975 939163.2 1152
1767291552994 939163.2 1153
1767291554015 939163.2 1154
1767291555039 939163.2 1155
1767291556058 939163.2 1156
1767291557079 939163.2 1157
1767291558099 939163.2 1158
1767291559119 939163.2 1159
1767291563076 939163.2 1160
1767291564094 939163.2 1161
1767291565116 939163.2 1162
1767291566135 939163.2 1163
1767291567154 939163.2 1164
1767291568173 939163.2 1165
1767291569195 939163.2 1166
1767291570219 939163.2 1167
1767291571244 939163.2 1168
1767291572265 939163.2 1169
1767291573286 939163.2 1170
1767291574312 939163.2 1171
1767291575332 939163.2 1172
1767291576351 939163.2 1173
1767291577372 939163.2 1174
1767291578391 939163.2 1175
1767291579410 939163.2 1176
1767291580429 939163.2 1177
1767291581449 939163.2 1178
1767291582469 939163.2 1179
1767291583491 939163.2 1180
1767291584510 939163.2 1181
1767291585530 939163.2 1182
1767291586554 939163.2 1183
1767291587575 939163.2 1184
1767291588604 939163.2 1185
1767291589627 939163.2 1186
1767291590655 939163.2 1187
1767291591686 939163.2 1188
1767291592706 939163.2 1189
1767291593724 939163.2 1190
1767291597676 939163.2 1191
1767291598695 939163.2 1192
1767291599714 939163.2 1193
1767291600739 939163.2 1194
1767291601760 939163.2 1195
1767291602787 939163.2 1196
1767291603807 939163.2 1197
1767291604826 939163.2 1198
1767291605847 939163.2 1199
1767291606867 939163.2 1200
1767291607888 939163.2 1201
1767291608914 939163.2 1202
1767291609933 939163.2 1203
1767291610953 939163.2 1204
1767291611974 939163.2 1205
1767291612993 939163.2 1206
1767291614018 939163.2 1207
1767291615039 939163.2 1208
1767291616064 939163.2 1209
1767291617084 939163.2 1210
1767291618104 939163.2 1211
1767291619126 939163.2 1212
1767291620146 939163.2 1213
1767291621167 939163.2 1214
1767291622193 939163.2 1215
1767291623213 939163.2 1216
1767291624235 939163.2 1217
1767291625256 939163.2 1218
1767291626277 939163.2 1219
1767291627303 939163.2 1220
1767291628323 939163.2 1221
1767291629343 939163.2 1222
1767291633292 939163.2 1223
1767291634314 939163.2 1224
1767291635335 939163.2 1225
1767291636361 939163.2 1226
1767291637381 939163.2 1227
1767291638401 939163.2 1228
1767291639422 939163.2 1229
1767291640444 939163.2 1230
1767291641465 939163.2 1231
1767291642491 939163.2 1232
1767291643511 939163.2 1233
1767291644534 939163.2 1234
1767291645564 939163.2 1235
1767291646586 939163.2 1236
1767291647606 939163.2 1237
1767291648626 939163.2 1238
1767291649647 939163.2 1239
1767291650669 939163.2 1240
1767291651691 939163.2 1241
1767291652712 939163.2 1242
1767291653734 939163.2 1243
1767291654754 939163.2 1244
1767291655777 939163.2 1245
1767291656800 939163.2 1246
1767291657827 939163.2 1247
1767291658852 939163.2 1248
1767291659880 939163.2 1249
1767291660903 939163.2 1250
1767291661926 939163.2 1251
1767291662953 939163.2 1252
1767291663973 939163.2 1253
1767291667926 939163.2 1254
1767291668947 939163.2 1255
1767291669968 939163.2 1256
1767291670996 939163.2 1257
1767291672017 939163.2 1258
1767291673037 939163.2 1259
1767291674061 939163.2 1260
1767291675081 939163.2 1261
1767291676106 939163.2 1262
1767291677127 939163.2 1263
1767291678148 939163.2 1264
1767291679168 939163.2 1265
1767291680188 939163.2 1266
1767291681210 939163.2 1267
1767291682231 939163.2 1268
1767291683251 939163.2 1269
1767291684273 939163.2 1270
1767291685301 939163.2 1271
1767291686321 939163.2 1272
1767291687341 939163.2 1273
1767291688362 939163.2 1274
1767291689384 939163.2 1275
1767291690404 939163.2 1276
1767291691424 939163.2 1277
1767291692447 939163.2 1278
1767291693474 939163.2 1279
1767291694493 939163.2 1280
1767291695513 939163.2 1281
1767291696534 939163.2 1282
1767291697556 939163.2 1283
1767291698577 939163.2 1284
1767291699597 939163.2 1285
1767291703546 939163.2 1286
1767291704573 939163.2 1287
1767291705593 939163.2 1288
1767291706614 939163.2 1289
1767291707635 939163.2 1290
1767291708655 939163.2 1291
1767291709677 939163.2 1292
1767291710703 939163.2 1293
1767291711724 939163.2 1294
1767291712745 939163.2 1295
1767291713767 939163.2 1296
1767291714789 939163.2 1297
1767291715811 939163.2 1298
1767291716839 939163.2 1299
1767291717859 939163.2 1300
1767291718881 939163.2 1301
1767291719904 939163.2 1302
1767291720925 939163.2 1303
1767291721949 939163.2 1304
1767291722976 939163.2 1305
1767291723996 939163.2 1306
1767291725024 939163.2 1307
1767291726047 939163.2 1308
1767291727072 939163.2 1309
1767291728095 939163.2 1310
1767291729121 939163.2 1311
1767291730144 939163.2 1312
1767291731616 939163.2 1313
1767291732644 939163.2 1314
1767291733665 939163.2 1315
1767291734687 939163.2 1316
1767291738639 939163.2 1317
1767291739661 939163.2 1318
1767291740683 939163.2 1319
1767291741709 939163.2 1320
1767291742730 939163.2 1321
1767291743751 939163.2 1322
1767291744772 939163.2 1323
1767291745793 939163.2 1324
1767291746816 939163.2 1325
1767291747838 939163.2 1326
1767291748867 939163.2 1327
1767291749890 939163.2 1328
1767291750911 939163.2 1329
1767291751931 939163.2 1330
1767291752954 939163.2 1331
1767291753977 939163.2 1332
1767291754999 939163.2 1333
1767291756027 939163.2 1334
1767291757051 939163.2 1335
1767291758073 939163.2 1336
1767291759093 939163.2 1337
1767291760115 939163.2 1338
1767291761137 939163.2 1339
1767291762161 939163.2 1340
1767291763184 939163.2 1341
1767291764206 939163.2 1342
1767291765228 939163.2 1343
1767291766257 939163.2 1344
1767291767278 939163.2 1345
1767291768316 939163.2 1346
1767291769338 939163.2 1347
1767291773293 939163.2 1348
1767291774317 939163.2 1349
1767291775339 939163.2 1350
1767291776361 939163.2 1351
1767291777385 939163.2 1352
1767291778413 939163.2 1353
1767291779434 939163.2 1354
1767291780455 939163.2 1355
1767291781480 939163.2 1356
1767291782501 939163.2 1357
1767291783526 939163.2 1358
1767291784553 939163.2 1359
1767291785580 939163.2 1360
1767291786601 939163.2 1361
1767291787625 939163.2 1362
1767291788647 939163.2 1363
1767291789671 939163.2 1364
1767291790699 939163.2 1365
1767291791720 939163.2 1366
1767291792742 939163.2 1367
1767291793898 939163.2 1368
1767291794923 939163.1 1369
1767291795945 939163.2 1370
1767291796970 939163.2 1371
1767291798011 939163.2 1372
1767291799037 939163.1 1373
1767291800059 939163.2 1374
1767291801082 939163.2 1375
1767291802111 939163.2 1376
1767291803132 939163.1 1377
1767291804154 939163.1 1378
1767291805178 939163.1 1379
1767291809128 939163.1 1380
1767291810150 939163.1 1381
1767291811184 939163.1 1382
1767291812214 939163.1 1383
1767291813238 939163.1 1384
1767291814260 939163.1 1385
1767291815284 939163.1 1386
1767291816306 939163.1 1387
1767291817328 939163.1 1388
1767291818352 939163.1 1389
1767291819374 939163.1 1390
1767291820397 939163.1 1391
1767291821426 939163.1 1392
1767291822450 939163.1 1393
1767291823471 939163.1 1394
1767291824493 939163.1 1395
1767291825516 939163.1 1396
1767291826541 939163.1 1397
1767291827563 939163.1 1398
1767291828587 939163.1 1399
1767291829610 939163.1 1400
1767291830638 939163.1 1401
1767291831660 939163.1 1402
1767291832682 939163.1 1403
1767291833704 939163.1 1404
1767291834729 939163.1 1405
1767291835752 939163.1 1406
1767291836781 939163.1 1407
1767291837803 939163.1 1408
1767291838826 939163.1 1409
1767291839848 939163.1 1410
1767291843800 939163.1 1411
1767291844825 939163.1 1412
1767291845848 939163.1 1413
1767291846873 939163.1 1414
1767291847901 939163.1 1415
1767291848923 939163.1 1416
1767291849946 939163.1 1417
1767291850970 939163.1 1418
1767291851993 939163.1 1419
1767291853025 939163.1 1420
1767291854048 939163.1 1421
1767291855072 939163.1 1422
1767291856094 939163.1 1423
1767291857121 939163.1 1424
1767291858145 939163.1 1425
1767291859171 939163.1 1426
1767291860201 939163.1 1427
1767291861224 939163.1 1428
1767291862247 939163.1 1429
1767291863285 939163.1 1430
1767291864321 939163.1 1431
1767291865349 939163.1 1432
1767291866376 939163.1 1433
1767291867404 939163.1 1434
1767291868427 939163.1 1435
1767291869453 939163.1 1436
1767291870478 939163.1 1437
1767291871506 939163.1 1438
1767291872531 939163.1 1439
1767291873562 939163.1 1440
1767291874585 939163.1 1441
1767291875612 939163.1 1442
1767291879561 939163.1 1443
1767291880590 939163.1 1444
1767291881620 939163.1 1445
1767291882644 939163.1 1446
1767291883670 939163.1 1447
1767291884695 939163.1 1448
1767291885720 939163.1 1449
1767291886750 939163.1 1450
1767291887773 939163.1 1451
1767291888796 939163.1 1452
1767291889822 939163.1 1453
1767291890846 939163.1 1454
1767291891869 939163.1 1455
1767291892896 939163.1 1456
1767291893927 939163.1 1457
1767291894952 939163.1 1458
1767291895975 939163.1 1459
1767291897000 939163.1 1460
1767291898026 939163.1 1461
1767291899050 939163.1 1462
1767291900074 939163.1 1463
1767291901104 939163.1 1464
1767291902128 939163.1 1465
1767291903151 939163.1 1466
1767291904174 939163.1 1467
1767291905199 939163.1 1468
1767291906225 939163.1 1469
1767291907248 939163.1 1470
1767291908278 939163.1 1471
1767291909302 939163.1 1472
1767291910325 939163.1 1473
1767291914281 939163.1 1474
1767291915304 939163.1 1475
1767291916330 939163.1 1476
1767291917354 939163.1 1477
1767291918379 939163.1 1478
1767291919409 939163.1 1479
1767291920431 939163.1 1480
1767291921455 939163.1 1481
1767291922481 939163.1 1482
1767291923505 939163.1 1483
1767291924538 939163.1 1484
1767291925562 939163.1 1485
1767291926586 939163.1 1486
1767291927610 939163.1 1487
1767291928637 939163.1 1488
1767291929661 939163.1 1489
1767291930687 939163.1 1490
1767291931717 939163.1 1491
1767291932744 939163.1 1492
1767291933769 939163.1 1493
1767291934798 939163.1 1494
1767291935824 939163.1 1495
1767291936852 939163.1 1496
1767291937885 939163.1 1497
1767291938909 939163.1 1498
1767291939933 939163.1 1499
1767291940956 939163.1 1500
1767291941983 939163.1 1501
1767291943009 939163.1 1502
1767291944033 939163.1 1503
1767291945064 939163.1 1504
1767291946088 939163.1 1505
1767291950035 939163.1 1506
1767291951058 939163.1 1507
1767291952082 939163.1 1508
1767291953108 939163.1 1509
1767291954133 939163.1 1510
1767291955157 939163.1 1511
1767291956182 939163.1 1512
1767291957212 939163.1 1513
1767291958235 939163.1 1514
1767291959258 939163.1 1515
1767291960282 939163.1 1516
1767291961307 939163.1 1517
1767291962332 939163.1 1518
1767291963365 939163.1 1519
1767291964393 939163.1 1520
1767291965424 939163.1 1521
1767291966447 939163.1 1522
1767291967472 939163.1 1523
1767291968495 939163.1 1524
1767291969523 939163.1 1525
1767291970547 939163.1 1526
1767291971576 939163.1 1527
1767291972601 939163.1 1528
1767291973625 939163.1 1529
1767291974649 939163.1 1530
1767291975675 939163.1 1531
1767291976700 939163.1 1532
1767291977738 939163.1 1533
1767291978763 939163.1 1534
1767291979786 939163.1 1535
1767291980810 939163.1 1536
1767291984776 939163.1 1537
1767291985803 939163.1 1538
1767291986834 939163.1 1539
1767291987861 939163.1 1540
1767291988890 939163.1 1541
1767291989914 939163.1 1542
1767291990939 939163.1 1543
1767291991965 939163.1 1544
1767291992989 939163.1 1545
1767291994016 939163.1 1546
1767291995046 939163.1 1547
1767291996069 939163.1 1548
1767291997093 939163.1 1549
1767291998120 939163.1 1550
1767291999145 939163.1 1551
1767292000172 939163.1 1552
1767292001276 939163.1 1553
1767292002304 939163.1 1554
1767292003789 939163.1 1555
1767292004820 939163.1 1556
1767292005939 939163.1 1557
1767292006969 939163.1 1558
1767292007995 939163.1 1559
1767292009021 939163.1 1560
1767292010053 939163.1 1561
1767292011078 939163.1 1562
1767292012102 939163.1 1563
1767292013128 939163.1 1564
1767292014157 939163.1 1565
1767292015182 939163.1 1566
1767292016216 939163.1 1567
1767292020173 939163.1 1568
1767292021198 939163.1 1569
1767292022227 939163.1 1570
1767292023252 939163.1 1571
1767292024277 939163.1 1572
1767292025306 939163.1 1573
1767292026337 939163.1 1574
1767292027366 939163.1 1575
1767292028392 939163.1 1576
1767292029420 939163.1 1577
1767292030445 939163.1 1578
1767292031472 939163.1 1579
1767292032504 939163.1 1580
1767292033532 939163.1 1581
1767292034558 939163.1 1582
1767292035584 939163.1 1583
1767292036609 939163.1 1584
1767292037639 939163.1 1585
1767292038671 939163.1 1586
1767292039697 939163.1 1587
1767292040727 939163.1 1588
1767292041756 939163.1 1589
1767292042781 939163.1 1590
1767292043808 939163.1 1591
1767292044839 939163.1 1592
1767292045864 939163.1 1593
1767292046892 939163.1 1594
1767292047921 939163.1 1595
1767292048948 939163.1 1596
1767292049975 939163.1 1597
1767292051000 939163.1 1598
1767292054956 939163.1 1599
1767292055982 939163.1 1600
1767292057009 939163.1 1601
1767292058041 939163.1 1602
1767292059066 939163.1 1603
1767292060095 939163.1 1604
1767292061122 939163.1 1605
1767292062148 939163.1 1606
1767292063185 939163.1 1607
1767292064210 939163.1 1608
1767292065239 939163.1 1609
1767292066264 939163.1 1610
1767292067294 939163.1 1611
1767292068325 939163.1 1612
1767292069352 939163.1 1613
1767292070380 939163.1 1614
1767292071431 939163.1 1615
1767292072471 939163.0 1616
1767292073501 939163.1 1617
1767292074527 939163.0 1618
1767292075567 939163.0 1619
1767292076595 939163.0 1620
1767292077621 939163.0 1621
1767292078648 939163.0 1622
1767292079685 939163.0 1623
1767292080712 939163.0 1624
1767292081737 939163.0 1625
1767292082763 939163.0 1626
1767292083789 939163.0 1627
1767292084816 939163.0 1628
1767292085844 939163.0 1629
1767292086870 939163.0 1630
1767292090824 939163.0 1631
1767292091850 939163.0 1632
1767292092876 939163.0 1633
1767292093902 939163.0 1634
1767292094928 939163.0 1635
1767292095952 939163.0 1636
1767292096982 939163.0 1637
1767292098008 939163.0 1638
1767292099039 939163.0 1639
1767292100065 939163.0 1640
1767292101090 939163.0 1641
1767292102115 939163.0 1642
1767292103139 939163.0 1643
1767292104172 939163.0 1644
1767292105199 939163.0 1645
1767292106228 939163.0 1646
1767292107259 939163.0 1647
1767292108285 939163.0 1648
1767292109309 939163.0 1649
1767292110337 939163.0 1650
1767292111372 939163.0 1651
1767292112400 939163.0 1652
1767292113426 939163.0 1653
1767292114452 939163.0 1654
1767292115480 939163.0 1655
1767292116505 939163.0 1656
1767292117535 939163.0 1657
1767292118567 939163.0 1658
1767292119592 939163.0 1659
1767292120617 939163.0 1660
1767292121644 939163.0 1661
1767292125607 939163.0 1662
1767292126640 939163.0 1663
1767292127666 939163.0 1664
1767292128692 939163.0 1665
1767292129717 939163.0 1666
1767292130743 939163.0 1667
1767292131771 939163.0 1668
1767292132800 939163.0 1669
1767292133832 939163.0 1670
1767292134857 939163.0 1671
1767292135883 939163.0 1672
1767292136912 939163.0 1673
1767292137938 939163.0 1674
1767292138965 939163.0 1675
1767292140446 939163.0 1676
1767292141483 939163.0 1677
1767292142512 939163.0 1678
1767292143538 939163.0 1679
1767292144567 939163.0 1680
1767292145599 939163.0 1681
1767292146626 939163.0 1682
1767292147654 939163.0 1683
1767292148686 939163.0 1684
1767292149714 939163.0 1685
1767292150739 939163.0 1686
1767292151768 939163.0 1687
1767292152794 939163.0 1688
1767292153822 939163.0 1689
1767292154856 939163.0 1690
1767292155882 939163.0 1691
1767292156908 939163.0 1692
1767292160871 939163.0 1693
1767292161899 939163.0 1694
1767292162926 939163.0 1695
1767292163964 939163.0 1696
1767292164989 939163.0 1697
1767292166019 939163.0 1698
1767292167047 939163.0 1699
1767292168074 939163.0 1700
1767292169102 939163.0 1701
1767292170135 939163.0 1702
1767292171161 939163.0 1703
1767292172193 939163.0 1704
1767292173220 939163.0 1705
1767292174260 939163.0 1706
1767292175288 939163.0 1707
1767292176315 939163.0 1708
1767292177343 939163.0 1709
1767292178369 939163.0 1710
1767292179397 939163.0 1711
1767292180430 939163.0 1712
1767292181458 939163.0 1713
1767292182488 939163.0 1714
1767292183515 939163.0 1715
1767292184544 939163.0 1716
1767292185576 939163.0 1717
1767292186602 939163.0 1718
1767292187632 939163.0 1719
1767292188658 939163.0 1720
1767292189686 939163.0 1721
1767292190720 939163.0 1722
1767292191746 939163.0 1723
1767292195701 939163.0 1724
1767292196731 939163.0 1725
1767292197758 939163.0 1726
1767292198786 939163.0 1727
1767292199819 939163.0 1728
1767292200846 939163.0 1729
1767292201874 939163.0 1730
1767292202902 939163.0 1731
1767292203930 939163.0 1732
1767292204959 939163.0 1733
1767292205993 939163.0 1734
1767292207020 939163.0 1735
1767292208048 939163.0 1736
1767292209075 939163.0 1737
1767292210102 939163.0 1738
1767292211142 939163.0 1739
1767292212174 939163.0 1740
1767292213203 939163.0 1741
1767292214234 939163.0 1742
1767292215263 939163.0 1743
1767292216290 939163.0 1744
1767292217321 939163.0 1745
1767292218350 939163.0 1746
1767292219388 939163.0 1747
1767292220422 939163.0 1748
1767292221451 939163.0 1749
1767292222478 939163.0 1750
1767292223514 939163.0 1751
1767292224557 939163.0 1752
1767292225587 939163.0 1753
1767292226614 939163.0 1754
1767292230578 939163.0 1755
1767292231607 939163.0 1756
1767292232641 939163.0 1757
1767292233671 939163.0 1758
1767292234714 939163.0 1759
1767292235740 939163.0 1760
1767292236766 939163.0 1761
1767292237792 939163.0 1762
1767292238821 939163.0 1763
1767292239869 939163.0 1764
1767292240905 939163.0 1765
1767292241939 939163.0 1766
1767292242968 939163.0 1767
1767292243994 939163.0 1768
1767292245027 939163.0 1769
1767292246076 939163.0 1770
1767292247103 939163.0 1771
1767292248138 939163.0 1772
1767292249182 939163.0 1773
1767292250209 939163.0 1774
1767292251236 939163.0 1775
1767292252270 939163.0 1776
1767292253299 939163.0 1777
1767292254335 939163.0 1778
1767292255365 939163.0 1779
1767292256393 939163.0 1780
1767292257429 939163.0 1781
1767292258466 939163.0 1782
1767292259497 939163.0 1783
1767292260523 939163.0 1784
1767292261550 939163.0 1785
1767292262579 939163.0 1786
1767292266533 939163.0 1787
1767292267563 939163.0 1788
1767292268610 939163.0 1789
1767292269641 939163.0 1790
1767292270675 939163.0 1791
1767292271702 939163.0 1792
1767292272729 939163.0 1793
1767292273756 939163.0 1794
1767292274785 939163.0 1795
1767292275812 939163.0 1796
1767292276840 939163.0 1797
1767292277868 939163.0 1798
1767292278897 939163.0 1799
1767292279926 939163.0 1800
1767292280957 939163.0 1801
1767292282003 939163.0 1802
1767292283032 939163.0 1803
1767292284059 939163.0 1804
1767292285088 939163.0 1805
1767292286115 939163.0 1806
1767292287144 939163.0 1807
1767292288188 939163.0 1808
1767292289217 939163.0 1809
1767292290245 939163.0 1810
1767292291281 939163.0 1811
1767292292309 939163.0 1812
1767292293337 939163.0 1813
1767292294377 939163.0 1814
1767292295403 939163.0 1815
1767292296435 939163.0 1816
1767292297462 939163.0 1817
1767292301423 939163.0 1818
1767292302461 939163.0 1819
1767292303489 939163.0 1820
1767292304521 939163.0 1821
1767292305557 939163.0 1822
1767292306589 939163.0 1823
1767292307619 939163.0 1824
1767292308662 939163.0 1825
1767292309701 939163.0 1826
1767292310732 939163.0 1827
1767292311760 939163.0 1828
1767292312788 939163.0 1829
1767292313818 939163.0 1830
1767292314854 939163.0 1831
1767292315883 939163.0 1832
1767292316911 939163.0 1833
1767292317944 939163.0 1834
1767292318972 939163.0 1835
1767292320026 939163.0 1836
1767292321056 939163.0 1837
1767292322086 939163.0 1838
1767292323126 939163.0 1839
1767292324156 939163.0 1840
1767292325187 939163.0 1841
1767292326215 939163.0 1842
1767292327243 939163.0 1843
1767292328273 939163.0 1844
1767292329302 939163.0 1845
1767292330330 939163.0 1846
1767292331358 939163.0 1847
1767292332390 939163.0 1848
1767292336359 939163.0 1849
1767292337407 939163.0 1850
1767292338458 939163.0 1851
1767292339489 939163.0 1852
1767292340517 939163.0 1853
1767292341560 939163.0 1854
1767292342591 939163.0 1855
1767292343621 939163.0 1856
1767292344654 939163.0 1857
1767292345683 939163.0 1858
1767292346714 939163.0 1859
1767292347742 939163.0 1860
1767292348783 939163.0 1861
1767292349811 939163.0 1862
1767292350839 939163.0 1863
1767292351868 939163.0 1864
1767292352913 939163.0 1865
1767292353944 939163.0 1866
1767292354972 939163.0 1867
1767292356022 939163.0 1868
1767292357065 939163.0 1869
1767292358095 939163.0 1870
1767292359123 939163.0 1871
1767292360159 939163.0 1872
1767292361189 939163.0 1873
1767292362216 939163.0 1874
1767292363261 939163.0 1875
1767292364289 939163.0 1876
1767292365320 939163.0 1877
1767292366350 939163.0 1878
1767292367379 939163.0 1879
1767292371347 939163.0 1880
1767292372378 939163.0 1881
1767292373409 939163.0 1882
1767292374437 939163.0 1883
1767292375483 939163.0 1884
1767292376518 939163.0 1885
1767292377547 939163.0 1886
1767292378579 939163.0 1887
1767292379620 939163.0 1888
1767292380658 939163.0 1889
1767292381692 939163.0 1890
1767292382721 939163.0 1891
1767292383763 939163.0 1892
1767292384793 939163.0 1893
1767292385832 939163.0 1894
1767292386875 939163.0 1895
1767292387907 939163.0 1896
1767292388947 939163.0 1897
1767292389982 939163.0 1898
1767292391013 939163.0 1899
1767292392043 939163.0 1900
1767292393089 939163.0 1901
1767292394120 939163.0 1902
1767292395152 939163.0 1903
1767292396194 939163.0 1904
1767292397223 939163.0 1905
1767292398256 939163.0 1906
1767292399293 939163.0 1907
1767292400330 939163.0 1908
1767292401361 939163.0 1909
1767292402392 939163.0 1910
1767292403431 939163.0 1911
1767292407387 939163.0 1912
1767292408419 939163.0 1913
1767292409449 939163.0 1914
1767292410496 939163.0 1915
1767292411528 939163.0 1916
1767292412873 939163.0 1917
1767292413904 939163.0 1918
1767292414936 939163.0 1919
1767292415980 939163.0 1920
1767292417013 939163.0 1921
1767292418044 939163.0 1922
1767292419094 939163.0 1923
1767292420124 939163.0 1924
1767292421162 939163.0 1925
1767292422194 939163.0 1926
1767292423223 939163.0 1927
1767292424264 939163.0 1928
1767292425295 939163.0 1929
1767292426327 939163.0 1930
1767292427371 939163.0 1931
1767292428399 939163.0 1932
1767292429429 939163.0 1933
1767292430459 939163.0 1934
1767292431489 939163.0 1935
1767292432536 939163.0 1936
1767292433582 939163.0 1937
1767292434629 939163.0 1938
1767292435658 939163.0 1939
1767292436690 939163.0 1940
1767292437722 939163.0 1941
1767292441681 939163.0 1942
1767292442711 939163.0 1943
1767292443753 939163.0 1944
1767292444792 939163.0 1945
1767292445822 939163.0 1946
1767292446861 939163.0 1947
1767292447903 939163.0 1948
1767292448937 939163.0 1949
1767292449965 939163.0 1950
1767292450994 939163.0 1951
1767292452040 939163.0 1952
1767292453073 939163.0 1953
1767292454109 939163.0 1954
1767292455144 939163.0 1955
1767292456178 939163.0 1956
1767292457207 939163.0 1957
1767292458236 939163.0 1958
1767292459274 939163.0 1959
1767292460324 939163.0 1960
1767292461368 939163.0 1961
1767292462420 939163.0 1962
1767292463451 939163.0 1963
1767292464484 939163.0 1964
1767292465515 939163.0 1965
1767292466545 939163.0 1966
1767292467585 939163.0 1967
1767292468623 939163.0 1968
1767292469663 939163.0 1969
1767292470692 939163.0 1970
1767292471722 939163.0 1971
1767292472754 939163.0 1972
1767292473786 939163.0 1973
1767292477747 939163.0 1974
1767292478778 939163.0 1975
1767292479819 939163.0 1976
1767292480852 939163.0 1977
1767292481882 939163.0 1978
1767292482914 939163.0 1979
1767292483944 939163.0 1980
1767292484974 939163.0 1981
1767292486006 939163.0 1982
1767292487037 939163.0 1983
1767292488066 939163.0 1984
1767292489095 939163.0 1985
1767292490138 939163.0 1986
1767292491170 939163.0 1987
1767292492202 939163.0 1988
1767292493232 939163.0 1989
1767292494275 939163.0 1990
1767292495305 939163.0 1991
1767292496338 939163.0 1992
1767292497370 939163.0 1993
1767292498402 939163.0 1994
1767292499445 939163.0 1995
1767292500475 939163.0 1996
1767292501523 939163.0 1997
1767292502563 939163.0 1998
1767292503592 939163.0 1999
1767292504626 939163.0 2000
1767292505671 939163.0 2001
1767292506701 939163.0 2002
1767292507736 939163.0 2003
1767292508787 939163.0 2004
1767292512749 939163.0 2005
1767292513780 939163.0 2006
1767292514810 939163.0 2007
1767292515840 939163.0 2008
1767292516870 939163.0 2009
1767292517924 939163.0 2010
1767292518954 939163.0 2011
1767292519996 939163.0 2012
1767292521027 939163.0 2013
1767292522065 939162.9 2014
1767292523095 939162.9 2015
1767292524128 939162.9 2016
1767292525157 939162.9 2017
1767292526193 939162.9 2018
1767292527226 939162.9 2019
1767292528271 939162.9 2020
1767292529314 939162.9 2021
1767292530347 939162.9 2022
1767292531382 939162.9 2023
1767292532417 939162.9 2024
1767292533450 939162.9 2025
1767292534483 939162.9 2026
1767292535532 939162.9 2027
1767292536570 939162.9 2028
1767292537600 939162.9 2029
1767292538631 939162.9 2030
1767292539665 939162.9 2031
1767292540696 939162.9 2032
1767292541726 939162.9 2033
1767292542759 939162.9 2034
1767292543793 939162.9 2035
1767292547758 939162.9 2036
1767292548793 939162.9 2037
1767292549824 939162.9 2038
1767292550858 939162.9 2039
1767292551901 939162.9 2040
1767292552931 939162.9 2041
1767292553965 939162.9 2042
1767292554996 939162.9 2043
1767292556029 939162.9 2044
1767292557061 939162.9 2045
1767292558092 939162.9 2046
1767292559124 939162.9 2047
1767292560155 939162.9 2048
1767292561188 939162.9 2049
1767292562218 939162.9 2050
1767292563249 939162.9 2051
1767292564280 939162.9 2052
1767292565311 939162.9 2053
1767292566341 939162.9 2054
1767292567372 939162.9 2055
1767292568405 939162.9 2056
1767292569435 939162.9 2057
1767292570468 939162.9 2058
1767292571501 939162.9 2059
1767292572536 939162.9 2060
1767292573572 939162.9 2061
1767292574607 939162.9 2062
1767292575647 939162.9 2063
1767292576682 939162.9 2064
1767292577997 939162.9 2065
1767292579029 939162.9 2066
1767292582987 939162.9 2067
1767292584018 939162.9 2068
1767292585054 939162.9 2069
1767292586087 939162.9 2070
1767292587117 939162.9 2071
1767292588150 939162.9 2072
1767292589184 939162.9 2073
1767292590218 939162.9 2074
1767292591249 939162.9 2075
1767292592285 939162.9 2076
1767292593331 939162.9 2077
1767292594363 939162.9 2078
1767292595395 939162.9 2079
1767292596425 939162.9 2080
1767292597457 939162.9 2081
1767292598491 939162.9 2082
1767292599521 939162.9 2083
1767292600554 939162.9 2084
1767292601602 939162.9 2085
1767292602649 939162.9 2086
1767292603689 939162.9 2087
1767292604720 939162.9 2088
1767292605772 939162.9 2089
1767292606804 939162.9 2090
1767292607835 939162.9 2091
1767292608867 939162.9 2092
1767292609898 939162.9 2093
1767292610932 939162.9 2094
1767292611967 939162.9 2095
1767292612999 939162.9 2096
1767292614032 939162.9 2097
1767292617993 939162.9 2098
1767292619028 939162.9 2099
1767292620059 939162.9 2100
1767292621094 939162.9 2101
1767292622126 939162.9 2102
1767292623157 939162.9 2103
1767292624200 939162.9 2104
1767292625233 939162.9 2105
1767292626267 939162.9 2106
1767292627311 939162.9 2107
1767292628352 939162.9 2108
1767292629394 939162.9 2109
1767292630426 939162.9 2110
1767292631459 939162.9 2111
1767292632502 939162.9 2112
1767292633547 939162.9 2113
1767292634580 939162.9 2114
1767292635616 939162.9 2115
1767292636647 939162.9 2116
1767292637680 939162.9 2117
1767292638711 939162.9 2118
1767292639743 939162.9 2119
1767292640777 939162.9 2120
1767292641808 939162.9 2121
1767292642853 939162.9 2122
1767292643904 939162.9 2123
1767292644939 939162.9 2124
1767292645973 939162.9 2125
1767292647004 939162.9 2126
1767292648041 939162.9 2127
1767292649086 939162.9 2128
1767292653053 939162.9 2129
1767292654089 939162.9 2130
1767292655128 939162.9 2131
1767292656165 939162.9 2132
1767292657199 939162.9 2133
1767292658231 939162.9 2134
1767292659264 939162.9 2135
1767292660297 939162.9 2136
1767292661329 939162.9 2137
1767292662362 939162.9 2138
1767292663395 939162.9 2139
1767292664428 939162.9 2140
1767292665472 939162.9 2141
1767292666504 939162.9 2142
1767292667538 939162.9 2143
1767292668572 939162.9 2144
1767292669604 939162.9 2145
1767292670639 939162.9 2146
1767292671673 939162.9 2147
1767292672709 939162.9 2148
1767292673746 939162.9 2149
1767292674791 939162.9 2150
1767292675829 939162.9 2151
1767292676861 939162.9 2152
1767292677895 939162.9 2153
1767292678928 939162.9 2154
1767292679962 939162.9 2155
1767292681000 939162.9 2156
1767292682033 939162.9 2157
1767292683066 939162.9 2158
1767292684099 939162.9 2159
1767292688058 939162.9 2160
1767292689110 939162.9 2161
1767292690144 939162.9 2162
1767292691178 939162.9 2163
1767292692211 939162.9 2164
1767292693245 939162.9 2165
1767292694278 939162.9 2166
1767292695311 939162.9 2167
1767292696345 939162.9 2168
1767292697380 939162.9 2169
1767292698415 939162.9 2170
1767292699455 939162.9 2171
1767292700492 939162.9 2172
1767292701529 939162.9 2173
1767292702574 939162.9 2174
1767292703613 939162.9 2175
1767292704673 939162.9 2176
1767292705718 939162.9 2177
1767292706756 939162.9 2178
1767292707799 939162.9 2179
1767292708834 939162.9 2180
1767292709866 939162.9 2181
1767292710899 939162.9 2182
1767292711932 939162.9 2183
1767292712966 939162.9 2184
1767292714004 939162.9 2185
1767292715045 939162.9 2186
1767292716091 939162.9 2187
1767292717127 939162.9 2188
1767292718169 939162.9 2189
1767292719202 939162.9 2190
1767292723176 939162.9 2191
1767292724219 939162.9 2192
1767292725256 939162.9 2193
1767292726289 939162.9 2194
1767292727323 939162.9 2195
1767292728357 939162.9 2196
1767292729390 939162.9 2197
1767292730433 939162.9 2198
1767292731467 939162.9 2199
1767292732500 939162.9 2200
1767292733539 939162.9 2201
1767292734586 939162.9 2202
1767292735644 939162.9 2203
1767292736683 939162.9 2204
1767292737716 939162.9 2205
1767292738748 939162.9 2206
1767292739800 939162.9 2207
1767292740835 939162.9 2208
1767292741868 939162.9 2209
1767292742902 939162.9 2210
1767292743937 939162.9 2211
1767292744969 939162.9 2212
1767292746003 939162.9 2213
1767292747036 939162.9 2214
1767292748078 939162.9 2215
1767292749115 939162.9 2216
1767292750153 939162.9 2217
1767292751186 939162.9 2218
1767292752220 939162.9 2219
1767292753254 939162.9 2220
1767292754299 939162.9 2221
1767292758260 939162.9 2222
1767292759298 939162.9 2223
1767292760332 939162.9 2224
1767292761368 939162.9 2225
1767292762410 939162.9 2226
1767292763450 939162.9 2227
1767292764486 939162.9 2228
1767292765532 939162.9 2229
1767292766567 939162.9 2230
1767292767604 939162.9 2231
1767292768638 939162.9 2232
1767292769676 939162.9 2233
1767292770709 939162.9 2234
1767292771748 939162.9 2235
1767292773063 939162.9 2236
1767292774096 939162.9 2237
1767292775129 939162.9 2238
1767292776164 939162.9 2239
1767292777201 939162.9 2240
1767292778237 939162.9 2241
1767292779285 939162.9 2242
1767292780324 939162.9 2243
1767292781370 939162.9 2244
1767292782404 939162.9 2245
1767292783439 939162.9 2246
1767292784477 939162.9 2247
1767292785512 939162.9 2248
1767292786551 939162.9 2249
1767292787590 939162.9 2250
1767292788631 939162.9 2251
1767292789685 939162.9 2252
1767292793661 939162.9 2253
1767292794700 939162.9 2254
1767292795734 939162.9 2255
1767292796770 939162.9 2256
1767292797806 939162.9 2257
1767292798845 939162.9 2258
1767292799886 939162.9 2259
1767292800926 939162.9 2260
1767292801964 939162.9 2261
1767292803002 939162.9 2262
1767292804041 939162.9 2263
1767292805085 939162.9 2264
1767292806129 939162.9 2265
1767292807164 939162.9 2266
1767292808199 939162.9 2267
1767292809235 939162.9 2268
1767292810288 939162.9 2269
1767292811324 939162.9 2270
1767292812375 939162.9 2271
1767292813412 939162.9 2272
1767292814446 939162.9 2273
1767292815480 939162.9 2274
1767292816518 939162.9 2275
1767292817553 939162.9 2276
1767292818589 939162.9 2277
1767292819635 939162.9 2278
1767292820671 939162.9 2279
1767292821707 939162.9 2280
1767292822744 939162.9 2281
1767292823784 939162.9 2282
1767292824823 939162.9 2283
1767292828807 939162.9 2284
1767292829844 939162.9 2285
1767292830880 939162.9 2286
1767292831917 939162.9 2287
1767292832954 939162.9 2288
1767292833993 939162.9 2289
1767292835039 939162.9 2290
1767292836075 939162.9 2291
1767292837122 939162.9 2292
1767292838159 939162.9 2293
1767292839205 939162.9 2294
1767292840241 939162.9 2295
1767292841281 939162.9 2296
1767292842321 939162.9 2297
1767292843368 939162.9 2298
1767292844403 939162.9 2299
1767292845437 939162.9 2300
1767292846476 939162.9 2301
1767292847511 939162.9 2302
1767292848546 939162.9 2303
1767292849581 939162.9 2304
1767292850615 939162.9 2305
1767292851649 939162.9 2306
1767292852683 939162.9 2307
1767292853722 939162.9 2308
1767292854759 939162.9 2309
1767292855805 939162.9 2310
1767292856839 939162.9 2311
1767292857877 939162.9 2312
1767292858927 939162.9 2313
1767292859962 939162.9 2314
1767292863919 939162.9 2315
1767292864954 939162.9 2316
1767292865989 939162.9 2317
1767292867041 939162.9 2318
1767292868078 939162.9 2319
1767292869121 939162.9 2320
1767292870155 939162.9 2321
1767292871211 939162.9 2322
1767292872248 939162.9 2323
1767292873294 939162.9 2324
1767292874613 939162.9 2325
1767292875649 939162.9 2326
1767292876697 939162.9 2327
1767292877733 939162.9 2328
1767292878786 939162.9 2329
1767292879822 939162.9 2330
1767292880868 939162.9 2331
1767292881912 939162.9 2332
1767292882973 939162.9 2333
1767292884016 939162.9 2334
1767292885050 939162.9 2335
1767292886086 939162.9 2336
1767292887125 939162.9 2337
1767292888162 939162.9 2338
1767292889201 939162.9 2339
1767292890240 939162.9 2340
1767292891286 939162.9 2341
1767292892326 939162.9 2342
1767292893362 939162.9 2343
1767292894398 939162.9 2344
1767292895437 939162.9 2345
1767292899429 939162.9 2346
1767292900466 939162.9 2347
1767292901521 939162.9 2348
1767292902558 939162.9 2349
1767292903603 939162.9 2350
1767292904641 939162.9 2351
1767292905677 939162.9 2352
1767292906718 939162.9 2353
1767292907754 939162.9 2354
1767292908791 939162.9 2355
1767292909826 939162.9 2356
1767292910863 939162.9 2357
1767292911900 939162.9 2358
1767292912936 939162.9 2359
1767292913973 939162.9 2360
1767292915011 939162.9 2361
1767292916047 939162.9 2362
1767292917094 939162.9 2363
1767292918139 939162.9 2364
1767292919184 939162.9 2365
1767292920219 939162.9 2366
1767292921254 939162.9 2367
1767292922290 939162.9 2368
1767292923330 939162.9 2369
1767292924377 939162.9 2370
1767292925429 939162.9 2371
1767292926467 939162.9 2372
1767292927507 939162.9 2373
1767292928549 939162.9 2374
1767292929586 939162.9 2375
1767292930621 939162.9 2376
1767292934601 939162.9 2377
1767292935643 939162.9 2378
1767292936679 939162.9 2379
1767292937717 939162.9 2380
1767292938753 939162.8 2381
1767292939793 939162.8 2382
1767292940830 939162.8 2383
1767292941867 939162.8 2384
1767292943222 939162.8 2385
1767292944257 939162.8 2386
1767292945293 939162.8 2387
1767292946335 939162.8 2388
1767292947372 939162.8 2389
1767292948411 939162.8 2390
1767292949449 939162.8 2391
1767292950489 939162.8 2392
1767292951527 939162.8 2393
1767292952564 939162.8 2394
1767292953604 939162.8 2395
1767292954642 939162.8 2396
1767292955698 939162.8 2397
1767292956736 939162.8 2398
1767292957785 939162.8 2399
1767292958827 939162.8 2400
1767292959884 939162.8 2401
1767292960931 939162.8 2402
1767292961987 939162.8 2403
1767292963024 939162.8 2404
1767292964065 939162.8 2405
1767292965101 939162.8 2406
1767292966139 939162.8 2407
1767292970108 939162.8 2408
1767292971150 939162.8 2409
1767292972195 939162.8 2410
1767292973236 939162.8 2411
1767292974275 939162.8 2412
1767292975313 939162.8 2413
1767292976349 939162.8 2414
1767292977384 939162.8 2415
1767292978420 939162.8 2416
1767292979459 939162.8 2417
1767292980497 939162.8 2418
1767292981534 939162.8 2419
1767292982571 939162.8 2420
1767292983624 939162.8 2421
1767292984664 939162.8 2422
1767292985723 939162.8 2423
1767292986770 939162.8 2424
1767292987806 939162.8 2425
1767292988843 939162.8 2426
1767292989883 939162.8 2427
1767292990920 939162.8 2428
1767292991958 939162.8 2429
1767292992995 939162.8 2430
1767292994034 939162.8 2431
1767292995073 939162.8 2432
1767292996111 939162.8 2433
1767292997150 939162.8 2434
1767292998186 939162.8 2435
1767292999223 939162.8 2436
1767293000261 939162.8 2437
1767293001300 939162.8 2438
1767293005269 939162.8 2439
1767293006307 939162.8 2440
1767293007342 939162.8 2441
1767293008389 939162.8 2442
1767293009438 939162.8 2443
1767293010475 939162.8 2444
1767293011513 939162.8 2445
1767293012548 939162.8 2446
1767293013609 939162.8 2447
1767293014644 939162.8 2448
1767293015681 939162.8 2449
1767293016722 939162.8 2450
1767293017760 939162.8 2451
1767293018800 939162.8 2452
1767293019836 939162.8 2453
1767293020873 939162.8 2454
1767293021916 939162.8 2455
1767293022955 939162.8 2456
1767293023993 939162.8 2457
1767293025035 939162.8 2458
1767293026072 939162.8 2459
1767293027113 939162.8 2460
1767293028157 939162.8 2461
1767293029193 939162.8 2462
1767293030242 939162.8 2463
1767293031277 939162.8 2464
1767293032333 939162.8 2465
1767293033380 939162.8 2466
1767293034419 939162.8 2467
1767293035459 939162.8 2468
1767293036497 939162.8 2469
1767293040483 939162.8 2470
1767293041520 939162.8 2471
1767293042556 939162.8 2472
1767293043593 939162.8 2473
1767293044629 939162.8 2474
1767293045667 939162.8 2475
1767293046705 939162.8 2476
1767293047746 939162.8 2477
1767293048795 939162.8 2478
1767293049834 939162.8 2479
1767293050874 939162.8 2480
1767293051913 939162.8 2481
1767293052964 939162.8 2482
1767293054003 939162.8 2483
1767293055039 939162.8 2484
1767293056078 939162.8 2485
1767293057118 939162.8 2486
1767293058160 939162.8 2487
1767293059200 939162.8 2488
1767293060237 939162.8 2489
1767293061274 939162.8 2490
1767293062316 939162.8 2491
1767293063358 939162.8 2492
1767293064398 939162.8 2493
1767293065437 939162.8 2494
1767293066475 939162.8 2495
1767293067512 939162.8 2496
1767293068564 939162.8 2497
1767293069603 939162.8 2498
1767293070644 939162.8 2499
1767293071681 939162.8 2500
1767293075646 939162.8 2501
1767293076686 939162.8 2502
1767293077724 939162.8 2503
1767293078761 939162.8 2504
1767293079798 939162.8 2505
1767293080839 939162.8 2506
1767293081878 939162.8 2507
1767293082916 939162.8 2508
1767293083955 939162.8 2509
1767293084993 939162.8 2510
1767293086031 939162.8 2511
1767293087094 939162.8 2512
1767293088133 939162.8 2513
1767293089171 939162.8 2514
1767293090208 939162.8 2515
1767293091249 939162.8 2516
1767293092286 939162.8 2517
1767293093331 939162.8 2518
1767293094376 939162.8 2519
1767293095416 939162.8 2520
1767293096455 939162.8 2521
1767293097496 939162.8 2522
1767293098543 939162.8 2523
1767293099583 939162.8 2524
1767293100628 939162.8 2525
1767293101671 939162.8 2526
1767293102707 939162.8 2527
1767293103745 939162.8 2528
1767293104783 939162.8 2529
1767293105823 939162.8 2530
1767293106863 939162.8 2531
1767293110832 939162.8 2532
1767293111873 939162.8 2533
1767293112912 939162.8 2534
1767293113951 939162.8 2535
1767293114989 939162.8 2536
1767293116027 939162.8 2537
1767293117068 939162.8 2538
1767293118106 939162.8 2539
1767293119160 939162.8 2540
1767293120196 939162.8 2541
1767293121235 939162.8 2542
1767293122273 939162.8 2543
1767293123326 939162.8 2544
1767293124365 939162.8 2545
1767293125411 939162.8 2546
1767293126453 939162.8 2547
1767293127493 939162.8 2548
1767293128532 939162.8 2549
1767293129572 939162.8 2550
1767293130610 939162.8 2551
1767293131650 939162.8 2552
1767293132690 939162.8 2553
1767293133729 939162.8 2554
1767293134768 939162.8 2555
1767293135815 939162.8 2556
1767293136871 939162.8 2557
1767293137909 939162.8 2558
1767293138947 939162.8 2559
1767293139987 939162.8 2560
1767293141026 939162.8 2561
1767293142063 939162.8 2562
1767293146353 939162.8 2563
1767293147413 939162.8 2564
1767293148455 939162.8 2565
1767293149497 939162.8 2566
1767293150560 939162.8 2567
1767293151602 939162.8 2568
1767293152659 939162.8 2569
1767293153707 939162.8 2570
1767293154746 939162.8 2571
1767293155788 939162.8 2572
1767293156827 939162.8 2573
1767293157865 939162.8 2574
1767293158910 939162.8 2575
1767293159949 939162.8 2576
1767293160991 939162.8 2577
1767293162031 939162.8 2578
1767293163070 939162.8 2579
1767293164113 939162.8 2580
1767293165155 939162.8 2581
1767293166215 939162.8 2582
1767293167266 939162.8 2583
1767293168305 939162.8 2584
1767293169361 939162.8 2585
1767293170408 939162.8 2586
1767293171448 939162.8 2587
1767293172492 939162.8 2588
1767293173533 939162.8 2589
1767293174593 939162.8 2590
1767293175631 939162.8 2591
1767293176671 939162.8 2592
1767293180641 939162.8 2593
1767293181679 939162.8 2594
1767293182720 939162.8 2595
1767293183765 939162.8 2596
1767293184804 939162.8 2597
1767293185845 939162.8 2598
1767293186885 939162.8 2599
1767293187924 939162.8 2600
1767293188963 939162.8 2601
1767293190008 939162.8 2602
1767293191048 939162.8 2603
1767293192087 939162.8 2604
1767293193126 939162.8 2605
1767293194167 939162.8 2606
1767293195208 939162.8 2607
1767293196247 939162.8 2608
1767293197288 939162.8 2609
1767293198332 939162.8 2610
1767293199374 939162.8 2611
1767293200433 939162.8 2612
1767293201473 939162.8 2613
1767293202513 939162.8 2614
1767293203559 939162.8 2615
1767293204617 939162.8 2616
1767293205656 939162.8 2617
1767293206695 939162.8 2618
1767293207740 939162.8 2619
1767293208778 939162.8 2620
1767293209824 939162.8 2621
1767293210865 939162.8 2622
1767293211905 939162.8 2623
1767293215877 939162.8 2624
1767293216920 939162.8 2625
1767293217979 939162.8 2626
1767293219043 939162.8 2627
1767293220088 939162.8 2628
1767293221132 939162.8 2629
1767293222182 939162.8 2630
1767293223222 939162.8 2631
1767293224261 939162.8 2632
1767293225303 939162.8 2633
1767293226342 939162.8 2634
1767293227383 939162.8 2635
1767293228434 939162.8 2636
1767293229484 939162.8 2637
1767293230523 939162.8 2638
1767293231565 939162.8 2639
1767293232605 939162.8 2640
1767293233651 939162.8 2641
1767293234690 939162.8 2642
1767293235739 939162.8 2643
1767293236803 939162.8 2644
1767293237845 939162.8 2645
1767293238889 939162.8 2646
1767293239942 939162.8 2647
1767293240987 939162.8 2648
1767293242029 939162.8 2649
1767293243080 939162.8 2650
1767293244119 939162.8 2651
1767293245160 939162.8 2652
1767293246482 939162.8 2653
1767293247524 939162.8 2654
1767293251490 939162.8 2655
1767293252531 939162.8 2656
1767293253597 939162.8 2657
1767293254637 939162.8 2658
1767293255680 939162.8 2659
1767293256723 939162.8 2660
1767293257772 939162.8 2661
1767293258818 939162.8 2662
1767293259864 939162.8 2663
1767293260912 939162.8 2664
1767293261953 939162.8 2665
1767293262997 939162.8 2666
1767293264042 939162.8 2667
1767293265082 939162.8 2668
1767293266124 939162.8 2669
1767293267162 939162.8 2670
1767293268206 939162.8 2671
1767293269267 939162.8 2672
1767293270308 939162.8 2673
1767293271351 939162.8 2674
1767293272390 939162.8 2675
1767293273445 939162.8 2676
1767293274491 939162.8 2677
1767293275541 939162.8 2678
1767293276589 939162.8 2679
1767293277628 939162.8 2680
1767293278667 939162.8 2681
1767293279718 939162.8 2682
1767293280766 939162.8 2683
1767293281809 939162.8 2684
1767293282849 939162.8 2685
1767293286825 939162.8 2686
1767293287879 939162.8 2687
1767293288933 939162.8 2688
1767293289990 939162.8 2689
1767293291039 939162.8 2690
1767293292087 939162.8 2691
1767293293128 939162.8 2692
1767293294171 939162.8 2693
1767293295212 939162.8 2694
1767293296257 939162.8 2695
1767293297302 939162.8 2696
1767293298346 939162.8 2697
1767293299387 939162.8 2698
1767293300434 939162.8 2699
1767293301477 939162.8 2700
1767293302520 939162.8 2701
1767293303562 939162.8 2702
1767293304606 939162.8 2703
1767293305650 939162.8 2704
1767293306695 939162.8 2705
1767293307739 939162.8 2706
1767293308786 939162.8 2707
1767293309831 939162.8 2708
1767293310877 939162.8 2709
1767293311918 939162.8 2710
1767293312959 939162.8 2711
1767293314004 939162.8 2712
1767293315046 939162.8 2713
1767293316088 939162.8 2714
1767293317130 939162.8 2715
1767293318171 939162.8 2716
1767293322155 939162.8 2717
1767293323195 939162.8 2718
1767293324240 939162.8 2719
1767293325279 939162.8 2720
1767293326321 939162.8 2721
1767293327364 939162.8 2722
1767293328407 939162.8 2723
1767293329450 939162.8 2724
1767293330495 939162.8 2725
1767293331538 939162.8 2726
1767293332582 939162.8 2727
1767293333623 939162.8 2728
1767293334664 939162.8 2729
1767293335705 939162.8 2730
1767293336748 939162.8 2731
1767293337798 939162.8 2732
1767293338839 939162.8 2733
1767293339881 939162.8 2734
1767293340924 939162.8 2735
1767293341969 939162.8 2736
1767293343010 939162.8 2737
1767293344052 939162.8 2738
1767293345093 939162.8 2739
1767293346136 939162.8 2740
1767293347181 939162.8 2741
1767293348223 939162.8 2742
1767293349266 939162.8 2743
1767293350604 939162.8 2744
1767293351644 939162.8 2745
1767293352689 939162.8 2746
1767293356671 939162.8 2747
1767293357714 939162.8 2748
1767293358758 939162.8 2749
1767293359810 939162.8 2750
1767293360853 939162.8 2751
1767293361914 939162.8 2752
1767293362957 939162.8 2753
1767293364000 939162.8 2754
1767293365047 939162.8 2755
1767293366093 939162.8 2756
1767293367133 939162.8 2757
1767293368183 939162.8 2758
1767293369247 939162.8 2759
1767293370300 939162.8 2760
1767293371360 939162.8 2761
1767293372401 939162.8 2762
1767293373445 939162.8 2763
1767293374491 939162.8 2764
1767293375533 939162.8 2765
1767293376577 939162.8 2766
1767293377620 939162.8 2767
1767293378662 939162.8 2768
1767293379704 939162.8 2769
1767293380767 939162.8 2770
1767293381813 939162.8 2771
1767293382865 939162.8 2772
1767293383907 939162.8 2773
1767293384953 939162.8 2774
1767293386004 939162.8 2775
1767293387048 939162.8 2776
1767293388098 939162.7 2777
1767293392075 939162.7 2778
1767293393120 939162.7 2779
1767293394161 939162.7 2780
1767293395217 939162.7 2781
1767293396280 939162.7 2782
1767293397321 939162.7 2783
1767293398363 939162.7 2784
1767293399405 939162.7 2785
1767293400446 939162.7 2786
1767293401487 939162.7 2787
1767293402530 939162.7 2788
1767293403592 939162.7 2789
1767293404656 939162.7 2790
1767293405699 939162.7 2791
1767293406742 939162.7 2792
1767293407789 939162.7 2793
1767293408831 939162.7 2794
1767293409873 939162.7 2795
1767293410915 939162.7 2796
1767293411956 939162.7 2797
1767293413007 939162.7 2798
1767293414050 939162.7 2799
1767293415091 939162.7 2800
1767293416135 939162.7 2801
1767293417176 939162.7 2802
1767293418216 939162.7 2803
1767293419267 939162.7 2804
1767293420308 939162.7 2805
1767293421352 939162.7 2806
1767293422394 939162.7 2807
1767293423438 939162.7 2808
1767293427406 939162.7 2809
1767293428448 939162.7 2810
1767293429490 939162.7 2811
1767293430531 939162.7 2812
1767293431577 939162.7 2813
1767293432620 939162.7 2814
1767293433666 939162.7 2815
1767293434708 939162.7 2816
1767293435755 939162.7 2817
1767293436803 939162.7 2818
1767293437846 939162.7 2819
1767293438889 939162.7 2820
1767293439933 939162.7 2821
1767293440975 939162.7 2822
1767293442016 939162.7 2823
1767293443059 939162.7 2824
1767293444103 939162.7 2825
1767293445144 939162.7 2826
1767293446186 939162.7 2827
1767293447245 939162.7 2828
1767293448290 939162.7 2829
1767293449334 939162.7 2830
1767293450375 939162.7 2831
1767293451441 939162.7 2832
1767293452485 939162.7 2833
1767293453533 939162.7 2834
1767293454596 939162.7 2835
1767293455639 939162.7 2836
1767293456685 939162.7 2837
1767293457729 939162.7 2838
1767293458771 939162.7 2839
1767293462745 939162.7 2840
1767293463791 939162.7 2841
1767293464834 939162.7 2842
1767293465876 939162.7 2843
1767293466919 939162.7 2844
1767293467961 939162.7 2845
1767293469004 939162.7 2846
1767293470047 939162.7 2847
1767293471093 939162.7 2848
1767293472166 939162.7 2849
1767293473212 939162.7 2850
1767293474254 939162.7 2851
1767293475297 939162.7 2852
1767293476340 939162.7 2853
1767293477383 939162.7 2854
1767293478431 939162.7 2855
1767293479474 939162.7 2856
1767293480515 939162.7 2857
1767293481560 939162.7 2858
1767293482602 939162.7 2859
1767293483654 939162.7 2860
1767293484696 939162.7 2861
1767293485741 939162.7 2862
1767293487076 939162.7 2863
1767293488127 939162.7 2864
1767293489170 939162.7 2865
1767293490213 939162.7 2866
1767293491258 939162.7 2867
1767293492308 939162.7 2868
1767293493371 939162.7 2869
1767293497332 939162.7 2870
1767293498375 939162.7 2871
1767293499418 939162.7 2872
1767293500480 939162.7 2873
1767293501530 939162.7 2874
1767293502578 939162.7 2875
1767293503634 939162.7 2876
1767293504679 939162.7 2877
1767293505723 939162.7 2878
1767293506768 939162.7 2879
1767293507813 939162.7 2880
1767293508861 939162.7 2881
1767293509905 939162.7 2882
1767293510950 939162.7 2883
1767293511994 939162.7 2884
1767293513036 939162.7 2885
1767293514079 939162.7 2886
1767293515121 939162.7 2887
1767293516178 939162.7 2888
1767293517222 939162.7 2889
1767293518265 939162.7 2890
1767293519308 939162.7 2891
1767293520360 939162.7 2892
1767293521405 939162.7 2893
1767293522448 939162.7 2894
1767293523490 939162.7 2895
1767293524549 939162.7 2896
1767293525589 939162.7 2897
1767293526632 939162.7 2898
1767293527679 939162.7 2899
1767293528735 939162.7 2900
1767293532717 939162.7 2901
1767293533761 939162.7 2902
1767293534803 939162.7 2903
1767293535846 939162.7 2904
1767293536899 939162.7 2905
1767293537940 939162.7 2906
1767293539003 939162.7 2907
1767293540050 939162.7 2908
1767293541093 939162.7 2909
1767293542137 939162.7 2910
1767293543181 939162.7 2911
1767293544225 939162.7 2912
1767293545270 939162.7 2913
1767293546315 939162.7 2914
1767293547358 939162.7 2915
1767293548400 939162.7 2916
1767293549445 939162.7 2917
1767293550491 939162.7 2918
1767293551537 939162.7 2919
1767293552583 939162.7 2920
1767293553626 939162.7 2921
1767293554674 939162.7 2922
1767293555717 939162.7 2923
1767293556781 939162.7 2924
1767293557835 939162.7 2925
1767293558883 939162.7 2926
1767293559931 939162.7 2927
1767293560978 939162.7 2928
1767293562028 939162.7 2929
1767293563381 939162.7 2930
1767293564425 939162.7 2931
1767293568398 939162.7 2932
1767293569451 939162.7 2933
1767293570494 939162.7 2934
1767293571539 939162.7 2935
1767293572583 939162.7 2936
1767293573628 939162.7 2937
1767293574672 939162.7 2938
1767293575718 939162.7 2939
1767293576777 939162.7 2940
1767293577830 939162.7 2941
1767293578874 939162.7 2942
1767293579922 939162.7 2943
1767293580966 939162.7 2944
1767293582020 939162.7 2945
1767293583065 939162.7 2946
1767293584131 939162.7 2947
1767293585188 939162.7 2948
1767293586232 939162.7 2949
1767293587283 939162.7 2950
1767293588346 939162.7 2951
1767293589392 939162.7 2952
1767293590441 939162.7 2953
1767293591486 939162.7 2954
1767293592538 939162.7 2955
1767293593584 939162.7 2956
1767293594632 939162.7 2957
1767293595675 939162.7 2958
1767293596721 939162.7 2959
1767293597766 939162.7 2960
1767293598823 939162.7 2961
1767293602808 939162.7 2962
1767293603855 939162.7 2963
1767293604899 939162.7 2964
1767293605943 939162.7 2965
1767293606988 939162.7 2966
1767293608048 939162.7 2967
1767293609097 939162.7 2968
1767293610143 939162.7 2969
1767293611187 939162.7 2970
1767293612237 939162.7 2971
1767293613286 939162.7 2972
1767293614333 939162.7 2973
1767293615378 939162.7 2974
1767293616738 939162.7 2975
1767293617784 939162.7 2976
1767293618832 939162.7 2977
1767293619881 939162.7 2978
1767293620932 939162.7 2979
1767293621981 939162.7 2980
1767293623026 939162.7 2981
1767293624076 939162.7 2982
1767293625127 939162.7 2983
1767293626179 939162.7 2984
1767293627224 939162.7 2985
1767293628270 939162.7 2986
1767293629321 939162.7 2987
1767293630366 939162.7 2988
1767293631410 939162.7 2989
1767293632455 939162.7 2990
1767293633500 939162.7 2991
1767293634548 939162.7 2992
1767293638523 939162.7 2993
1767293639568 939162.7 2994
1767293640615 939162.7 2995
1767293641673 939162.7 2996
1767293642725 939162.7 2997
1767293643782 939162.7 2998
1767293644825 939162.7 2999
1767293645874 939162.7 3000
1767293646919 939162.7 3001
1767293647966 939162.7 3002
1767293649016 939162.7 3003
1767293650062 939162.7 3004
1767293651107 939162.7 3005
1767293652150 939162.7 3006
1767293653196 939162.7 3007
1767293654244 939162.7 3008
1767293655572 939162.7 3009
1767293656617 939162.7 3010
1767293657661 939162.7 3011
1767293658705 939162.7 3012
1767293659750 939162.7 3013
1767293660808 939162.7 3014
1767293661856 939162.7 3015
1767293662916 939162.7 3016
1767293663963 939162.7 3017
1767293665008 939162.7 3018
1767293666052 939162.7 3019
1767293667119 939162.7 3020
1767293668164 939162.7 3021
1767293669210 939162.7 3022
1767293673205 939162.7 3023
1767293674249 939162.7 3024
1767293675296 939162.7 3025
1767293676364 939162.7 3026
1767293677432 939162.7 3027
1767293678479 939162.7 3028
1767293679525 939162.7 3029
1767293680592 939162.7 3030
1767293681646 939162.7 3031
1767293682693 939162.7 3032
1767293683739 939162.7 3033
1767293684787 939162.7 3034
1767293685836 939162.7 3035
1767293686906 939162.7 3036
1767293687950 939162.7 3037
1767293689012 939162.7 3038
1767293690063 939162.7 3039
1767293691111 939162.7 3040
1767293692162 939162.7 3041
1767293693208 939162.7 3042
1767293694255 939162.7 3043
1767293695302 939162.7 3044
1767293696362 939162.7 3045
1767293697408 939162.7 3046
1767293698453 939162.7 3047
1767293699498 939162.7 3048
1767293700544 939162.7 3049
1767293701590 939162.7 3050
1767293702648 939162.7 3051
1767293703696 939162.7 3052
1767293704750 939162.7 3053
1767293708725 939162.7 3054
1767293709768 939162.7 3055
1767293710815 939162.7 3056
1767293711861 939162.7 3057
1767293712908 939162.7 3058
1767293713958 939162.7 3059
1767293715009 939162.7 3060
1767293716060 939162.7 3061
1767293717105 939162.7 3062
1767293718159 939162.7 3063
1767293719210 939162.7 3064
1767293720259 939162.7 3065
1767293721305 939162.7 3066
1767293722351 939162.7 3067
1767293723407 939162.7 3068
1767293724466 939162.7 3069
1767293725528 939162.7 3070
1767293726585 939162.7 3071
1767293727630 939162.7 3072
1767293728688 939162.7 3073
1767293729735 939162.7 3074
1767293730783 939162.7 3075
1767293731830 939162.7 3076
1767293732878 939162.7 3077
1767293733924 939162.7 3078
1767293734969 939162.7 3079
1767293736032 939162.7 3080
1767293737081 939162.7 3081
1767293738129 939162.7 3082
1767293739191 939162.7 3083
1767293740245 939162.7 3084
1767293744219 939162.7 3085
1767293745266 939162.7 3086
1767293746312 939162.7 3087
1767293747360 939162.7 3088
1767293748410 939162.7 3089
1767293749454 939162.7 3090
1767293750504 939162.7 3091
1767293751549 939162.7 3092
1767293752600 939162.7 3093
1767293753666 939162.7 3094
1767293754713 939162.7 3095
1767293755762 939162.7 3096
1767293756807 939162.7 3097
1767293757853 939162.7 3098
1767293758900 939162.7 3099
1767293759947 939162.7 3100
1767293761000 939162.7 3101
1767293762047 939162.7 3102
1767293763110 939162.7 3103
1767293764170 939162.7 3104
1767293765213 939162.7 3105
1767293766264 939162.7 3106
1767293767309 939162.7 3107
1767293768354 939162.7 3108
1767293769399 939162.7 3109
1767293770447 939162.7 3110
1767293771500 939162.7 3111
1767293772569 939162.7 3112
1767293773618 939162.7 3113
1767293774689 939162.7 3114
1767293778686 939162.7 3115
1767293779753 939162.7 3116
1767293780798 939162.7 3117
1767293781846 939162.7 3118
1767293782891 939162.6 3119
1767293783952 939162.6 3120
1767293785002 939162.6 3121
1767293786066 939162.6 3122
1767293787112 939162.6 3123
1767293788182 939162.6 3124
1767293789228 939162.6 3125
1767293790279 939162.6 3126
1767293791325 939162.6 3127
1767293792380 939162.6 3128
1767293793430 939162.6 3129
1767293794480 939162.6 3130
1767293795527 939162.6 3131
1767293796574 939162.6 3132
1767293797635 939162.6 3133
1767293798681 939162.6 3134
1767293799747 939162.6 3135
1767293800801 939162.6 3136
1767293801848 939162.6 3137
1767293802894 939162.6 3138
1767293803943 939162.6 3139
1767293805011 939162.6 3140
1767293806078 939162.6 3141
1767293807428 939162.6 3142
1767293808474 939162.6 3143
1767293809522 939162.6 3144
1767293810583 939162.6 3145
1767293814563 939162.6 3146
1767293815609 939162.6 3147
1767293816665 939162.6 3148
1767293817713 939162.6 3149
1767293818759 939162.6 3150
1767293819804 939162.6 3151
1767293820850 939162.6 3152
1767293821897 939162.6 3153
1767293822951 939162.6 3154
1767293824002 939162.6 3155
1767293825056 939162.6 3156
1767293826102 939162.6 3157
1767293827148 939162.6 3158
1767293828195 939162.6 3159
1767293829252 939162.6 3160
1767293830321 939162.6 3161
1767293831375 939162.6 3162
1767293832424 939162.6 3163
1767293833484 939162.6 3164
1767293834531 939162.6 3165
1767293835592 939162.6 3166
1767293836637 939162.6 3167
1767293837701 939162.6 3168
1767293838761 939162.6 3169
1767293839822 939162.6 3170
1767293840872 939162.6 3171
1767293841921 939162.6 3172
1767293842969 939162.6 3173
1767293844019 939162.6 3174
1767293845069 939162.6 3175
1767293849047 939162.6 3176
1767293850094 939162.6 3177
1767293851151 939162.6 3178
1767293852206 939162.6 3179
1767293853273 939162.6 3180
1767293854334 939162.6 3181
1767293855394 939162.6 3182
1767293856441 939162.6 3183
1767293857495 939162.6 3184
1767293858544 939162.6 3185
1767293859602 939162.6 3186
1767293860656 939162.6 3187
1767293861705 939162.6 3188
1767293862752 939162.6 3189
1767293863803 939162.6 3190
1767293864864 939162.6 3191
1767293865914 939162.6 3192
1767293866992 939162.6 3193
1767293868057 939162.6 3194
1767293869104 939162.6 3195
1767293870152 939162.6 3196
1767293871200 939162.6 3197
1767293872263 939162.6 3198
1767293873337 939162.6 3199
1767293874385 939162.6 3200
1767293875452 939162.6 3201
1767293876497 939162.6 3202
1767293877545 939162.6 3203
1767293878592 939162.6 3204
1767293879641 939162.6 3205
1767293880696 939162.6 3206
1767293884676 939162.6 3207
1767293885727 939162.6 3208
1767293887066 939162.6 3209
1767293888113 939162.6 3210
1767293889162 939162.6 3211
1767293890221 939162.6 3212
1767293891271 939162.6 3213
1767293892321 939162.6 3214
1767293893373 939162.6 3215
1767293894419 939162.6 3216
1767293895472 939162.6 3217
1767293896521 939162.6 3218
1767293897569 939162.6 3219
1767293898636 939162.6 3220
1767293899693 939162.6 3221
1767293900743 939162.6 3222
1767293901793 939162.6 3223
1767293902844 939162.6 3224
1767293903894 939162.6 3225
1767293904946 939162.6 3226
1767293906007 939162.6 3227
1767293907057 939162.6 3228
1767293908110 939162.6 3229
1767293909163 939162.6 3230
1767293910215 939162.6 3231
1767293911266 939162.6 3232
1767293912320 939162.6 3233
1767293913383 939162.6 3234
1767293914435 939162.6 3235
1767293915491 939162.6 3236
1767293919471 939162.6 3237
1767293920522 939162.6 3238
1767293921579 939162.6 3239
1767293922633 939162.6 3240
1767293923692 939162.6 3241
1767293924744 939162.6 3242
1767293925812 939162.6 3243
1767293926860 939162.6 3244
1767293927910 939162.6 3245
1767293928976 939162.6 3246
1767293930024 939162.6 3247
1767293931088 939162.6 3248
1767293932142 939162.6 3249
1767293933194 939162.6 3250
1767293934247 939162.6 3251
1767293935303 939162.6 3252
1767293936354 939162.6 3253
1767293937412 939162.6 3254
1767293938762 939162.6 3255
1767293939813 939162.6 3256
1767293940866 939162.6 3257
1767293941918 939162.6 3258
1767293942971 939162.6 3259
1767293944024 939162.6 3260
1767293945073 939162.6 3261
1767293946122 939162.6 3262
1767293947173 939162.6 3263
1767293948226 939162.6 3264
1767293949277 939162.6 3265
1767293950328 939162.6 3266
1767293951381 939162.6 3267
1767293955361 939162.6 3268
1767293956414 939162.6 3269
1767293957466 939162.6 3270
1767293958521 939162.6 3271
1767293959573 939162.6 3272
1767293960625 939162.6 3273
1767293961690 939162.6 3274
1767293962754 939162.6 3275
1767293963806 939162.6 3276
1767293964860 939162.6 3277
1767293965921 939162.6 3278
1767293966974 939162.6 3279
1767293968023 939162.6 3280
1767293969074 939162.6 3281
1767293970124 939162.6 3282
1767293971177 939162.6 3283
1767293972244 939162.6 3284
1767293973296 939162.6 3285
1767293974349 939162.6 3286
1767293975401 939162.6 3287
1767293976450 939162.6 3288
1767293977781 939162.6 3289
