1767290278353 40.9 0
1767290279371 41.1 1
1767290280386 41.3 2
1767290281389 41.4 3
1767290282394 41.4 4
1767290283398 41.5 5
1767290284401 41.5 6
1767290285404 41.4 7
1767290286408 41.4 8
1767290287411 41.5 9
1767290288414 41.5 10
1767290289419 41.5 11
1767290290422 41.7 12
1767290291425 41.5 13
1767290292429 41.5 14
1767290296366 41.5 15
1767290297370 41.5 16
1767290298374 41.5 17
1767290299377 41.4 18
1767290300381 41.4 19
1767290301385 41.4 20
1767290302388 41.4 21
1767290303406 41.4 22
1767290304414 41.3 23
1767290305417 41.4 24
1767290306421 41.4 25
1767290307426 41.3 26
1767290308429 41.3 27
1767290309433 41.4 28
1767290310436 41.4 29
1767290311440 41.4 30
1767290312443 41.4 31
1767290313448 41.4 32
1767290314451 41.4 33
1767290315455 41.4 34
1767290316459 41.4 35
1767290317465 41.4 36
1767290318469 41.4 37
1767290319479 41.4 38
1767290320489 41.4 39
1767290321496 41.4 40
1767290322502 41.5 41
1767290323506 41.4 42
1767290324511 41.4 43
1767290325515 41.4 44
1767290326518 41.4 45
1767290327533 41.4 46
1767290331471 41.4 47
1767290332475 41.4 48
1767290333479 41.4 49
1767290334483 41.4 50
1767290335487 41.4 51
1767290336492 41.4 52
1767290337496 41.4 53
1767290338500 41.4 54
1767290339504 41.4 55
1767290340514 41.4 56
1767290341521 41.4 57
1767290342530 41.4 58
1767290343534 41.4 59
1767290344543 41.4 60
1767290345550 41.4 61
1767290346555 41.4 62
1767290347566 41.4 63
1767290348580 41.4 64
1767290349596 41.4 65
1767290350605 41.4 66
1767290351614 41.4 67
1767290352618 41.4 68
1767290353623 41.4 69
1767290354627 41.4 70
1767290355631 41.4 71
1767290356761 41.4 72
1767290357778 41.7 73
1767290358921 41.9 74
1767290359927 41.8 75
1767290360934 42.4 76
1767290361948 42.4 77
1767290362963 42.3 78
1767290366892 42.3 79
1767290367897 42.3 80
1767290368901 42.3 81
1767290369906 42.3 82
1767290370912 42.4 83
1767290371929 42.4 84
1767290372939 42.4 85
1767290373956 42.3 86
1767290374969 42.3 87
1767290375976 42.7 88
1767290376989 42.3 89
1767290378006 42.3 90
1767290379022 42.3 91
1767290380030 42.3 92
1767290381042 42.3 93
1767290382054 42.2 94
1767290383060 42.2 95
1767290384066 42.3 96
1767290385070 42.3 97
1767290386075 42.1 98
1767290387088 42.1 99
1767290388117 42.1 100
1767290389125 42.1 101
1767290390130 42.1 102
1767290391136 42.1 103
1767290392141 42.1 104
1767290393158 42.1 105
1767290394165 42.1 106
1767290395170 42.1 107
1767290396174 42.5 108
1767290397181 42.5 109
1767290398193 42.5 110
1767290402142 42.6 111
1767290403159 42.6 112
1767290404180 42.5 113
1767290405195 42.6 114
1767290406201 42.6 115
1767290407209 42.6 116
1767290408218 42.6 117
1767290409227 42.5 118
1767290410235 42.5 119
1767290411252 42.5 120
1767290412268 42.5 121
1767290413273 42.5 122
1767290414280 42.2 123
1767290415287 42.2 124
1767290416298 42.2 125
1767290417311 42.2 126
1767290418322 42.2 127
1767290419330 42.2 128
1767290420337 42.2 129
1767290421349 42.2 130
1767290422361 42.2 131
1767290423370 42.2 132
1767290424378 42.2 133
1767290425385 42.2 134
1767290426396 42.2 135
1767290427414 42.2 136
1767290428433 42.2 137
1767290429451 42.2 138
1767290430460 42.3 139
1767290431469 42.2 140
1767290432483 42.2 141
1767290436420 42.2 142
1767290437427 42.2 143
1767290438434 42.2 144
1767290439439 42.2 145
1767290440444 42.2 146
1767290441452 42.2 147
1767290442458 42.2 148
1767290443463 42.2 149
1767290444477 42.2 150
1767290445489 42.2 151
1767290446496 42.2 152
1767290447501 42.2 153
1767290448509 42.2 154
1767290449524 42.2 155
1767290450531 42.3 156
1767290451543 42.2 157
1767290452551 42.2 158
1767290453556 42.2 159
1767290454573 42.2 160
1767290455581 42.3 161
1767290456587 42.2 162
1767290457610 42.3 163
1767290458623 42.2 164
1767290459632 42.3 165
1767290460639 42.2 166
1767290461644 42.3 167
1767290462662 42.3 168
1767290463669 42.2 169
1767290464686 42.2 170
1767290465694 42.3 171
1767290466700 42.2 172
1767290467706 42.2 173
1767290471651 42.2 174
1767290472766 42.2 175
1767290473776 42.6 176
1767290474792 42.2 177
1767290475810 42.3 178
1767290476816 42.2 179
1767290477830 42.3 180
1767290478839 42.3 181
1767290479846 42.3 182
1767290480858 42.2 183
1767290481872 42.2 184
1767290482880 42.2 185
1767290483889 42.2 186
1767290484905 42.2 187
1767290485916 42.3 188
1767290486929 42.2 189
1767290487939 42.4 190
1767290488947 42.3 191
1767290489955 42.2 192
1767290490960 42.2 193
1767290491966 42.2 194
1767290492980 42.2 195
1767290493996 42.2 196
1767290495009 42.2 197
1767290496017 42.2 198
1767290497022 42.2 199
1767290498028 42.2 200
1767290499045 42.2 201
1767290500053 42.2 202
1767290501060 42.2 203
1767290502074 42.2 204
1767290503091 42.2 205
1767290507029 42.3 206
1767290508047 42.3 207
1767290509055 42.3 208
1767290510064 42.3 209
1767290511071 42.3 210
1767290512078 42.3 211
1767290513084 42.3 212
1767290514097 42.3 213
1767290515105 42.3 214
1767290516120 42.3 215
1767290517127 42.3 216
1767290518133 42.3 217
1767290519142 42.3 218
1767290520160 42.3 219
1767290521167 42.3 220
1767290522175 42.3 221
1767290523183 42.3 222
1767290524198 42.3 223
1767290525209 42.3 224
1767290526215 42.3 225
1767290527235 42.3 226
1767290528258 42.2 227
1767290529270 42.3 228
1767290530277 42.2 229
1767290531283 42.3 230
1767290532294 42.3 231
1767290533314 42.3 232
1767290534323 42.3 233
1767290535330 42.2 234
1767290536338 42.2 235
1767290537366 42.2 236
1767290538374 42.3 237
1767290542309 42.3 238
1767290543323 42.2 239
1767290544337 42.3 240
1767290545352 42.2 241
1767290546361 42.3 242
1767290547368 42.2 243
1767290548374 42.3 244
1767290549380 42.3 245
1767290550388 42.2 246
1767290551396 42.3 247
1767290552402 42.3 248
1767290553415 42.3 249
1767290554433 42.3 250
1767290555447 42.2 251
1767290556458 42.3 252
1767290557471 42.3 253
1767290558481 42.3 254
1767290559495 42.2 255
1767290560502 42.2 256
1767290561517 42.3 257
1767290562526 42.2 258
1767290563535 42.2 259
1767290564543 42.2 260
1767290565558 42.3 261
1767290566568 42.2 262
1767290567580 42.3 263
1767290568594 42.2 264
1767290569606 42.2 265
1767290570622 42.2 266
1767290571637 42.2 267
1767290572645 42.2 268
1767290573656 42.2 269
1767290577600 42.2 270
1767290578616 42.3 271
1767290579626 42.2 272
1767290580644 42.2 273
1767290581653 42.3 274
1767290582670 42.2 275
1767290583689 42.2 276
1767290584708 42.3 277
1767290585724 42.3 278
1767290586736 42.2 279
1767290587749 42.2 280
1767290588757 42.2 281
1767290589768 42.2 282
1767290590779 42.3 283
1767290591788 42.2 284
1767290592798 42.3 285
1767290593807 42.2 286
1767290594816 42.2 287
1767290595825 42.2 288
1767290596840 42.2 289
1767290597851 42.3 290
1767290598861 42.3 291
1767290599883 42.3 292
1767290600896 42.3 293
1767290601906 42.3 294
1767290602917 42.3 295
1767290603938 42.3 296
1767290604949 42.3 297
1767290605958 42.2 298
1767290606966 42.2 299
1767290607975 42.3 300
1767290608982 42.3 301
1767290612932 42.3 302
1767290613944 42.3 303
1767290614968 42.3 304
1767290615978 42.3 305
1767290616987 42.2 306
1767290617996 42.2 307
1767290619012 42.3 308
1767290620026 42.3 309
1767290621034 42.3 310
1767290622048 42.3 311
1767290623074 42.3 312
1767290624084 42.3 313
1767290625105 42.3 314
1767290626121 42.3 315
1767290627143 42.2 316
1767290628153 42.3 317
1767290629160 42.2 318
1767290630167 42.2 319
1767290631177 42.2 320
1767290632188 42.2 321
1767290633202 42.2 322
1767290634210 42.2 323
1767290635217 42.2 324
1767290636225 42.2 325
1767290637232 42.3 326
1767290638239 42.3 327
1767290639246 42.2 328
1767290640254 42.2 329
1767290641265 42.3 330
1767290642275 42.3 331
1767290643292 42.3 332
1767290644299 42.3 333
1767290648233 42.3 334
1767290649240 42.2 335
1767290650248 42.3 336
1767290651257 42.3 337
1767290652265 42.3 338
1767290653274 42.3 339
1767290654282 42.3 340
1767290655289 42.3 341
1767290656300 42.3 342
1767290657312 42.3 343
1767290658320 42.3 344
1767290659328 42.3 345
1767290660335 42.3 346
1767290661343 42.3 347
1767290662351 42.3 348
1767290663360 42.3 349
1767290664368 42.3 350
1767290665377 42.3 351
1767290666386 42.3 352
1767290667401 42.3 353
1767290668408 42.3 354
1767290669416 42.3 355
1767290670424 42.3 356
1767290671431 42.3 357
1767290672439 42.3 358
1767290673447 42.3 359
1767290674454 42.3 360
1767290675470 42.3 361
1767290676479 42.3 362
1767290677487 42.3 363
1767290678494 42.3 364
1767290679503 42.3 365
1767290683446 42.3 366
1767290684454 42.3 367
1767290685461 42.3 368
1767290686469 42.3 369
1767290687488 42.3 370
1767290688497 42.3 371
1767290689506 42.3 372
1767290690513 42.3 373
1767290691522 42.3 374
1767290692533 42.3 375
1767290693541 42.2 376
1767290694550 42.2 377
1767290695566 42.3 378
1767290696577 42.3 379
1767290697586 42.3 380
1767290698596 42.3 381
1767290699607 42.3 382
1767290700616 42.3 383
1767290701625 42.3 384
1767290702633 42.3 385
1767290703641 42.3 386
1767290704653 42.3 387
1767290705663 42.3 388
1767290706678 42.3 389
1767290707686 42.3 390
1767290708695 42.3 391
1767290709703 42.3 392
1767290710712 42.3 393
1767290711720 42.3 394
1767290712730 42.3 395
1767290713739 42.3 396
1767290714747 42.3 397
1767290718684 42.3 398
1767290719700 42.3 399
1767290720709 42.3 400
1767290721717 42.3 401
1767290722725 42.3 402
1767290723733 42.3 403
1767290724745 42.3 404
1767290725753 42.3 405
1767290726761 42.3 406
1767290727769 42.3 407
1767290728778 42.3 408
1767290729787 42.3 409
1767290730799 42.3 410
1767290731810 42.3 411
1767290732818 42.3 412
1767290733828 42.3 413
1767290734837 42.3 414
1767290735848 42.3 415
1767290736864 42.3 416
1767290737873 42.3 417
1767290738882 42.3 418
1767290739891 42.3 419
1767290740900 42.3 420
1767290741909 42.3 421
1767290742918 42.3 422
1767290743927 42.3 423
1767290744944 42.3 424
1767290745953 42.3 425
1767290746962 42.3 426
1767290747972 42.3 427
1767290748983 42.3 428
1767290749991 42.3 429
1767290753927 42.3 430
1767290754936 42.3 431
1767290755945 42.3 432
1767290756954 42.3 433
1767290757962 42.3 434
1767290758971 42.3 435
1767290759980 42.3 436
1767290760990 42.3 437
1767290762000 42.3 438
1767290763014 42.3 439
1767290764025 42.3 440
1767290765036 42.3 441
1767290766046 42.3 442
1767290767055 42.3 443
1767290768063 42.3 444
1767290769072 42.3 445
1767290770082 42.3 446
1767290771092 42.3 447
1767290772100 42.3 448
1767290773111 42.3 449
1767290774127 42.3 450
1767290775136 42.3 451
1767290776145 42.3 452
1767290777156 42.4 453
1767290778165 42.3 454
1767290779174 42.4 455
1767290780184 42.4 456
1767290781193 42.4 457
1767290782202 42.3 458
1767290783212 42.4 459
1767290784220 42.4 460
1767290785230 42.3 461
1767290789172 42.3 462
1767290790181 42.3 463
1767290791190 42.3 464
1767290792202 42.3 465
1767290793212 42.3 466
1767290794221 42.3 467
1767290795231 42.3 468
1767290796240 42.3 469
1767290797250 42.3 470
1767290798269 42.3 471
1767290799279 42.3 472
1767290800288 42.3 473
1767290801298 42.3 474
1767290802309 42.3 475
1767290803320 42.3 476
1767290804331 42.3 477
1767290805341 42.3 478
1767290806351 42.3 479
1767290807361 42.3 480
1767290808371 42.3 481
1767290809380 42.3 482
1767290810389 42.4 483
1767290811399 42.3 484
1767290812411 42.4 485
1767290813420 42.4 486
1767290814430 42.4 487
1767290815439 42.4 488
1767290816449 42.4 489
1767290817464 42.4 490
1767290818474 42.4 491
1767290819483 42.3 492
1767290823421 42.4 493
1767290824431 42.4 494
1767290825442 42.3 495
1767290826459 42.3 496
1767290827468 42.4 497
1767290828478 42.4 498
1767290829490 42.4 499
1767290830501 42.3 500
1767290831511 42.3 501
1767290832521 42.3 502
1767290833533 42.3 503
1767290834550 42.3 504
1767290835560 42.3 505
1767290836570 42.3 506
1767290837579 42.3 507
1767290838589 42.3 508
1767290839599 42.3 509
1767290840610 42.3 510
1767290841620 42.3 511
1767290842630 42.3 512
1767290843648 42.3 513
1767290844659 42.3 514
1767290845669 42.3 515
1767290846679 42.3 516
1767290847690 42.3 517
1767290848699 42.3 518
1767290849711 42.3 519
1767290850721 42.3 520
1767290851732 42.3 521
1767290852741 42.3 522
1767290853751 42.3 523
1767290854760 42.3 524
1767290858704 42.3 525
1767290859715 42.3 526
1767290860725 42.3 527
1767290861736 42.3 528
1767290862752 42.3 529
1767290863763 42.3 530
1767290864773 42.3 531
1767290865784 42.3 532
1767290866795 42.3 533
1767290867816 42.3 534
1767290868826 42.4 535
1767290869836 42.3 536
1767290870846 42.3 537
1767290871856 42.3 538
1767290872866 42.3 539
1767290873876 42.3 540
1767290874889 42.3 541
1767290875907 42.3 542
1767290876917 42.3 543
1767290877927 42.3 544
1767290878940 42.4 545
1767290879951 42.3 546
1767290880965 42.3 547
1767290881977 42.4 548
1767290882987 42.4 549
1767290883999 42.3 550
1767290885011 42.3 551
1767290886021 42.3 552
1767290887031 42.3 553
1767290888041 42.3 554
1767290889053 42.3 555
1767290890063 42.3 556
1767290894000 42.3 557
1767290895010 42.3 558
1767290896021 42.4 559
1767290897031 42.3 560
1767290898045 42.3 561
1767290899060 42.3 562
1767290900070 42.3 563
1767290901082 42.3 564
1767290902096 42.3 565
1767290903107 42.3 566
1767290904125 42.3 567
1767290905136 42.3 568
1767290906146 42.3 569
1767290907159 42.3 570
1767290908170 42.3 571
1767290909182 42.3 572
1767290910200 42.3 573
1767290911210 42.3 574
1767290912221 42.3 575
1767290913232 42.3 576
1767290914243 42.3 577
1767290915254 42.3 578
1767290916265 42.3 579
1767290917276 42.3 580
1767290918287 42.3 581
1767290919298 42.3 582
1767290920309 42.3 583
1767290921319 42.3 584
1767290922330 42.3 585
1767290923341 42.3 586
1767290924352 42.3 587
1767290925363 42.3 588
1767290929306 42.3 589
1767290930317 42.3 590
1767290931328 42.3 591
1767290932339 42.3 592
1767290933350 42.3 593
1767290934361 42.3 594
1767290935372 42.3 595
1767290936393 42.3 596
1767290937405 42.3 597
1767290938416 42.3 598
1767290939429 42.4 599
1767290940440 42.3 600
1767290941451 42.3 601
1767290942462 42.3 602
1767290943474 42.4 603
1767290944484 42.4 604
1767290945496 42.4 605
1767290946512 42.4 606
1767290947523 42.3 607
1767290948534 42.4 608
1767290949548 42.4 609
1767290950559 42.4 610
1767290951570 42.4 611
1767290952582 42.4 612
1767290953594 42.3 613
1767290954606 42.3 614
1767290955618 42.3 615
1767290956629 42.3 616
1767290957640 42.3 617
1767290958661 42.4 618
1767290959673 42.4 619
1767290960685 42.4 620
1767290964623 42.4 621
1767290965635 42.4 622
1767290966649 42.4 623
1767290967664 42.3 624
1767290968676 42.3 625
1767290969687 42.3 626
1767290970703 42.3 627
1767290971717 42.3 628
1767290972734 42.4 629
1767290973745 42.4 630
1767290974756 42.3 631
1767290975768 42.4 632
1767290976781 42.3 633
1767290977796 42.3 634
1767290978809 42.4 635
1767290979820 42.3 636
1767290980839 42.3 637
1767290981850 42.3 638
1767290982862 42.3 639
1767290983874 42.3 640
1767290984887 42.3 641
1767290985900 42.4 642
1767290986911 42.4 643
1767290987923 42.4 644
1767290988942 42.4 645
1767290989955 42.3 646
1767290990966 42.3 647
1767290991978 42.4 648
1767290992991 42.4 649
1767290994003 42.3 650
1767290995015 42.3 651
1767290996031 42.4 652
1767290999979 42.4 653
1767291000991 42.4 654
1767291002003 42.3 655
1767291003015 42.4 656
1767291004027 42.4 657
1767291005040 42.4 658
1767291006063 42.4 659
1767291007077 42.4 660
1767291008089 42.3 661
1767291009101 42.3 662
1767291010114 42.3 663
1767291011127 42.3 664
1767291012140 42.3 665
1767291013152 42.3 666
1767291014164 42.3 667
1767291015176 42.3 668
1767291016188 42.3 669
1767291017200 42.3 670
1767291018213 42.3 671
1767291019235 42.3 672
1767291020248 42.3 673
1767291021259 42.3 674
1767291022271 42.3 675
1767291023285 42.3 676
1767291024298 42.3 677
1767291025316 42.3 678
1767291026330 42.3 679
1767291027343 42.3 680
1767291028355 42.3 681
1767291029369 42.3 682
1767291030382 42.3 683
1767291031395 42.3 684
1767291035342 42.3 685
1767291036355 42.3 686
1767291037370 42.3 687
1767291038385 42.3 688
1767291039401 42.3 689
1767291040419 42.3 690
1767291041431 42.3 691
1767291042444 42.3 692
1767291043456 42.3 693
1767291044468 42.3 694
1767291045480 42.3 695
1767291046493 42.3 696
1767291047508 42.3 697
1767291048526 42.3 698
1767291049539 42.3 699
1767291050551 42.3 700
1767291051565 42.3 701
1767291052579 42.3 702
1767291053598 42.3 703
1767291054612 42.3 704
1767291055625 42.3 705
1767291056638 42.3 706
1767291057655 42.3 707
1767291058669 42.3 708
1767291059681 42.3 709
1767291060694 42.3 710
1767291061709 42.3 711
1767291062723 42.4 712
1767291063736 42.4 713
1767291064750 42.3 714
1767291065763 42.3 715
1767291069712 42.3 716
1767291070727 42.4 717
1767291071740 42.3 718
1767291072754 42.3 719
1767291073767 42.3 720
1767291074780 42.3 721
1767291075793 42.3 722
1767291076806 42.3 723
1767291077819 42.3 724
1767291078834 42.3 725
1767291079847 42.3 726
1767291080861 42.3 727
1767291081881 42.3 728
1767291082894 42.3 729
1767291083909 42.3 730
1767291084922 42.3 731
1767291085935 42.3 732
1767291086949 42.3 733
1767291087962 42.3 734
1767291088975 42.3 735
1767291089989 42.3 736
1767291091003 42.3 737
1767291092016 42.3 738
1767291093030 42.3 739
1767291094044 42.3 740
1767291095057 42.3 741
1767291096072 42.3 742
1767291097088 42.3 743
1767291098108 42.3 744
1767291099123 42.3 745
1767291100137 42.3 746
1767291101158 42.3 747
1767291105099 42.3 748
1767291106115 42.3 749
1767291107128 42.3 750
1767291108144 42.3 751
1767291109158 42.3 752
1767291110174 42.3 753
1767291111189 42.3 754
1767291112206 42.3 755
1767291113221 42.3 756
1767291114242 42.3 757
1767291115255 42.3 758
1767291116269 42.3 759
1767291117283 42.3 760
1767291118297 42.3 761
1767291119310 42.3 762
1767291120324 42.3 763
1767291121338 42.3 764
1767291122359 42.3 765
1767291123374 42.3 766
1767291124391 42.3 767
1767291125406 42.3 768
1767291126422 42.3 769
1767291127435 42.3 770
1767291128449 42.3 771
1767291129463 42.3 772
1767291130479 42.3 773
1767291131493 42.3 774
1767291132506 42.3 775
1767291133520 42.3 776
1767291134537 42.3 777
1767291135551 42.3 778
1767291136564 42.3 779
1767291140517 42.3 780
1767291141530 42.3 781
1767291142545 42.3 782
1767291143559 42.3 783
1767291144573 42.3 784
1767291145587 42.3 785
1767291146609 42.3 786
1767291147623 42.3 787
1767291148637 42.4 788
1767291149652 42.3 789
1767291150666 42.3 790
1767291151688 42.3 791
1767291152704 42.3 792
1767291153717 42.3 793
1767291154731 42.3 794
1767291155745 42.3 795
1767291156759 42.3 796
1767291157773 42.3 797
1767291158788 42.3 798
1767291159802 42.3 799
1767291160818 42.3 800
1767291161840 42.3 801
1767291162854 42.3 802
1767291163868 42.3 803
1767291164883 42.3 804
1767291165897 42.3 805
1767291166911 42.3 806
1767291167927 42.3 807
1767291168941 42.3 808
1767291169958 42.3 809
1767291170973 42.3 810
1767291171988 42.3 811
1767291175928 42.3 812
1767291176945 42.3 813
1767291177970 42.3 814
1767291178987 42.3 815
1767291180001 42.3 816
1767291181017 42.3 817
1767291182031 42.3 818
1767291183046 42.3 819
1767291184060 42.3 820
1767291185074 42.3 821
1767291186089 42.3 822
1767291187111 42.3 823
1767291188129 42.3 824
1767291189143 42.3 825
1767291190157 42.3 826
1767291191174 42.3 827
1767291192190 42.3 828
1767291193204 42.3 829
1767291194221 42.3 830
1767291195235 42.4 831
1767291196252 42.4 832
1767291197271 42.4 833
1767291198286 42.4 834
1767291199300 42.4 835
1767291200316 42.4 836
1767291201331 42.4 837
1767291202345 42.4 838
1767291203362 42.4 839
1767291204377 42.4 840
1767291205391 42.3 841
1767291206406 42.3 842
1767291210364 42.3 843
1767291211378 42.3 844
1767291212394 42.3 845
1767291213414 42.3 846
1767291214429 42.3 847
1767291215444 42.3 848
1767291216462 42.3 849
1767291217478 42.3 850
1767291218493 42.3 851
1767291219510 42.3 852
1767291220525 42.3 853
1767291221539 42.3 854
1767291222556 42.3 855
1767291223572 42.3 856
1767291224587 42.3 857
1767291225604 42.3 858
1767291226626 42.3 859
1767291227640 42.3 860
1767291228655 42.4 861
1767291229670 42.3 862
1767291230686 42.3 863
1767291231704 42.3 864
1767291232720 42.3 865
1767291233734 42.4 866
1767291234751 42.3 867
1767291235767 42.4 868
1767291236783 42.4 869
1767291237798 42.4 870
1767291238816 42.4 871
1767291239832 42.3 872
1767291240846 42.3 873
1767291241861 42.3 874
1767291245806 42.3 875
1767291246822 42.3 876
1767291247838 42.3 877
1767291248861 42.3 878
1767291249877 42.3 879
1767291250892 42.3 880
1767291251907 42.3 881
1767291252922 42.3 882
1767291253938 42.3 883
1767291254954 42.3 884
1767291255971 42.3 885
1767291256986 42.3 886
1767291258001 42.3 887
1767291259016 42.3 888
1767291260034 42.3 889
1767291261049 42.3 890
1767291262066 42.3 891
1767291263089 42.3 892
1767291264103 42.3 893
1767291265120 42.3 894
1767291266135 42.3 895
1767291267153 42.3 896
1767291268174 42.4 897
1767291269189 42.3 898
1767291270204 42.3 899
1767291271221 42.3 900
1767291272236 42.3 901
1767291273251 42.3 902
1767291274266 42.3 903
1767291275281 42.3 904
1767291276298 42.3 905
1767291277313 42.3 906
1767291281263 42.3 907
1767291282285 42.3 908
1767291283300 42.3 909
1767291284317 42.3 910
1767291285333 42.3 911
1767291286348 42.3 912
1767291287363 42.3 913
1767291288378 42.4 914
1767291289393 42.4 915
1767291290412 42.4 916
1767291291427 42.4 917
1767291292447 42.4 918
1767291293470 42.4 919
1767291294486 42.3 920
1767291295501 42.3 921
1767291296518 42.3 922
1767291297534 42.3 923
1767291298551 42.3 924
1767291299574 42.3 925
1767291300590 42.4 926
1767291301607 42.3 927
1767291302623 42.3 928
1767291303641 42.3 929
1767291304656 42.4 930
1767291305672 42.4 931
1767291306688 42.4 932
1767291307716 42.4 933
1767291308736 42.3 934
1767291309754 42.3 935
1767291310770 42.3 936
1767291311789 42.3 937
1767291312807 42.3 938
1767291316741 42.3 939
1767291317756 42.3 940
1767291318772 42.4 941
1767291319788 42.3 942
1767291320805 42.3 943
1767291321821 42.3 944
1767291322838 42.3 945
1767291323859 42.4 946
1767291324876 42.4 947
1767291325892 42.4 948
1767291326914 42.4 949
1767291328381 42.4 950
1767291329404 42.9 951
1767291330420 42.9 952
1767291331442 42.9 953
1767291332458 42.9 954
1767291333474 42.9 955
1767291334490 42.9 956
1767291335506 42.9 957
1767291336523 42.9 958
1767291337540 42.9 959
1767291338557 42.9 960
1767291339573 42.9 961
1767291340590 42.9 962
1767291341606 42.9 963
1767291342630 42.9 964
1767291343647 42.9 965
1767291344664 42.9 966
1767291345682 42.9 967
1767291346699 42.9 968
1767291347715 42.9 969
1767291351665 42.9 970
1767291352682 42.9 971
1767291353702 42.9 972
1767291354719 42.9 973
1767291355742 42.9 974
1767291356759 42.9 975
1767291357775 43.0 976
1767291358791 43.0 977
1767291359809 43.0 978
1767291360826 43.0 979
1767291361846 43.0 980
1767291362866 43.0 981
1767291363887 43.0 982
1767291364904 43.0 983
1767291365923 43.0 984
1767291366944 42.9 985
1767291367966 42.9 986
1767291368983 42.9 987
1767291370001 42.9 988
1767291371020 42.9 989
1767291372038 42.9 990
1767291373057 42.9 991
1767291374079 42.9 992
1767291375108 42.9 993
1767291376128 42.9 994
1767291377144 43.3 995
1767291378164 43.4 996
1767291379184 43.4 997
1767291380206 43.4 998
1767291381223 43.4 999
1767291382243 43.4 1000
1767291383265 43.0 1001
1767291387220 43.0 1002
1767291388237 43.0 1003
1767291389255 43.0 1004
1767291390273 43.0 1005
1767291391290 43.0 1006
1767291392312 43.0 1007
1767291393331 43.0 1008
1767291394353 43.0 1009
1767291395387 43.0 1010
1767291396405 42.9 1011
1767291397422 42.9 1012
1767291398439 42.8 1013
1767291399466 42.8 1014
1767291400484 42.8 1015
1767291401503 42.8 1016
1767291402520 42.8 1017
1767291403539 42.8 1018
1767291404560 42.8 1019
1767291405611 42.8 1020
1767291406628 43.0 1021
1767291407648 42.9 1022
1767291408666 43.0 1023
1767291409689 42.9 1024
1767291410706 43.0 1025
1767291411724 42.9 1026
1767291412743 43.0 1027
1767291413763 43.0 1028
1767291414779 42.9 1029
1767291415797 42.9 1030
1767291416816 42.9 1031
1767291417840 42.9 1032
1767291421803 42.9 1033
1767291422824 43.0 1034
1767291423843 43.0 1035
1767291424867 43.0 1036
1767291425885 42.9 1037
1767291426907 42.9 1038
1767291427926 43.0 1039
1767291428944 43.0 1040
1767291429963 43.0 1041
1767291430981 43.0 1042
1767291432004 43.0 1043
1767291433027 43.0 1044
1767291434045 43.0 1045
1767291435064 43.0 1046
1767291436083 43.0 1047
1767291437102 43.0 1048
1767291438134 43.0 1049
1767291439151 43.1 1050
1767291440171 43.1 1051
1767291441194 43.1 1052
1767291442213 43.1 1053
1767291443231 43.1 1054
1767291444249 43.0 1055
1767291445267 43.1 1056
1767291446286 43.1 1057
1767291447303 43.0 1058
1767291448325 43.0 1059
1767291449346 42.9 1060
1767291450364 42.9 1061
1767291451381 42.9 1062
1767291452402 42.9 1063
1767291453421 42.9 1064
1767291457372 42.9 1065
1767291458391 42.9 1066
1767291459410 42.9 1067
1767291460430 42.8 1068
1767291461448 42.7 1069
1767291462477 42.8 1070
1767291463495 42.7 1071
1767291464512 42.7 1072
1767291465531 42.7 1073
1767291466549 42.7 1074
1767291467570 42.7 1075
1767291468589 42.8 1076
1767291469612 42.7 1077
1767291470633 42.8 1078
1767291471650 42.8 1079
1767291472669 42.8 1080
1767291473687 42.8 1081
1767291474706 42.8 1082
1767291475726 42.8 1083
1767291476745 42.8 1084
1767291477770 42.8 1085
1767291478789 42.8 1086
1767291479809 42.8 1087
1767291480830 42.8 1088
1767291481848 42.8 1089
1767291482866 42.8 1090
1767291483885 42.8 1091
1767291484904 42.8 1092
1767291485924 42.8 1093
1767291486949 42.8 1094
1767291487967 42.8 1095
1767291491907 42.8 1096
1767291492926 42.8 1097
1767291493945 42.8 1098
1767291494963 42.8 1099
1767291495982 42.8 1100
1767291497000 42.8 1101
1767291498019 42.8 1102
1767291499037 42.8 1103
1767291500055 42.8 1104
1767291501073 42.8 1105
1767291502093 42.8 1106
1767291503115 42.8 1107
1767291504134 42.8 1108
1767291505153 42.8 1109
1767291506173 42.8 1110
1767291507198 42.8 1111
1767291508216 42.8 1112
1767291509235 42.8 1113
1767291510253 42.8 1114
1767291511272 42.8 1115
1767291512291 42.8 1116
1767291513309 42.8 1117
1767291514327 42.8 1118
1767291515346 42.8 1119
1767291516365 42.8 1120
1767291517397 42.8 1121
1767291518416 42.7 1122
1767291519434 42.7 1123
1767291520456 42.7 1124
1767291521484 42.7 1125
1767291522507 42.7 1126
1767291523527 42.8 1127
1767291527480 42.8 1128
1767291528499 42.7 1129
1767291529520 42.7 1130
1767291530540 42.8 1131
1767291531560 42.7 1132
1767291532586 42.8 1133
1767291533605 42.8 1134
1767291534625 42.8 1135
1767291535644 42.8 1136
1767291536663 42.8 1137
1767291537689 42.8 1138
1767291538708 42.8 1139
1767291539729 42.8 1140
1767291540747 42.8 1141
1767291541776 42.8 1142
1767291542795 42.8 1143
1767291543813 42.8 1144
1767291544832 42.8 1145
1767291545853 42.8 1146
1767291546873 42.8 1147
1767291547894 42.7 1148
1767291548919 42.7 1149
1767291549937 42.7 1150
1767291550956 42.7 1151
1767291551975 42.8 1152
1767291552994 42.8 1153
1767291554015 42.8 1154
1767291555039 42.8 1155
1767291556058 42.8 1156
1767291557079 42.8 1157
1767291558099 42.8 1158
1767291559119 42.8 1159
1767291563076 42.8 1160
1767291564094 42.8 1161
1767291565116 42.8 1162
1767291566135 42.8 1163
1767291567154 42.8 1164
1767291568173 42.8 1165
1767291569195 42.8 1166
1767291570219 42.8 1167
1767291571244 42.7 1168
1767291572265 42.7 1169
1767291573286 42.8 1170
1767291574312 42.8 1171
1767291575332 42.8 1172
1767291576351 42.8 1173
1767291577372 42.7 1174
1767291578391 42.8 1175
1767291579410 42.8 1176
1767291580429 42.8 1177
1767291581449 42.7 1178
1767291582469 42.7 1179
1767291583491 42.7 1180
1767291584510 42.8 1181
1767291585530 42.8 1182
1767291586554 42.8 1183
1767291587575 42.8 1184
1767291588604 42.7 1185
1767291589627 42.8 1186
1767291590655 42.7 1187
1767291591686 42.7 1188
1767291592706 42.7 1189
1767291593724 42.7 1190
1767291597676 42.8 1191
1767291598695 42.7 1192
1767291599714 42.7 1193
1767291600739 42.7 1194
1767291601760 42.8 1195
1767291602787 42.8 1196
1767291603807 42.8 1197
1767291604826 42.8 1198
1767291605847 42.8 1199
1767291606867 42.8 1200
1767291607888 42.8 1201
1767291608914 42.8 1202
1767291609933 42.8 1203
1767291610953 42.8 1204
1767291611974 42.8 1205
1767291612993 42.8 1206
1767291614018 42.8 1207
1767291615039 42.8 1208
1767291616064 42.8 1209
1767291617084 42.8 1210
1767291618104 42.8 1211
1767291619126 42.8 1212
1767291620146 42.8 1213
1767291621167 42.8 1214
1767291622193 42.8 1215
1767291623213 42.8 1216
1767291624235 42.8 1217
1767291625256 42.8 1218
1767291626277 42.8 1219
1767291627303 42.8 1220
1767291628323 42.8 1221
1767291629343 42.8 1222
1767291633292 42.8 1223
1767291634314 42.8 1224
1767291635335 42.8 1225
1767291636361 42.8 1226
1767291637381 42.8 1227
1767291638401 42.8 1228
1767291639422 42.8 1229
1767291640444 42.8 1230
1767291641465 42.8 1231
1767291642491 42.8 1232
1767291643511 42.8 1233
1767291644534 42.8 1234
1767291645564 42.8 1235
1767291646586 42.8 1236
1767291647606 42.8 1237
1767291648626 42.8 1238
1767291649647 42.8 1239
1767291650669 42.8 1240
1767291651691 42.8 1241
1767291652712 42.8 1242
1767291653734 42.8 1243
1767291654754 42.8 1244
1767291655777 42.8 1245
1767291656800 42.7 1246
1767291657827 42.7 1247
1767291658852 42.7 1248
1767291659880 42.7 1249
1767291660903 42.7 1250
1767291661926 42.7 1251
1767291662953 42.8 1252
1767291663973 42.7 1253
1767291667926 42.7 1254
1767291668947 42.8 1255
1767291669968 42.8 1256
1767291670996 42.8 1257
1767291672017 42.8 1258
1767291673037 42.8 1259
1767291674061 42.8 1260
1767291675081 42.8 1261
1767291676106 42.8 1262
1767291677127 42.8 1263
1767291678148 42.8 1264
1767291679168 42.7 1265
1767291680188 42.8 1266
1767291681210 42.8 1267
1767291682231 42.8 1268
1767291683251 42.8 1269
1767291684273 42.8 1270
1767291685301 42.8 1271
1767291686321 42.8 1272
1767291687341 42.8 1273
1767291688362 42.8 1274
1767291689384 42.8 1275
1767291690404 42.8 1276
1767291691424 42.8 1277
1767291692447 42.8 1278
1767291693474 42.8 1279
1767291694493 42.8 1280
1767291695513 42.8 1281
1767291696534 42.7 1282
1767291697556 42.7 1283
1767291698577 42.7 1284
1767291699597 42.7 1285
1767291703546 42.7 1286
1767291704573 42.7 1287
1767291705593 42.7 1288
1767291706614 42.7 1289
1767291707635 42.7 1290
1767291708655 42.7 1291
1767291709677 42.8 1292
1767291710703 42.8 1293
1767291711724 42.8 1294
1767291712745 42.8 1295
1767291713767 42.8 1296
1767291714789 42.8 1297
1767291715811 42.8 1298
1767291716839 42.8 1299
1767291717859 42.8 1300
1767291718881 42.8 1301
1767291719904 42.8 1302
1767291720925 42.8 1303
1767291721949 42.8 1304
1767291722976 42.8 1305
1767291723996 42.8 1306
1767291725024 42.8 1307
1767291726047 42.7 1308
1767291727072 42.7 1309
1767291728095 42.7 1310
1767291729121 42.7 1311
1767291730144 42.7 1312
1767291731616 42.8 1313
1767291732644 43.3 1314
1767291733665 43.3 1315
1767291734687 43.3 1316
1767291738639 43.3 1317
1767291739661 43.3 1318
1767291740683 43.3 1319
1767291741709 43.3 1320
1767291742730 43.3 1321
1767291743751 43.3 1322
1767291744772 43.3 1323
1767291745793 43.3 1324
1767291746816 43.3 1325
1767291747838 43.3 1326
1767291748867 43.3 1327
1767291749890 43.3 1328
1767291750911 43.3 1329
1767291751931 43.3 1330
1767291752954 43.3 1331
1767291753977 43.3 1332
1767291754999 43.3 1333
1767291756027 43.3 1334
1767291757051 43.4 1335
1767291758073 43.3 1336
1767291759093 43.3 1337
1767291760115 43.4 1338
1767291761137 43.3 1339
1767291762161 43.3 1340
1767291763184 43.3 1341
1767291764206 43.3 1342
1767291765228 43.4 1343
1767291766257 43.4 1344
1767291767278 43.4 1345
1767291768316 43.4 1346
1767291769338 43.4 1347
1767291773293 43.4 1348
1767291774317 43.4 1349
1767291775339 43.4 1350
1767291776361 43.3 1351
1767291777385 43.3 1352
1767291778413 43.3 1353
1767291779434 43.3 1354
1767291780455 43.3 1355
1767291781480 43.3 1356
1767291782501 43.3 1357
1767291783526 43.3 1358
1767291784553 43.3 1359
1767291785580 43.4 1360
1767291786601 43.4 1361
1767291787625 43.4 1362
1767291788647 43.4 1363
1767291789671 43.4 1364
1767291790699 43.4 1365
1767291791720 43.4 1366
1767291792742 43.4 1367
1767291793898 43.4 1368
1767291794923 43.7 1369
1767291795945 43.3 1370
1767291796970 43.3 1371
1767291798011 43.4 1372
1767291799037 43.7 1373
1767291800059 42.8 1374
1767291801082 42.8 1375
1767291802111 42.8 1376
1767291803132 42.8 1377
1767291804154 42.8 1378
1767291805178 42.8 1379
1767291809128 42.8 1380
1767291810150 42.8 1381
1767291811184 42.8 1382
1767291812214 42.8 1383
1767291813238 42.8 1384
1767291814260 42.8 1385
1767291815284 42.8 1386
1767291816306 42.8 1387
1767291817328 42.8 1388
1767291818352 42.8 1389
1767291819374 42.8 1390
1767291820397 42.8 1391
1767291821426 42.8 1392
1767291822450 42.8 1393
1767291823471 42.8 1394
1767291824493 42.8 1395
1767291825516 42.8 1396
1767291826541 42.8 1397
1767291827563 42.8 1398
1767291828587 42.8 1399
1767291829610 42.8 1400
1767291830638 42.8 1401
1767291831660 42.8 1402
1767291832682 42.8 1403
1767291833704 42.8 1404
1767291834729 42.8 1405
1767291835752 42.8 1406
1767291836781 42.8 1407
1767291837803 42.8 1408
1767291838826 42.8 1409
1767291839848 42.8 1410
1767291843800 42.8 1411
1767291844825 42.8 1412
1767291845848 42.8 1413
1767291846873 42.8 1414
1767291847901 42.8 1415
1767291848923 42.8 1416
1767291849946 42.8 1417
1767291850970 42.8 1418
1767291851993 42.8 1419
1767291853025 42.8 1420
1767291854048 42.8 1421
1767291855072 42.8 1422
1767291856094 42.8 1423
1767291857121 42.8 1424
1767291858145 42.8 1425
1767291859171 42.8 1426
1767291860201 42.8 1427
1767291861224 42.8 1428
1767291862247 42.8 1429
1767291863285 42.8 1430
1767291864321 42.7 1431
1767291865349 42.7 1432
1767291866376 42.7 1433
1767291867404 42.7 1434
1767291868427 42.7 1435
1767291869453 42.7 1436
1767291870478 42.7 1437
1767291871506 42.7 1438
1767291872531 42.7 1439
1767291873562 42.7 1440
1767291874585 42.7 1441
1767291875612 42.7 1442
1767291879561 42.7 1443
1767291880590 42.7 1444
1767291881620 42.7 1445
1767291882644 42.8 1446
1767291883670 42.8 1447
1767291884695 42.8 1448
1767291885720 42.8 1449
1767291886750 42.8 1450
1767291887773 42.8 1451
1767291888796 42.8 1452
1767291889822 42.8 1453
1767291890846 42.8 1454
1767291891869 42.8 1455
1767291892896 42.8 1456
1767291893927 42.8 1457
1767291894952 42.8 1458
1767291895975 42.7 1459
1767291897000 42.8 1460
1767291898026 42.8 1461
1767291899050 42.8 1462
1767291900074 42.8 1463
1767291901104 42.8 1464
1767291902128 42.8 1465
1767291903151 42.8 1466
1767291904174 42.7 1467
1767291905199 42.8 1468
1767291906225 42.7 1469
1767291907248 42.7 1470
1767291908278 42.7 1471
1767291909302 42.8 1472
1767291910325 42.7 1473
1767291914281 42.7 1474
1767291915304 42.8 1475
1767291916330 42.8 1476
1767291917354 42.8 1477
1767291918379 42.8 1478
1767291919409 42.8 1479
1767291920431 42.7 1480
1767291921455 42.7 1481
1767291922481 42.7 1482
1767291923505 42.8 1483
1767291924538 42.8 1484
1767291925562 42.8 1485
1767291926586 42.8 1486
1767291927610 42.8 1487
1767291928637 42.8 1488
1767291929661 42.8 1489
1767291930687 42.8 1490
1767291931717 42.8 1491
1767291932744 42.8 1492
1767291933769 42.8 1493
1767291934798 42.8 1494
1767291935824 42.8 1495
1767291936852 42.8 1496
1767291937885 42.7 1497
1767291938909 42.7 1498
1767291939933 42.7 1499
1767291940956 42.7 1500
1767291941983 42.7 1501
1767291943009 42.7 1502
1767291944033 42.8 1503
1767291945064 42.7 1504
1767291946088 42.7 1505
1767291950035 42.8 1506
1767291951058 42.8 1507
1767291952082 42.8 1508
1767291953108 42.7 1509
1767291954133 42.8 1510
1767291955157 42.8 1511
1767291956182 42.8 1512
1767291957212 42.8 1513
1767291958235 42.8 1514
1767291959258 42.8 1515
1767291960282 42.7 1516
1767291961307 42.8 1517
1767291962332 42.7 1518
1767291963365 42.8 1519
1767291964393 42.7 1520
1767291965424 42.7 1521
1767291966447 42.7 1522
1767291967472 42.7 1523
1767291968495 42.7 1524
1767291969523 42.8 1525
1767291970547 42.7 1526
1767291971576 42.8 1527
1767291972601 42.7 1528
1767291973625 42.8 1529
1767291974649 42.8 1530
1767291975675 42.8 1531
1767291976700 42.8 1532
1767291977738 42.8 1533
1767291978763 42.8 1534
1767291979786 42.7 1535
1767291980810 42.7 1536
1767291984776 42.7 1537
1767291985803 42.8 1538
1767291986834 42.7 1539
1767291987861 42.7 1540
1767291988890 42.7 1541
1767291989914 42.7 1542
1767291990939 42.7 1543
1767291991965 42.7 1544
1767291992989 42.7 1545
1767291994016 42.8 1546
1767291995046 42.8 1547
1767291996069 42.8 1548
1767291997093 42.8 1549
1767291998120 42.8 1550
1767291999145 42.8 1551
1767292000172 42.8 1552
1767292001276 42.8 1553
1767292002304 43.0 1554
1767292003789 42.7 1555
1767292004820 43.3 1556
1767292005939 43.4 1557
1767292006969 43.6 1558
1767292007995 43.4 1559
1767292009021 43.4 1560
1767292010053 43.4 1561
1767292011078 43.4 1562
1767292012102 43.3 1563
1767292013128 43.4 1564
1767292014157 43.3 1565
1767292015182 43.3 1566
1767292016216 43.3 1567
1767292020173 43.4 1568
1767292021198 43.3 1569
1767292022227 43.3 1570
1767292023252 43.3 1571
1767292024277 43.4 1572
1767292025306 43.4 1573
1767292026337 43.4 1574
1767292027366 43.4 1575
1767292028392 43.4 1576
1767292029420 43.3 1577
1767292030445 43.4 1578
1767292031472 43.4 1579
1767292032504 43.4 1580
1767292033532 43.4 1581
1767292034558 43.4 1582
1767292035584 43.4 1583
1767292036609 43.4 1584
1767292037639 43.4 1585
1767292038671 43.4 1586
1767292039697 43.4 1587
1767292040727 43.4 1588
1767292041756 43.4 1589
1767292042781 43.4 1590
1767292043808 43.4 1591
1767292044839 43.4 1592
1767292045864 43.4 1593
1767292046892 43.4 1594
1767292047921 43.4 1595
1767292048948 43.3 1596
1767292049975 43.3 1597
1767292051000 43.3 1598
1767292054956 43.3 1599
1767292055982 43.3 1600
1767292057009 43.3 1601
1767292058041 43.3 1602
1767292059066 43.3 1603
1767292060095 43.3 1604
1767292061122 43.3 1605
1767292062148 43.3 1606
1767292063185 43.3 1607
1767292064210 43.3 1608
1767292065239 43.3 1609
1767292066264 43.4 1610
1767292067294 43.4 1611
1767292068325 43.4 1612
1767292069352 43.4 1613
1767292070380 43.4 1614
1767292071431 43.3 1615
1767292072471 43.3 1616
1767292073501 42.8 1617
1767292074527 42.7 1618
1767292075567 42.7 1619
1767292076595 43.1 1620
1767292077621 42.8 1621
1767292078648 42.7 1622
1767292079685 42.7 1623
1767292080712 42.8 1624
1767292081737 42.8 1625
1767292082763 42.8 1626
1767292083789 42.8 1627
1767292084816 42.8 1628
1767292085844 42.8 1629
1767292086870 42.8 1630
1767292090824 42.8 1631
1767292091850 42.8 1632
1767292092876 42.8 1633
1767292093902 42.8 1634
1767292094928 42.8 1635
1767292095952 42.8 1636
1767292096982 42.7 1637
1767292098008 42.8 1638
1767292099039 42.8 1639
1767292100065 42.8 1640
1767292101090 42.8 1641
1767292102115 42.8 1642
1767292103139 42.8 1643
1767292104172 42.8 1644
1767292105199 42.8 1645
1767292106228 42.8 1646
1767292107259 42.8 1647
1767292108285 42.8 1648
1767292109309 42.8 1649
1767292110337 42.8 1650
1767292111372 42.8 1651
1767292112400 42.8 1652
1767292113426 42.8 1653
1767292114452 42.8 1654
1767292115480 42.8 1655
1767292116505 42.8 1656
1767292117535 42.8 1657
1767292118567 42.8 1658
1767292119592 42.8 1659
1767292120617 42.8 1660
1767292121644 42.8 1661
1767292125607 42.8 1662
1767292126640 42.8 1663
1767292127666 42.8 1664
1767292128692 42.8 1665
1767292129717 42.8 1666
1767292130743 42.8 1667
1767292131771 42.8 1668
1767292132800 42.8 1669
1767292133832 42.8 1670
1767292134857 42.8 1671
1767292135883 42.8 1672
1767292136912 42.8 1673
1767292137938 42.8 1674
1767292138965 42.8 1675
1767292140446 42.8 1676
1767292141483 43.4 1677
1767292142512 43.3 1678
1767292143538 43.3 1679
1767292144567 43.3 1680
1767292145599 43.3 1681
1767292146626 42.7 1682
1767292147654 42.8 1683
1767292148686 42.8 1684
1767292149714 42.8 1685
1767292150739 42.8 1686
1767292151768 42.8 1687
1767292152794 42.8 1688
1767292153822 42.8 1689
1767292154856 42.8 1690
1767292155882 42.8 1691
1767292156908 42.8 1692
1767292160871 42.8 1693
1767292161899 42.7 1694
1767292162926 42.8 1695
1767292163964 42.8 1696
1767292164989 42.8 1697
1767292166019 42.8 1698
1767292167047 42.8 1699
1767292168074 42.8 1700
1767292169102 42.8 1701
1767292170135 42.8 1702
1767292171161 42.8 1703
1767292172193 42.8 1704
1767292173220 42.8 1705
1767292174260 42.8 1706
1767292175288 42.8 1707
1767292176315 42.8 1708
1767292177343 42.8 1709
1767292178369 42.8 1710
1767292179397 42.8 1711
1767292180430 42.8 1712
1767292181458 42.8 1713
1767292182488 42.8 1714
1767292183515 42.8 1715
1767292184544 42.8 1716
1767292185576 42.8 1717
1767292186602 42.8 1718
1767292187632 42.8 1719
1767292188658 42.8 1720
1767292189686 42.8 1721
1767292190720 42.8 1722
1767292191746 42.8 1723
1767292195701 42.8 1724
1767292196731 42.8 1725
1767292197758 42.8 1726
1767292198786 42.8 1727
1767292199819 42.8 1728
1767292200846 42.7 1729
1767292201874 42.8 1730
1767292202902 42.8 1731
1767292203930 42.8 1732
1767292204959 42.8 1733
1767292205993 42.8 1734
1767292207020 42.7 1735
1767292208048 42.7 1736
1767292209075 42.8 1737
1767292210102 42.7 1738
1767292211142 42.7 1739
1767292212174 42.7 1740
1767292213203 42.7 1741
1767292214234 42.7 1742
1767292215263 42.7 1743
1767292216290 41.9 1744
1767292217321 41.9 1745
1767292218350 41.9 1746
1767292219388 41.9 1747
1767292220422 41.9 1748
1767292221451 41.9 1749
1767292222478 41.9 1750
1767292223514 41.9 1751
1767292224557 41.9 1752
1767292225587 41.9 1753
1767292226614 41.9 1754
1767292230578 41.9 1755
1767292231607 41.9 1756
1767292232641 41.9 1757
1767292233671 41.9 1758
1767292234714 41.9 1759
1767292235740 41.9 1760
1767292236766 41.9 1761
1767292237792 41.9 1762
1767292238821 41.9 1763
1767292239869 41.9 1764
1767292240905 41.9 1765
1767292241939 41.9 1766
1767292242968 41.9 1767
1767292243994 41.9 1768
1767292245027 41.9 1769
1767292246076 41.9 1770
1767292247103 41.9 1771
1767292248138 41.9 1772
1767292249182 41.9 1773
1767292250209 41.9 1774
1767292251236 41.9 1775
1767292252270 41.9 1776
1767292253299 41.9 1777
1767292254335 41.9 1778
1767292255365 41.9 1779
1767292256393 41.9 1780
1767292257429 41.9 1781
1767292258466 41.9 1782
1767292259497 41.9 1783
1767292260523 41.9 1784
1767292261550 41.9 1785
1767292262579 41.9 1786
1767292266533 41.9 1787
1767292267563 41.9 1788
1767292268610 41.9 1789
1767292269641 41.9 1790
1767292270675 41.9 1791
1767292271702 41.9 1792
1767292272729 41.9 1793
1767292273756 41.9 1794
1767292274785 41.9 1795
1767292275812 41.9 1796
1767292276840 41.9 1797
1767292277868 41.9 1798
1767292278897 41.9 1799
1767292279926 41.9 1800
1767292280957 41.9 1801
1767292282003 41.9 1802
1767292283032 41.9 1803
1767292284059 41.9 1804
1767292285088 41.9 1805
1767292286115 41.9 1806
1767292287144 41.9 1807
1767292288188 41.9 1808
1767292289217 41.9 1809
1767292290245 41.9 1810
1767292291281 41.9 1811
1767292292309 41.9 1812
1767292293337 41.9 1813
1767292294377 42.0 1814
1767292295403 42.0 1815
1767292296435 42.0 1816
1767292297462 42.0 1817
1767292301423 42.0 1818
1767292302461 41.9 1819
1767292303489 41.9 1820
1767292304521 41.9 1821
1767292305557 42.0 1822
1767292306589 42.0 1823
1767292307619 41.9 1824
1767292308662 41.9 1825
1767292309701 41.9 1826
1767292310732 41.9 1827
1767292311760 41.9 1828
1767292312788 41.9 1829
1767292313818 41.9 1830
1767292314854 41.9 1831
1767292315883 41.9 1832
1767292316911 41.9 1833
1767292317944 41.9 1834
1767292318972 41.9 1835
1767292320026 41.9 1836
1767292321056 41.9 1837
1767292322086 41.9 1838
1767292323126 41.9 1839
1767292324156 41.9 1840
1767292325187 41.9 1841
1767292326215 41.9 1842
1767292327243 41.9 1843
1767292328273 41.9 1844
1767292329302 41.9 1845
1767292330330 41.9 1846
1767292331358 41.9 1847
1767292332390 41.9 1848
1767292336359 41.9 1849
1767292337407 41.9 1850
1767292338458 41.9 1851
1767292339489 41.9 1852
1767292340517 41.9 1853
1767292341560 41.9 1854
1767292342591 41.9 1855
1767292343621 41.9 1856
1767292344654 41.9 1857
1767292345683 41.9 1858
1767292346714 41.9 1859
1767292347742 41.9 1860
1767292348783 41.9 1861
1767292349811 41.9 1862
1767292350839 41.9 1863
1767292351868 41.9 1864
1767292352913 41.9 1865
1767292353944 41.9 1866
1767292354972 41.9 1867
1767292356022 41.9 1868
1767292357065 41.9 1869
1767292358095 41.9 1870
1767292359123 41.9 1871
1767292360159 41.9 1872
1767292361189 41.9 1873
1767292362216 41.9 1874
1767292363261 41.9 1875
1767292364289 41.9 1876
1767292365320 41.9 1877
1767292366350 41.9 1878
1767292367379 41.9 1879
1767292371347 41.9 1880
1767292372378 41.9 1881
1767292373409 41.9 1882
1767292374437 41.9 1883
1767292375483 41.9 1884
1767292376518 41.9 1885
1767292377547 41.9 1886
1767292378579 41.9 1887
1767292379620 41.9 1888
1767292380658 41.9 1889
1767292381692 41.9 1890
1767292382721 41.9 1891
1767292383763 41.9 1892
1767292384793 41.9 1893
1767292385832 41.9 1894
1767292386875 41.9 1895
1767292387907 41.9 1896
1767292388947 41.9 1897
1767292389982 41.9 1898
1767292391013 41.9 1899
1767292392043 41.9 1900
1767292393089 41.9 1901
1767292394120 41.9 1902
1767292395152 41.9 1903
1767292396194 41.9 1904
1767292397223 41.9 1905
1767292398256 41.9 1906
1767292399293 41.9 1907
1767292400330 41.9 1908
1767292401361 41.9 1909
1767292402392 41.9 1910
1767292403431 41.9 1911
1767292407387 41.9 1912
1767292408419 41.9 1913
1767292409449 41.9 1914
1767292410496 41.9 1915
1767292411528 41.9 1916
1767292412873 41.9 1917
1767292413904 41.9 1918
1767292414936 41.9 1919
1767292415980 41.9 1920
1767292417013 41.9 1921
1767292418044 41.9 1922
1767292419094 41.9 1923
1767292420124 41.9 1924
1767292421162 41.9 1925
1767292422194 41.9 1926
1767292423223 41.9 1927
1767292424264 41.9 1928
1767292425295 41.9 1929
1767292426327 41.9 1930
1767292427371 41.9 1931
1767292428399 41.9 1932
1767292429429 41.9 1933
1767292430459 41.9 1934
1767292431489 41.9 1935
1767292432536 41.9 1936
1767292433582 41.9 1937
1767292434629 41.9 1938
1767292435658 41.9 1939
1767292436690 41.9 1940
1767292437722 41.9 1941
1767292441681 41.9 1942
1767292442711 41.9 1943
1767292443753 41.9 1944
1767292444792 41.9 1945
1767292445822 41.9 1946
1767292446861 41.9 1947
1767292447903 41.9 1948
1767292448937 41.9 1949
1767292449965 41.9 1950
1767292450994 41.9 1951
1767292452040 41.9 1952
1767292453073 41.9 1953
1767292454109 41.9 1954
1767292455144 41.9 1955
1767292456178 41.9 1956
1767292457207 41.9 1957
1767292458236 41.9 1958
1767292459274 41.9 1959
1767292460324 41.9 1960
1767292461368 41.9 1961
1767292462420 41.9 1962
1767292463451 41.9 1963
1767292464484 41.9 1964
1767292465515 41.9 1965
1767292466545 41.9 1966
1767292467585 41.9 1967
1767292468623 41.9 1968
1767292469663 41.9 1969
1767292470692 41.9 1970
1767292471722 41.9 1971
1767292472754 41.9 1972
1767292473786 41.9 1973
1767292477747 41.9 1974
1767292478778 41.9 1975
1767292479819 41.9 1976
1767292480852 41.9 1977
1767292481882 41.9 1978
1767292482914 41.9 1979
1767292483944 41.9 1980
1767292484974 41.9 1981
1767292486006 41.9 1982
1767292487037 41.9 1983
1767292488066 41.9 1984
1767292489095 41.9 1985
1767292490138 41.9 1986
1767292491170 41.9 1987
1767292492202 41.9 1988
1767292493232 41.9 1989
1767292494275 41.9 1990
1767292495305 41.9 1991
1767292496338 41.9 1992
1767292497370 41.9 1993
1767292498402 41.9 1994
1767292499445 41.9 1995
1767292500475 41.9 1996
1767292501523 41.9 1997
1767292502563 41.9 1998
1767292503592 41.9 1999
1767292504626 41.9 2000
1767292505671 41.9 2001
1767292506701 41.9 2002
1767292507736 41.9 2003
1767292508787 41.9 2004
1767292512749 41.9 2005
1767292513780 41.9 2006
1767292514810 41.9 2007
1767292515840 41.9 2008
1767292516870 41.9 2009
1767292517924 41.9 2010
1767292518954 41.9 2011
1767292519996 41.9 2012
1767292521027 41.9 2013
1767292522065 41.9 2014
1767292523095 41.9 2015
1767292524128 41.9 2016
1767292525157 41.9 2017
1767292526193 41.9 2018
1767292527226 41.9 2019
1767292528271 41.9 2020
1767292529314 41.9 2021
1767292530347 41.9 2022
1767292531382 41.9 2023
1767292532417 41.9 2024
1767292533450 41.9 2025
1767292534483 41.9 2026
1767292535532 41.9 2027
1767292536570 41.9 2028
1767292537600 41.9 2029
1767292538631 41.9 2030
1767292539665 41.9 2031
1767292540696 41.9 2032
1767292541726 41.9 2033
1767292542759 41.9 2034
1767292543793 41.9 2035
1767292547758 41.9 2036
1767292548793 41.9 2037
1767292549824 41.9 2038
1767292550858 41.9 2039
1767292551901 41.9 2040
1767292552931 41.9 2041
1767292553965 42.0 2042
1767292554996 41.9 2043
1767292556029 41.9 2044
1767292557061 41.9 2045
1767292558092 41.9 2046
1767292559124 41.9 2047
1767292560155 41.9 2048
1767292561188 41.9 2049
1767292562218 41.9 2050
1767292563249 41.9 2051
1767292564280 41.9 2052
1767292565311 41.9 2053
1767292566341 41.9 2054
1767292567372 41.9 2055
1767292568405 41.9 2056
1767292569435 41.9 2057
1767292570468 41.9 2058
1767292571501 41.9 2059
1767292572536 41.9 2060
1767292573572 41.9 2061
1767292574607 41.9 2062
1767292575647 41.9 2063
1767292576682 41.9 2064
1767292577997 41.9 2065
1767292579029 41.9 2066
1767292582987 41.9 2067
1767292584018 41.9 2068
1767292585054 41.9 2069
1767292586087 41.9 2070
1767292587117 41.9 2071
1767292588150 41.9 2072
1767292589184 41.9 2073
1767292590218 41.9 2074
1767292591249 41.9 2075
1767292592285 41.9 2076
1767292593331 41.9 2077
1767292594363 41.9 2078
1767292595395 41.9 2079
1767292596425 42.0 2080
1767292597457 42.0 2081
1767292598491 41.9 2082
1767292599521 41.9 2083
1767292600554 41.9 2084
1767292601602 41.9 2085
1767292602649 41.9 2086
1767292603689 41.9 2087
1767292604720 41.9 2088
1767292605772 41.9 2089
1767292606804 41.9 2090
1767292607835 41.9 2091
1767292608867 42.0 2092
1767292609898 42.0 2093
1767292610932 42.0 2094
1767292611967 42.0 2095
1767292612999 42.0 2096
1767292614032 42.0 2097
1767292617993 42.0 2098
1767292619028 42.0 2099
1767292620059 42.0 2100
1767292621094 42.0 2101
1767292622126 42.0 2102
1767292623157 42.0 2103
1767292624200 42.0 2104
1767292625233 42.0 2105
1767292626267 42.0 2106
1767292627311 42.0 2107
1767292628352 42.0 2108
1767292629394 42.0 2109
1767292630426 42.0 2110
1767292631459 42.0 2111
1767292632502 42.0 2112
1767292633547 42.0 2113
1767292634580 42.0 2114
1767292635616 42.0 2115
1767292636647 42.0 2116
1767292637680 42.0 2117
1767292638711 42.0 2118
1767292639743 42.0 2119
1767292640777 41.9 2120
1767292641808 41.9 2121
1767292642853 41.9 2122
1767292643904 41.9 2123
1767292644939 41.9 2124
1767292645973 41.9 2125
1767292647004 41.9 2126
1767292648041 41.9 2127
1767292649086 41.9 2128
1767292653053 41.9 2129
1767292654089 41.9 2130
1767292655128 41.9 2131
1767292656165 41.9 2132
1767292657199 41.9 2133
1767292658231 41.9 2134
1767292659264 41.9 2135
1767292660297 41.9 2136
1767292661329 41.9 2137
1767292662362 41.9 2138
1767292663395 41.9 2139
1767292664428 41.9 2140
1767292665472 42.0 2141
1767292666504 41.9 2142
1767292667538 41.9 2143
1767292668572 41.9 2144
1767292669604 41.9 2145
1767292670639 41.9 2146
1767292671673 41.9 2147
1767292672709 42.0 2148
1767292673746 42.0 2149
1767292674791 41.9 2150
1767292675829 41.9 2151
1767292676861 41.9 2152
1767292677895 41.9 2153
1767292678928 42.0 2154
1767292679962 41.9 2155
1767292681000 42.0 2156
1767292682033 42.0 2157
1767292683066 42.0 2158
1767292684099 42.0 2159
1767292688058 42.0 2160
1767292689110 42.0 2161
1767292690144 42.0 2162
1767292691178 42.0 2163
1767292692211 42.0 2164
1767292693245 42.0 2165
1767292694278 42.0 2166
1767292695311 42.0 2167
1767292696345 42.0 2168
1767292697380 41.9 2169
1767292698415 41.9 2170
1767292699455 41.9 2171
1767292700492 41.9 2172
1767292701529 41.9 2173
1767292702574 41.9 2174
1767292703613 41.9 2175
1767292704673 41.9 2176
1767292705718 41.9 2177
1767292706756 41.9 2178
1767292707799 41.9 2179
1767292708834 41.9 2180
1767292709866 41.9 2181
1767292710899 41.9 2182
1767292711932 41.9 2183
1767292712966 41.9 2184
1767292714004 41.9 2185
1767292715045 41.9 2186
1767292716091 41.9 2187
1767292717127 41.9 2188
1767292718169 41.9 2189
1767292719202 41.9 2190
1767292723176 41.9 2191
1767292724219 41.9 2192
1767292725256 41.9 2193
1767292726289 41.9 2194
1767292727323 41.9 2195
1767292728357 41.9 2196
1767292729390 41.9 2197
1767292730433 41.9 2198
1767292731467 41.9 2199
1767292732500 41.9 2200
1767292733539 41.9 2201
1767292734586 41.9 2202
1767292735644 41.9 2203
1767292736683 41.9 2204
1767292737716 41.9 2205
1767292738748 41.9 2206
1767292739800 41.9 2207
1767292740835 41.9 2208
1767292741868 41.9 2209
1767292742902 41.9 2210
1767292743937 41.9 2211
1767292744969 41.9 2212
1767292746003 41.9 2213
1767292747036 41.9 2214
1767292748078 41.9 2215
1767292749115 41.9 2216
1767292750153 41.9 2217
1767292751186 41.9 2218
1767292752220 41.9 2219
1767292753254 41.9 2220
1767292754299 41.9 2221
1767292758260 41.9 2222
1767292759298 41.9 2223
1767292760332 41.9 2224
1767292761368 41.9 2225
1767292762410 41.9 2226
1767292763450 41.9 2227
1767292764486 41.9 2228
1767292765532 41.9 2229
1767292766567 41.9 2230
1767292767604 41.9 2231
1767292768638 41.9 2232
1767292769676 41.9 2233
1767292770709 41.9 2234
1767292771748 41.9 2235
1767292773063 41.9 2236
1767292774096 42.0 2237
1767292775129 41.9 2238
1767292776164 41.9 2239
1767292777201 41.9 2240
1767292778237 41.9 2241
1767292779285 41.9 2242
1767292780324 41.9 2243
1767292781370 41.9 2244
1767292782404 41.9 2245
1767292783439 41.9 2246
1767292784477 41.9 2247
1767292785512 41.9 2248
1767292786551 41.9 2249
1767292787590 41.9 2250
1767292788631 41.9 2251
1767292789685 41.9 2252
1767292793661 41.9 2253
1767292794700 41.9 2254
1767292795734 41.9 2255
1767292796770 41.9 2256
1767292797806 41.9 2257
1767292798845 41.9 2258
1767292799886 41.9 2259
1767292800926 41.9 2260
1767292801964 41.9 2261
1767292803002 41.9 2262
1767292804041 41.9 2263
1767292805085 41.9 2264
1767292806129 41.9 2265
1767292807164 41.9 2266
1767292808199 41.9 2267
1767292809235 41.9 2268
1767292810288 41.9 2269
1767292811324 41.9 2270
1767292812375 41.9 2271
1767292813412 41.9 2272
1767292814446 41.9 2273
1767292815480 41.9 2274
1767292816518 41.9 2275
1767292817553 42.0 2276
1767292818589 42.0 2277
1767292819635 41.9 2278
1767292820671 41.9 2279
1767292821707 42.0 2280
1767292822744 41.9 2281
1767292823784 42.0 2282
1767292824823 42.0 2283
1767292828807 42.0 2284
1767292829844 42.0 2285
1767292830880 42.0 2286
1767292831917 42.0 2287
1767292832954 42.0 2288
1767292833993 42.0 2289
1767292835039 42.0 2290
1767292836075 42.0 2291
1767292837122 42.0 2292
1767292838159 42.0 2293
1767292839205 42.0 2294
1767292840241 42.0 2295
1767292841281 42.0 2296
1767292842321 42.0 2297
1767292843368 42.0 2298
1767292844403 42.0 2299
1767292845437 42.0 2300
1767292846476 42.0 2301
1767292847511 42.0 2302
1767292848546 42.0 2303
1767292849581 42.0 2304
1767292850615 42.0 2305
1767292851649 42.0 2306
1767292852683 42.0 2307
1767292853722 42.0 2308
1767292854759 42.0 2309
1767292855805 42.0 2310
1767292856839 42.0 2311
1767292857877 42.0 2312
1767292858927 42.0 2313
1767292859962 42.0 2314
1767292863919 41.9 2315
1767292864954 41.9 2316
1767292865989 41.9 2317
1767292867041 41.9 2318
1767292868078 41.9 2319
1767292869121 41.9 2320
1767292870155 41.9 2321
1767292871211 41.9 2322
1767292872248 41.9 2323
1767292873294 41.9 2324
1767292874613 41.9 2325
1767292875649 41.9 2326
1767292876697 41.9 2327
1767292877733 41.9 2328
1767292878786 41.9 2329
1767292879822 41.9 2330
1767292880868 41.9 2331
1767292881912 41.9 2332
1767292882973 41.9 2333
1767292884016 41.9 2334
1767292885050 41.9 2335
1767292886086 41.9 2336
1767292887125 41.9 2337
1767292888162 41.9 2338
1767292889201 41.9 2339
1767292890240 41.9 2340
1767292891286 41.9 2341
1767292892326 41.9 2342
1767292893362 41.9 2343
1767292894398 41.9 2344
1767292895437 41.9 2345
1767292899429 41.9 2346
1767292900466 41.9 2347
1767292901521 41.9 2348
1767292902558 41.9 2349
1767292903603 41.9 2350
1767292904641 41.9 2351
1767292905677 41.9 2352
1767292906718 41.9 2353
1767292907754 41.8 2354
1767292908791 41.8 2355
1767292909826 41.8 2356
1767292910863 41.8 2357
1767292911900 41.8 2358
1767292912936 41.8 2359
1767292913973 41.8 2360
1767292915011 41.8 2361
1767292916047 41.8 2362
1767292917094 41.8 2363
1767292918139 41.8 2364
1767292919184 41.8 2365
1767292920219 41.8 2366
1767292921254 41.8 2367
1767292922290 41.8 2368
1767292923330 41.8 2369
1767292924377 41.8 2370
1767292925429 41.8 2371
1767292926467 41.8 2372
1767292927507 41.8 2373
1767292928549 41.8 2374
1767292929586 41.8 2375
1767292930621 41.8 2376
1767292934601 41.8 2377
1767292935643 41.8 2378
1767292936679 41.8 2379
1767292937717 41.8 2380
1767292938753 41.8 2381
1767292939793 41.8 2382
1767292940830 41.8 2383
1767292941867 41.8 2384
1767292943222 41.8 2385
1767292944257 41.8 2386
1767292945293 41.8 2387
1767292946335 41.8 2388
1767292947372 41.8 2389
1767292948411 41.8 2390
1767292949449 41.8 2391
1767292950489 41.8 2392
1767292951527 41.8 2393
1767292952564 41.8 2394
1767292953604 41.8 2395
1767292954642 41.8 2396
1767292955698 41.8 2397
1767292956736 41.8 2398
1767292957785 41.8 2399
1767292958827 41.8 2400
1767292959884 41.8 2401
1767292960931 41.8 2402
1767292961987 41.8 2403
1767292963024 41.8 2404
1767292964065 41.8 2405
1767292965101 41.8 2406
1767292966139 41.8 2407
1767292970108 41.8 2408
1767292971150 41.8 2409
1767292972195 41.8 2410
1767292973236 41.8 2411
1767292974275 41.8 2412
1767292975313 41.8 2413
1767292976349 41.8 2414
1767292977384 41.8 2415
1767292978420 41.8 2416
1767292979459 41.8 2417
1767292980497 41.8 2418
1767292981534 41.8 2419
1767292982571 41.8 2420
1767292983624 41.8 2421
1767292984664 41.8 2422
1767292985723 41.8 2423
1767292986770 41.8 2424
1767292987806 41.8 2425
1767292988843 41.8 2426
1767292989883 41.8 2427
1767292990920 41.8 2428
1767292991958 41.8 2429
1767292992995 41.8 2430
1767292994034 41.8 2431
1767292995073 41.8 2432
1767292996111 41.8 2433
1767292997150 41.8 2434
1767292998186 41.8 2435
1767292999223 41.8 2436
1767293000261 41.8 2437
1767293001300 41.8 2438
1767293005269 41.8 2439
1767293006307 41.8 2440
1767293007342 41.8 2441
1767293008389 41.8 2442
1767293009438 41.8 2443
1767293010475 41.8 2444
1767293011513 41.8 2445
1767293012548 41.8 2446
1767293013609 41.8 2447
1767293014644 41.8 2448
1767293015681 41.8 2449
1767293016722 41.8 2450
1767293017760 41.8 2451
1767293018800 41.8 2452
1767293019836 41.8 2453
1767293020873 41.8 2454
1767293021916 41.8 2455
1767293022955 41.8 2456
1767293023993 41.8 2457
1767293025035 41.8 2458
1767293026072 41.8 2459
1767293027113 41.8 2460
1767293028157 41.8 2461
1767293029193 41.8 2462
1767293030242 41.8 2463
1767293031277 41.8 2464
1767293032333 41.8 2465
1767293033380 41.8 2466
1767293034419 41.8 2467
1767293035459 41.8 2468
1767293036497 41.8 2469
1767293040483 41.8 2470
1767293041520 41.8 2471
1767293042556 41.8 2472
1767293043593 41.8 2473
1767293044629 41.8 2474
1767293045667 41.8 2475
1767293046705 41.8 2476
1767293047746 41.8 2477
1767293048795 41.8 2478
1767293049834 41.8 2479
1767293050874 41.8 2480
1767293051913 41.8 2481
1767293052964 41.8 2482
1767293054003 41.8 2483
1767293055039 41.8 2484
1767293056078 41.8 2485
1767293057118 41.8 2486
1767293058160 41.8 2487
1767293059200 41.8 2488
1767293060237 41.8 2489
1767293061274 41.8 2490
1767293062316 41.8 2491
1767293063358 41.8 2492
1767293064398 41.8 2493
1767293065437 41.8 2494
1767293066475 41.8 2495
1767293067512 41.8 2496
1767293068564 41.8 2497
1767293069603 41.8 2498
1767293070644 41.8 2499
1767293071681 41.8 2500
1767293075646 41.8 2501
1767293076686 41.8 2502
1767293077724 41.8 2503
1767293078761 41.8 2504
1767293079798 41.8 2505
1767293080839 41.8 2506
1767293081878 41.8 2507
1767293082916 41.8 2508
1767293083955 41.8 2509
1767293084993 41.8 2510
1767293086031 41.8 2511
1767293087094 41.8 2512
1767293088133 41.8 2513
1767293089171 41.8 2514
1767293090208 41.8 2515
1767293091249 41.8 2516
1767293092286 41.8 2517
1767293093331 41.8 2518
1767293094376 41.8 2519
1767293095416 41.8 2520
1767293096455 41.8 2521
1767293097496 41.8 2522
1767293098543 41.8 2523
1767293099583 41.8 2524
1767293100628 41.8 2525
1767293101671 41.8 2526
1767293102707 41.8 2527
1767293103745 41.8 2528
1767293104783 41.8 2529
1767293105823 41.8 2530
1767293106863 41.8 2531
1767293110832 41.8 2532
1767293111873 41.8 2533
1767293112912 41.8 2534
1767293113951 41.8 2535
1767293114989 41.8 2536
1767293116027 41.8 2537
1767293117068 41.8 2538
1767293118106 41.8 2539
1767293119160 41.8 2540
1767293120196 41.8 2541
1767293121235 41.8 2542
1767293122273 41.8 2543
1767293123326 41.8 2544
1767293124365 41.8 2545
1767293125411 41.8 2546
1767293126453 41.8 2547
1767293127493 41.8 2548
1767293128532 41.8 2549
1767293129572 41.8 2550
1767293130610 41.8 2551
1767293131650 41.8 2552
1767293132690 41.8 2553
1767293133729 41.8 2554
1767293134768 41.8 2555
1767293135815 41.8 2556
1767293136871 41.8 2557
1767293137909 41.8 2558
1767293138947 41.8 2559
1767293139987 41.8 2560
1767293141026 41.8 2561
1767293142063 41.8 2562
1767293146353 41.8 2563
1767293147413 41.8 2564
1767293148455 41.8 2565
1767293149497 41.8 2566
1767293150560 41.8 2567
1767293151602 41.8 2568
1767293152659 41.8 2569
1767293153707 41.8 2570
1767293154746 41.8 2571
1767293155788 41.8 2572
1767293156827 41.8 2573
1767293157865 41.8 2574
1767293158910 41.8 2575
1767293159949 41.8 2576
1767293160991 41.8 2577
1767293162031 41.8 2578
1767293163070 41.8 2579
1767293164113 41.8 2580
1767293165155 41.8 2581
1767293166215 41.8 2582
1767293167266 41.8 2583
1767293168305 41.8 2584
1767293169361 41.8 2585
1767293170408 41.8 2586
1767293171448 41.8 2587
1767293172492 41.8 2588
1767293173533 41.8 2589
1767293174593 41.8 2590
1767293175631 41.8 2591
1767293176671 41.8 2592
1767293180641 41.8 2593
1767293181679 41.8 2594
1767293182720 41.8 2595
1767293183765 41.8 2596
1767293184804 41.8 2597
1767293185845 41.8 2598
1767293186885 41.8 2599
1767293187924 41.8 2600
1767293188963 41.8 2601
1767293190008 41.8 2602
1767293191048 41.8 2603
1767293192087 41.8 2604
1767293193126 41.8 2605
1767293194167 41.8 2606
1767293195208 41.8 2607
1767293196247 41.8 2608
1767293197288 41.8 2609
1767293198332 41.8 2610
1767293199374 41.8 2611
1767293200433 41.8 2612
1767293201473 41.8 2613
1767293202513 41.8 2614
1767293203559 41.8 2615
1767293204617 41.8 2616
1767293205656 41.8 2617
1767293206695 41.8 2618
1767293207740 41.8 2619
1767293208778 41.8 2620
1767293209824 41.8 2621
1767293210865 41.8 2622
1767293211905 41.8 2623
1767293215877 41.8 2624
1767293216920 41.8 2625
1767293217979 41.8 2626
1767293219043 41.8 2627
1767293220088 41.8 2628
1767293221132 41.8 2629
1767293222182 41.8 2630
1767293223222 41.8 2631
1767293224261 41.8 2632
1767293225303 41.8 2633
1767293226342 41.8 2634
1767293227383 41.8 2635
1767293228434 41.8 2636
1767293229484 41.8 2637
1767293230523 41.8 2638
1767293231565 41.8 2639
1767293232605 41.8 2640
1767293233651 41.8 2641
1767293234690 41.8 2642
1767293235739 41.8 2643
1767293236803 41.8 2644
1767293237845 41.8 2645
1767293238889 41.8 2646
1767293239942 41.8 2647
1767293240987 41.8 2648
1767293242029 41.8 2649
1767293243080 41.8 2650
1767293244119 41.8 2651
1767293245160 41.8 2652
1767293246482 41.8 2653
1767293247524 41.8 2654
1767293251490 41.8 2655
1767293252531 41.8 2656
1767293253597 41.8 2657
1767293254637 41.8 2658
1767293255680 41.8 2659
1767293256723 41.8 2660
1767293257772 41.8 2661
1767293258818 41.8 2662
1767293259864 41.8 2663
1767293260912 41.8 2664
1767293261953 41.8 2665
1767293262997 41.8 2666
1767293264042 41.8 2667
1767293265082 41.8 2668
1767293266124 41.8 2669
1767293267162 41.8 2670
1767293268206 41.8 2671
1767293269267 41.8 2672
1767293270308 41.8 2673
1767293271351 41.8 2674
1767293272390 41.8 2675
1767293273445 41.8 2676
1767293274491 41.8 2677
1767293275541 41.8 2678
1767293276589 41.8 2679
1767293277628 41.8 2680
1767293278667 41.8 2681
1767293279718 41.8 2682
1767293280766 41.8 2683
1767293281809 41.8 2684
1767293282849 41.8 2685
1767293286825 41.8 2686
1767293287879 41.8 2687
1767293288933 41.8 2688
1767293289990 41.8 2689
1767293291039 41.8 2690
1767293292087 41.8 2691
1767293293128 41.8 2692
1767293294171 41.8 2693
1767293295212 41.8 2694
1767293296257 41.8 2695
1767293297302 41.8 2696
1767293298346 41.8 2697
1767293299387 41.8 2698
1767293300434 41.8 2699
1767293301477 41.8 2700
1767293302520 41.8 2701
1767293303562 41.8 2702
1767293304606 41.8 2703
1767293305650 41.8 2704
1767293306695 41.8 2705
1767293307739 41.8 2706
1767293308786 41.8 2707
1767293309831 41.8 2708
1767293310877 41.8 2709
1767293311918 41.8 2710
1767293312959 41.8 2711
1767293314004 41.8 2712
1767293315046 41.8 2713
1767293316088 41.8 2714
1767293317130 41.8 2715
1767293318171 41.8 2716
1767293322155 41.8 2717
1767293323195 41.8 2718
1767293324240 41.8 2719
1767293325279 41.8 2720
1767293326321 41.8 2721
1767293327364 41.8 2722
1767293328407 41.8 2723
1767293329450 41.8 2724
1767293330495 41.8 2725
1767293331538 41.8 2726
1767293332582 41.8 2727
1767293333623 41.8 2728
1767293334664 41.8 2729
1767293335705 41.8 2730
1767293336748 41.8 2731
1767293337798 41.8 2732
1767293338839 41.8 2733
1767293339881 41.8 2734
1767293340924 41.8 2735
1767293341969 41.8 2736
1767293343010 41.8 2737
1767293344052 41.8 2738
1767293345093 41.8 2739
1767293346136 41.8 2740
1767293347181 41.8 2741
1767293348223 41.8 2742
1767293349266 41.8 2743
1767293350604 41.8 2744
1767293351644 41.8 2745
1767293352689 41.8 2746
1767293356671 41.8 2747
1767293357714 41.8 2748
1767293358758 41.8 2749
1767293359810 41.8 2750
1767293360853 41.8 2751
1767293361914 41.8 2752
1767293362957 41.8 2753
1767293364000 41.8 2754
1767293365047 41.8 2755
1767293366093 41.8 2756
1767293367133 41.8 2757
1767293368183 41.8 2758
1767293369247 41.8 2759
1767293370300 41.8 2760
1767293371360 41.8 2761
1767293372401 41.8 2762
1767293373445 41.8 2763
1767293374491 41.8 2764
1767293375533 41.8 2765
1767293376577 41.8 2766
1767293377620 41.8 2767
1767293378662 41.8 2768
1767293379704 41.8 2769
1767293380767 41.8 2770
1767293381813 41.8 2771
1767293382865 41.8 2772
1767293383907 41.8 2773
1767293384953 41.8 2774
1767293386004 41.8 2775
1767293387048 41.8 2776
1767293388098 41.8 2777
1767293392075 41.8 2778
1767293393120 41.8 2779
1767293394161 41.8 2780
1767293395217 41.8 2781
1767293396280 41.8 2782
1767293397321 41.8 2783
1767293398363 41.8 2784
1767293399405 41.8 2785
1767293400446 41.8 2786
1767293401487 41.8 2787
1767293402530 41.8 2788
1767293403592 41.8 2789
1767293404656 41.8 2790
1767293405699 41.8 2791
1767293406742 41.8 2792
1767293407789 41.8 2793
1767293408831 41.8 2794
1767293409873 41.8 2795
1767293410915 41.8 2796
1767293411956 41.8 2797
1767293413007 41.8 2798
1767293414050 41.8 2799
1767293415091 41.8 2800
1767293416135 41.8 2801
1767293417176 41.8 2802
1767293418216 41.8 2803
1767293419267 41.8 2804
1767293420308 41.8 2805
1767293421352 41.8 2806
1767293422394 41.8 2807
1767293423438 41.8 2808
1767293427406 41.8 2809
1767293428448 41.8 2810
1767293429490 41.8 2811
1767293430531 41.8 2812
1767293431577 41.8 2813
1767293432620 41.8 2814
1767293433666 41.8 2815
1767293434708 41.8 2816
1767293435755 41.8 2817
1767293436803 41.8 2818
1767293437846 41.8 2819
1767293438889 41.8 2820
1767293439933 41.8 2821
1767293440975 41.8 2822
1767293442016 41.8 2823
1767293443059 41.8 2824
1767293444103 41.8 2825
1767293445144 41.8 2826
1767293446186 41.8 2827
1767293447245 41.8 2828
1767293448290 41.8 2829
1767293449334 41.8 2830
1767293450375 41.8 2831
1767293451441 41.8 2832
1767293452485 41.8 2833
1767293453533 41.8 2834
1767293454596 41.8 2835
1767293455639 41.8 2836
1767293456685 41.8 2837
1767293457729 41.8 2838
1767293458771 41.8 2839
1767293462745 41.8 2840
1767293463791 41.8 2841
1767293464834 41.8 2842
1767293465876 41.8 2843
1767293466919 41.8 2844
1767293467961 41.8 2845
1767293469004 41.8 2846
1767293470047 41.8 2847
1767293471093 41.8 2848
1767293472166 41.8 2849
1767293473212 41.8 2850
1767293474254 41.8 2851
1767293475297 41.8 2852
1767293476340 41.8 2853
1767293477383 41.8 2854
1767293478431 41.8 2855
1767293479474 41.8 2856
1767293480515 41.8 2857
1767293481560 41.8 2858
1767293482602 41.8 2859
1767293483654 41.8 2860
1767293484696 41.8 2861
1767293485741 41.8 2862
1767293487076 41.8 2863
1767293488127 41.8 2864
1767293489170 41.8 2865
1767293490213 41.8 2866
1767293491258 41.8 2867
1767293492308 41.8 2868
1767293493371 41.8 2869
1767293497332 41.8 2870
1767293498375 41.8 2871
1767293499418 41.8 2872
1767293500480 41.8 2873
1767293501530 41.8 2874
1767293502578 41.8 2875
1767293503634 41.8 2876
1767293504679 41.8 2877
1767293505723 41.8 2878
1767293506768 41.8 2879
1767293507813 41.8 2880
1767293508861 41.8 2881
1767293509905 41.8 2882
1767293510950 41.8 2883
1767293511994 41.8 2884
1767293513036 41.8 2885
1767293514079 41.8 2886
1767293515121 41.8 2887
1767293516178 41.8 2888
1767293517222 41.8 2889
1767293518265 41.8 2890
1767293519308 41.8 2891
1767293520360 41.8 2892
1767293521405 41.9 2893
1767293522448 41.8 2894
1767293523490 41.8 2895
1767293524549 41.8 2896
1767293525589 41.8 2897
1767293526632 41.8 2898
1767293527679 41.8 2899
1767293528735 41.8 2900
1767293532717 41.8 2901
1767293533761 41.8 2902
1767293534803 41.9 2903
1767293535846 41.8 2904
1767293536899 41.8 2905
1767293537940 41.8 2906
1767293539003 41.8 2907
1767293540050 41.8 2908
1767293541093 41.8 2909
1767293542137 41.8 2910
1767293543181 41.8 2911
1767293544225 41.8 2912
1767293545270 41.8 2913
1767293546315 41.8 2914
1767293547358 41.8 2915
1767293548400 41.8 2916
1767293549445 41.8 2917
1767293550491 41.8 2918
1767293551537 41.8 2919
1767293552583 41.8 2920
1767293553626 41.8 2921
1767293554674 41.8 2922
1767293555717 41.8 2923
1767293556781 41.8 2924
1767293557835 41.8 2925
1767293558883 41.8 2926
1767293559931 41.8 2927
1767293560978 41.8 2928
1767293562028 41.8 2929
1767293563381 41.8 2930
1767293564425 41.8 2931
1767293568398 41.8 2932
1767293569451 41.8 2933
1767293570494 41.8 2934
1767293571539 41.8 2935
1767293572583 41.8 2936
1767293573628 41.8 2937
1767293574672 41.8 2938
1767293575718 41.8 2939
1767293576777 41.8 2940
1767293577830 41.8 2941
1767293578874 41.8 2942
1767293579922 41.8 2943
1767293580966 41.8 2944
1767293582020 41.8 2945
1767293583065 41.8 2946
1767293584131 41.8 2947
1767293585188 41.8 2948
1767293586232 41.8 2949
1767293587283 41.8 2950
1767293588346 41.8 2951
1767293589392 41.8 2952
1767293590441 41.8 2953
1767293591486 41.8 2954
1767293592538 41.8 2955
1767293593584 41.8 2956
1767293594632 41.8 2957
1767293595675 41.8 2958
1767293596721 41.8 2959
1767293597766 41.8 2960
1767293598823 41.8 2961
1767293602808 41.8 2962
1767293603855 41.8 2963
1767293604899 41.8 2964
1767293605943 41.8 2965
1767293606988 41.8 2966
1767293608048 41.8 2967
1767293609097 41.8 2968
1767293610143 41.8 2969
1767293611187 41.8 2970
1767293612237 41.8 2971
1767293613286 41.8 2972
1767293614333 41.8 2973
1767293615378 41.8 2974
1767293616738 41.8 2975
1767293617784 41.8 2976
1767293618832 42.1 2977
1767293619881 42.2 2978
1767293620932 42.3 2979
1767293621981 42.3 2980
1767293623026 42.3 2981
1767293624076 42.3 2982
1767293625127 42.4 2983
1767293626179 42.4 2984
1767293627224 42.5 2985
1767293628270 42.5 2986
1767293629321 42.5 2987
1767293630366 42.5 2988
1767293631410 42.5 2989
1767293632455 42.5 2990
1767293633500 42.5 2991
1767293634548 42.5 2992
1767293638523 42.4 2993
1767293639568 42.3 2994
1767293640615 42.3 2995
1767293641673 42.3 2996
1767293642725 42.3 2997
1767293643782 42.3 2998
1767293644825 42.1 2999
1767293645874 42.1 3000
1767293646919 42.1 3001
1767293647966 42.1 3002
1767293649016 42.1 3003
1767293650062 42.1 3004
1767293651107 42.1 3005
1767293652150 42.1 3006
1767293653196 42.1 3007
1767293654244 42.1 3008
1767293655572 42.1 3009
1767293656617 42.1 3010
1767293657661 42.1 3011
1767293658705 42.1 3012
1767293659750 42.1 3013
1767293660808 42.1 3014
1767293661856 42.1 3015
1767293662916 42.1 3016
1767293663963 42.1 3017
1767293665008 42.1 3018
1767293666052 42.1 3019
1767293667119 42.1 3020
1767293668164 42.1 3021
1767293669210 42.1 3022
1767293673205 42.1 3023
1767293674249 42.1 3024
1767293675296 42.1 3025
1767293676364 42.1 3026
1767293677432 42.1 3027
1767293678479 42.1 3028
1767293679525 42.1 3029
1767293680592 42.1 3030
1767293681646 42.1 3031
1767293682693 42.1 3032
1767293683739 42.1 3033
1767293684787 42.1 3034
1767293685836 42.1 3035
1767293686906 42.1 3036
1767293687950 42.1 3037
1767293689012 42.1 3038
1767293690063 42.1 3039
1767293691111 42.1 3040
1767293692162 42.1 3041
1767293693208 42.1 3042
1767293694255 42.1 3043
1767293695302 42.1 3044
1767293696362 42.1 3045
1767293697408 42.1 3046
1767293698453 42.1 3047
1767293699498 42.1 3048
1767293700544 42.1 3049
1767293701590 42.1 3050
1767293702648 42.1 3051
1767293703696 42.1 3052
1767293704750 42.1 3053
1767293708725 42.1 3054
1767293709768 42.1 3055
1767293710815 42.1 3056
1767293711861 42.1 3057
1767293712908 42.1 3058
1767293713958 42.1 3059
1767293715009 42.1 3060
1767293716060 42.1 3061
1767293717105 42.1 3062
1767293718159 42.1 3063
1767293719210 42.1 3064
1767293720259 42.1 3065
1767293721305 42.1 3066
1767293722351 42.1 3067
1767293723407 42.1 3068
1767293724466 42.1 3069
1767293725528 42.1 3070
1767293726585 42.1 3071
1767293727630 42.1 3072
1767293728688 42.1 3073
1767293729735 42.1 3074
1767293730783 42.1 3075
1767293731830 42.1 3076
1767293732878 42.1 3077
1767293733924 42.0 3078
1767293734969 42.0 3079
1767293736032 42.0 3080
1767293737081 42.0 3081
1767293738129 42.0 3082
1767293739191 42.0 3083
1767293740245 42.0 3084
1767293744219 42.0 3085
1767293745266 42.0 3086
1767293746312 42.0 3087
1767293747360 42.0 3088
1767293748410 42.0 3089
1767293749454 42.0 3090
1767293750504 42.0 3091
1767293751549 42.0 3092
1767293752600 42.0 3093
1767293753666 42.0 3094
1767293754713 42.0 3095
1767293755762 42.0 3096
1767293756807 42.0 3097
1767293757853 42.0 3098
1767293758900 42.0 3099
1767293759947 42.0 3100
1767293761000 42.0 3101
1767293762047 42.0 3102
1767293763110 42.0 3103
1767293764170 42.0 3104
1767293765213 42.0 3105
1767293766264 42.0 3106
1767293767309 42.0 3107
1767293768354 42.0 3108
1767293769399 42.0 3109
1767293770447 42.0 3110
1767293771500 42.0 3111
1767293772569 42.0 3112
1767293773618 42.0 3113
1767293774689 42.0 3114
1767293778686 42.0 3115
1767293779753 42.0 3116
1767293780798 42.0 3117
1767293781846 42.0 3118
1767293782891 42.0 3119
1767293783952 42.0 3120
1767293785002 42.0 3121
1767293786066 42.0 3122
1767293787112 42.0 3123
1767293788182 42.0 3124
1767293789228 42.0 3125
1767293790279 42.0 3126
1767293791325 42.0 3127
1767293792380 42.0 3128
1767293793430 42.0 3129
1767293794480 42.0 3130
1767293795527 42.0 3131
1767293796574 42.0 3132
1767293797635 42.0 3133
1767293798681 42.0 3134
1767293799747 42.0 3135
1767293800801 42.0 3136
1767293801848 42.0 3137
1767293802894 42.0 3138
1767293803943 42.0 3139
1767293805011 42.0 3140
1767293806078 42.0 3141
1767293807428 42.0 3142
1767293808474 42.0 3143
1767293809522 42.0 3144
1767293810583 42.0 3145
1767293814563 42.0 3146
1767293815609 42.0 3147
1767293816665 42.0 3148
1767293817713 42.0 3149
1767293818759 42.0 3150
1767293819804 42.0 3151
1767293820850 42.0 3152
1767293821897 42.0 3153
1767293822951 42.0 3154
1767293824002 42.0 3155
1767293825056 42.0 3156
1767293826102 42.0 3157
1767293827148 42.0 3158
1767293828195 42.0 3159
1767293829252 42.0 3160
1767293830321 42.0 3161
1767293831375 42.0 3162
1767293832424 42.0 3163
1767293833484 42.0 3164
1767293834531 42.0 3165
1767293835592 42.0 3166
1767293836637 42.0 3167
1767293837701 42.0 3168
1767293838761 42.0 3169
1767293839822 42.0 3170
1767293840872 42.0 3171
1767293841921 42.0 3172
1767293842969 42.0 3173
1767293844019 41.9 3174
1767293845069 41.9 3175
1767293849047 41.9 3176
1767293850094 41.9 3177
1767293851151 41.9 3178
1767293852206 41.9 3179
1767293853273 41.9 3180
1767293854334 41.9 3181
1767293855394 41.9 3182
1767293856441 41.9 3183
1767293857495 41.9 3184
1767293858544 41.9 3185
1767293859602 41.9 3186
1767293860656 41.9 3187
1767293861705 41.9 3188
1767293862752 41.9 3189
1767293863803 41.9 3190
1767293864864 41.9 3191
1767293865914 41.9 3192
1767293866992 41.9 3193
1767293868057 41.9 3194
1767293869104 41.9 3195
1767293870152 41.9 3196
1767293871200 41.9 3197
1767293872263 41.9 3198
1767293873337 41.9 3199
1767293874385 41.9 3200
1767293875452 41.9 3201
1767293876497 41.9 3202
1767293877545 41.9 3203
1767293878592 41.9 3204
1767293879641 41.9 3205
1767293880696 41.9 3206
1767293884676 41.9 3207
1767293885727 41.9 3208
1767293887066 41.9 3209
1767293888113 41.9 3210
1767293889162 41.9 3211
1767293890221 41.9 3212
1767293891271 41.9 3213
1767293892321 41.9 3214
1767293893373 41.9 3215
1767293894419 41.9 3216
1767293895472 41.9 3217
1767293896521 41.9 3218
1767293897569 41.9 3219
1767293898636 41.9 3220
1767293899693 41.9 3221
1767293900743 41.9 3222
1767293901793 41.9 3223
1767293902844 41.9 3224
1767293903894 41.9 3225
1767293904946 41.9 3226
1767293906007 41.9 3227
1767293907057 41.9 3228
1767293908110 41.9 3229
1767293909163 41.9 3230
1767293910215 41.9 3231
1767293911266 41.9 3232
1767293912320 41.9 3233
1767293913383 41.9 3234
1767293914435 41.9 3235
1767293915491 41.9 3236
1767293919471 41.9 3237
1767293920522 41.9 3238
1767293921579 41.9 3239
1767293922633 41.9 3240
1767293923692 41.9 3241
1767293924744 41.9 3242
1767293925812 41.9 3243
1767293926860 41.9 3244
1767293927910 41.9 3245
1767293928976 41.9 3246
1767293930024 41.9 3247
1767293931088 41.9 3248
1767293932142 41.9 3249
1767293933194 41.9 3250
1767293934247 41.9 3251
1767293935303 41.9 3252
1767293936354 41.9 3253
1767293937412 41.9 3254
1767293938762 41.9 3255
1767293939813 41.9 3256
1767293940866 41.9 3257
1767293941918 41.9 3258
1767293942971 41.9 3259
1767293944024 41.9 3260
1767293945073 41.9 3261
1767293946122 41.9 3262
1767293947173 41.9 3263
1767293948226 41.9 3264
1767293949277 41.9 3265
1767293950328 41.9 3266
1767293951381 41.9 3267
1767293955361 41.9 3268
1767293956414 41.9 3269
1767293957466 41.9 3270
1767293958521 41.9 3271
1767293959573 41.9 3272
1767293960625 41.9 3273
1767293961690 41.9 3274
1767293962754 41.9 3275
1767293963806 41.9 3276
1767293964860 41.9 3277
1767293965921 41.9 3278
1767293966974 41.9 3279
1767293968023 41.9 3280
1767293969074 41.9 3281
1767293970124 41.9 3282
1767293971177 41.9 3283
1767293972244 41.9 3284
1767293973296 41.9 3285
1767293974349 41.9 3286
1767293975401 41.9 3287
1767293976450 41.9 3288
1767293977781 41.9 3289
