1767290278353 17205.7 0
1767290279371 17280.5 1
1767290280386 17359.0 2
1767290281389 17398.8 3
1767290282394 17414.3 4
1767290283398 17425.6 5
1767290284401 17420.7 6
1767290285404 17384.0 7
1767290286408 17414.0 8
1767290287411 17428.5 9
1767290288414 17450.1 10
1767290289419 17450.9 11
1767290290422 17509.5 12
1767290291425 17423.5 13
1767290292429 17419.5 14
1767290296366 17421.3 15
1767290297370 17425.2 16
1767290298374 17426.2 17
1767290299377 17402.8 18
1767290300381 17401.5 19
1767290301385 17389.9 20
1767290302388 17390.2 21
1767290303406 17396.5 22
1767290304414 17372.0 23
1767290305417 17383.0 24
1767290306421 17384.3 25
1767290307426 17372.1 26
1767290308429 17373.3 27
1767290309433 17399.1 28
1767290310436 17401.7 29
1767290311440 17401.7 30
1767290312443 17403.0 31
1767290313448 17403.0 32
1767290314451 17404.5 33
1767290315455 17408.9 34
1767290316459 17410.5 35
1767290317465 17410.5 36
1767290318469 17410.1 37
1767290319479 17410.1 38
1767290320489 17411.1 39
1767290321496 17411.1 40
1767290322502 17418.0 41
1767290323506 17386.0 42
1767290324511 17385.1 43
1767290325515 17387.1 44
1767290326518 17385.3 45
1767290327533 17385.5 46
1767290331471 17384.9 47
1767290332475 17384.7 48
1767290333479 17385.2 49
1767290334483 17385.5 50
1767290335487 17386.2 51
1767290336492 17386.2 52
1767290337496 17384.5 53
1767290338500 17381.8 54
1767290339504 17381.0 55
1767290340514 17381.0 56
1767290341521 17381.0 57
1767290342530 17381.2 58
1767290343534 17384.4 59
1767290344543 17384.4 60
1767290345550 17385.4 61
1767290346555 17385.9 62
1767290347566 17386.7 63
1767290348580 17387.4 64
1767290349596 17388.3 65
1767290350605 17388.3 66
1767290351614 17387.9 67
1767290352618 17388.2 68
1767290353623 17389.1 69
1767290354627 17388.9 70
1767290355631 17389.1 71
1767290356761 17389.8 72
1767290357778 17502.4 73
1767290358921 17603.9 74
1767290359927 17555.5 75
1767290360934 17795.4 76
1767290361948 17800.9 77
1767290362963 17784.8 78
1767290366892 17784.6 79
1767290367897 17791.4 80
1767290368901 17788.6 81
1767290369906 17792.8 82
1767290370912 17798.6 83
1767290371929 17802.1 84
1767290372939 17803.2 85
1767290373956 17794.6 86
1767290374969 17755.9 87
1767290375976 17933.6 88
1767290376989 17754.5 89
1767290378006 17760.4 90
1767290379022 17754.8 91
1767290380030 17769.4 92
1767290381042 17760.2 93
1767290382054 17747.7 94
1767290383060 17747.5 95
1767290384066 17757.4 96
1767290385070 17759.8 97
1767290386075 17698.9 98
1767290387088 17691.5 99
1767290388117 17696.9 100
1767290389125 17700.7 101
1767290390130 17694.0 102
1767290391136 17689.2 103
1767290392141 17692.1 104
1767290393158 17699.3 105
1767290394165 17702.5 106
1767290395170 17699.1 107
1767290396174 17856.6 108
1767290397181 17874.6 109
1767290398193 17877.0 110
1767290402142 17883.2 111
1767290403159 17891.3 112
1767290404180 17862.7 113
1767290405195 17895.7 114
1767290406201 17883.6 115
1767290407209 17881.2 116
1767290408218 17886.9 117
1767290409227 17869.5 118
1767290410235 17876.1 119
1767290411252 17868.8 120
1767290412268 17870.1 121
1767290413273 17860.0 122
1767290414280 17732.9 123
1767290415287 17737.1 124
1767290416298 17741.8 125
1767290417311 17747.7 126
1767290418322 17739.9 127
1767290419330 17746.3 128
1767290420337 17737.9 129
1767290421349 17745.7 130
1767290422361 17747.2 131
1767290423370 17749.4 132
1767290424378 17743.9 133
1767290425385 17746.9 134
1767290426396 17733.2 135
1767290427414 17745.2 136
1767290428433 17731.6 137
1767290429451 17737.1 138
1767290430460 17763.6 139
1767290431469 17745.7 140
1767290432483 17733.3 141
1767290436420 17739.8 142
1767290437427 17739.1 143
1767290438434 17736.4 144
1767290439439 17737.4 145
1767290440444 17740.9 146
1767290441452 17745.1 147
1767290442458 17745.1 148
1767290443463 17745.1 149
1767290444477 17746.2 150
1767290445489 17751.9 151
1767290446496 17751.5 152
1767290447501 17734.8 153
1767290448509 17742.9 154
1767290449524 17752.0 155
1767290450531 17766.4 156
1767290451543 17749.8 157
1767290452551 17747.5 158
1767290453556 17746.7 159
1767290454573 17745.3 160
1767290455581 17753.3 161
1767290456587 17749.8 162
1767290457610 17754.8 163
1767290458623 17735.1 164
1767290459632 17755.5 165
1767290460639 17748.6 166
1767290461644 17758.4 167
1767290462662 17755.7 168
1767290463669 17743.3 169
1767290464686 17741.1 170
1767290465694 17754.9 171
1767290466700 17747.7 172
1767290467706 17746.8 173
1767290471651 17747.2 174
1767290472766 17751.6 175
1767290473776 17907.4 176
1767290474792 17752.7 177
1767290475810 17764.3 178
1767290476816 17751.5 179
1767290477830 17756.0 180
1767290478839 17758.8 181
1767290479846 17760.5 182
1767290480858 17743.4 183
1767290481872 17743.9 184
1767290482880 17750.7 185
1767290483889 17743.4 186
1767290484905 17751.3 187
1767290485916 17755.2 188
1767290486929 17744.6 189
1767290487939 17795.0 190
1767290488947 17753.6 191
1767290489955 17733.6 192
1767290490960 17740.5 193
1767290491966 17736.1 194
1767290492980 17744.0 195
1767290493996 17744.6 196
1767290495009 17744.0 197
1767290496017 17746.1 198
1767290497022 17746.1 199
1767290498028 17748.7 200
1767290499045 17750.7 201
1767290500053 17736.4 202
1767290501060 17750.9 203
1767290502074 17752.7 204
1767290503091 17748.1 205
1767290507029 17755.5 206
1767290508047 17753.4 207
1767290509055 17768.6 208
1767290510064 17767.6 209
1767290511071 17761.4 210
1767290512078 17769.2 211
1767290513084 17754.1 212
1767290514097 17754.9 213
1767290515105 17793.7 214
1767290516120 17765.3 215
1767290517127 17763.9 216
1767290518133 17764.1 217
1767290519142 17754.2 218
1767290520160 17763.3 219
1767290521167 17764.0 220
1767290522175 17761.8 221
1767290523183 17765.1 222
1767290524198 17772.2 223
1767290525209 17766.0 224
1767290526215 17765.9 225
1767290527235 17767.5 226
1767290528258 17738.6 227
1767290529270 17762.0 228
1767290530277 17751.8 229
1767290531283 17755.6 230
1767290532294 17762.3 231
1767290533314 17767.1 232
1767290534323 17757.9 233
1767290535330 17748.6 234
1767290536338 17749.4 235
1767290537366 17751.6 236
1767290538374 17755.9 237
1767290542309 17759.8 238
1767290543323 17751.7 239
1767290544337 17754.9 240
1767290545352 17750.8 241
1767290546361 17758.6 242
1767290547368 17752.4 243
1767290548374 17760.3 244
1767290549380 17755.3 245
1767290550388 17745.0 246
1767290551396 17755.8 247
1767290552402 17752.9 248
1767290553415 17761.6 249
1767290554433 17768.7 250
1767290555447 17749.9 251
1767290556458 17757.7 252
1767290557471 17760.4 253
1767290558481 17753.2 254
1767290559495 17748.5 255
1767290560502 17747.1 256
1767290561517 17758.4 257
1767290562526 17751.2 258
1767290563535 17750.9 259
1767290564543 17749.4 260
1767290565558 17763.5 261
1767290566568 17750.4 262
1767290567580 17754.6 263
1767290568594 17752.4 264
1767290569606 17751.3 265
1767290570622 17751.5 266
1767290571637 17745.5 267
1767290572645 17744.5 268
1767290573656 17744.8 269
1767290577600 17746.9 270
1767290578616 17760.3 271
1767290579626 17736.9 272
1767290580644 17747.4 273
1767290581653 17754.8 274
1767290582670 17750.3 275
1767290583689 17750.5 276
1767290584708 17753.5 277
1767290585724 17756.0 278
1767290586736 17750.7 279
1767290587749 17750.4 280
1767290588757 17751.0 281
1767290589768 17749.0 282
1767290590779 17758.0 283
1767290591788 17749.7 284
1767290592798 17754.0 285
1767290593807 17747.7 286
1767290594816 17749.4 287
1767290595825 17740.8 288
1767290596840 17743.0 289
1767290597851 17754.2 290
1767290598861 17762.1 291
1767290599883 17753.5 292
1767290600896 17756.2 293
1767290601906 17761.7 294
1767290602917 17760.7 295
1767290603938 17760.6 296
1767290604949 17761.0 297
1767290605958 17748.4 298
1767290606966 17752.5 299
1767290607975 17760.6 300
1767290608982 17761.2 301
1767290612932 17762.1 302
1767290613944 17756.3 303
1767290614968 17758.9 304
1767290615978 17755.7 305
1767290616987 17752.1 306
1767290617996 17747.1 307
1767290619012 17761.9 308
1767290620026 17773.5 309
1767290621034 17771.1 310
1767290622048 17769.2 311
1767290623074 17774.6 312
1767290624084 17765.4 313
1767290625105 17762.7 314
1767290626121 17778.2 315
1767290627143 17750.9 316
1767290628153 17755.9 317
1767290629160 17734.3 318
1767290630167 17735.6 319
1767290631177 17743.4 320
1767290632188 17740.9 321
1767290633202 17748.9 322
1767290634210 17735.8 323
1767290635217 17744.8 324
1767290636225 17736.3 325
1767290637232 17753.5 326
1767290638239 17754.9 327
1767290639246 17752.4 328
1767290640254 17750.3 329
1767290641265 17755.0 330
1767290642275 17765.1 331
1767290643292 17759.9 332
1767290644299 17756.8 333
1767290648233 17755.0 334
1767290649240 17752.5 335
1767290650248 17757.1 336
1767290651257 17754.8 337
1767290652265 17754.0 338
1767290653274 17755.5 339
1767290654282 17755.8 340
1767290655289 17758.1 341
1767290656300 17757.9 342
1767290657312 17765.3 343
1767290658320 17760.9 344
1767290659328 17757.3 345
1767290660335 17759.3 346
1767290661343 17759.6 347
1767290662351 17760.1 348
1767290663360 17762.1 349
1767290664368 17756.2 350
1767290665377 17760.6 351
1767290666386 17760.7 352
1767290667401 17760.1 353
1767290668408 17761.6 354
1767290669416 17764.4 355
1767290670424 17763.8 356
1767290671431 17764.6 357
1767290672439 17775.2 358
1767290673447 17775.5 359
1767290674454 17775.5 360
1767290675470 17772.0 361
1767290676479 17778.1 362
1767290677487 17767.8 363
1767290678494 17770.4 364
1767290679503 17771.0 365
1767290683446 17768.2 366
1767290684454 17754.3 367
1767290685461 17754.3 368
1767290686469 17759.5 369
1767290687488 17760.9 370
1767290688497 17760.9 371
1767290689506 17755.5 372
1767290690513 17760.1 373
1767290691522 17760.7 374
1767290692533 17761.7 375
1767290693541 17752.3 376
1767290694550 17749.5 377
1767290695566 17756.8 378
1767290696577 17770.2 379
1767290697586 17764.3 380
1767290698596 17771.3 381
1767290699607 17769.5 382
1767290700616 17774.6 383
1767290701625 17772.6 384
1767290702633 17775.2 385
1767290703641 17772.7 386
1767290704653 17769.7 387
1767290705663 17773.0 388
1767290706678 17778.7 389
1767290707686 17781.6 390
1767290708695 17777.2 391
1767290709703 17775.6 392
1767290710712 17775.4 393
1767290711720 17778.0 394
1767290712730 17777.9 395
1767290713739 17775.9 396
1767290714747 17786.3 397
1767290718684 17782.1 398
1767290719700 17785.4 399
1767290720709 17784.5 400
1767290721717 17789.3 401
1767290722725 17785.9 402
1767290723733 17789.5 403
1767290724745 17780.9 404
1767290725753 17777.8 405
1767290726761 17779.1 406
1767290727769 17780.9 407
1767290728778 17779.1 408
1767290729787 17779.0 409
1767290730799 17784.5 410
1767290731810 17786.5 411
1767290732818 17778.5 412
1767290733828 17781.2 413
1767290734837 17783.5 414
1767290735848 17780.2 415
1767290736864 17784.8 416
1767290737873 17783.0 417
1767290738882 17786.1 418
1767290739891 17788.9 419
1767290740900 17788.4 420
1767290741909 17783.5 421
1767290742918 17786.3 422
1767290743927 17785.4 423
1767290744944 17785.1 424
1767290745953 17791.3 425
1767290746962 17791.3 426
1767290747972 17778.6 427
1767290748983 17775.5 428
1767290749991 17781.4 429
1767290753927 17774.7 430
1767290754936 17772.1 431
1767290755945 17766.9 432
1767290756954 17768.7 433
1767290757962 17771.3 434
1767290758971 17772.0 435
1767290759980 17772.0 436
1767290760990 17772.5 437
1767290762000 17767.9 438
1767290763014 17766.4 439
1767290764025 17773.7 440
1767290765036 17760.3 441
1767290766046 17770.3 442
1767290767055 17769.9 443
1767290768063 17773.5 444
1767290769072 17778.6 445
1767290770082 17780.2 446
1767290771092 17780.9 447
1767290772100 17775.3 448
1767290773111 17778.1 449
1767290774127 17781.7 450
1767290775136 17785.3 451
1767290776145 17791.2 452
1767290777156 17796.6 453
1767290778165 17794.8 454
1767290779174 17798.5 455
1767290780184 17797.6 456
1767290781193 17799.1 457
1767290782202 17785.2 458
1767290783212 17796.2 459
1767290784220 17798.8 460
1767290785230 17793.3 461
1767290789172 17786.4 462
1767290790181 17781.2 463
1767290791190 17782.7 464
1767290792202 17781.9 465
1767290793212 17779.1 466
1767290794221 17765.4 467
1767290795231 17765.6 468
1767290796240 17772.6 469
1767290797250 17778.1 470
1767290798269 17785.5 471
1767290799279 17788.9 472
1767290800288 17784.5 473
1767290801298 17783.7 474
1767290802309 17785.0 475
1767290803320 17782.7 476
1767290804331 17794.7 477
1767290805341 17784.4 478
1767290806351 17781.3 479
1767290807361 17787.6 480
1767290808371 17788.2 481
1767290809380 17790.6 482
1767290810389 17795.0 483
1767290811399 17793.1 484
1767290812411 17800.2 485
1767290813420 17803.2 486
1767290814430 17802.0 487
1767290815439 17799.9 488
1767290816449 17798.3 489
1767290817464 17804.0 490
1767290818474 17804.7 491
1767290819483 17791.5 492
1767290823421 17797.0 493
1767290824431 17794.9 494
1767290825442 17794.4 495
1767290826459 17794.6 496
1767290827468 17795.1 497
1767290828478 17797.7 498
1767290829490 17799.0 499
1767290830501 17777.5 500
1767290831511 17780.0 501
1767290832521 17762.0 502
1767290833533 17763.6 503
1767290834550 17774.8 504
1767290835560 17785.6 505
1767290836570 17780.4 506
1767290837579 17778.3 507
1767290838589 17780.1 508
1767290839599 17782.4 509
1767290840610 17784.9 510
1767290841620 17786.9 511
1767290842630 17793.0 512
1767290843648 17787.7 513
1767290844659 17791.7 514
1767290845669 17780.6 515
1767290846679 17780.4 516
1767290847690 17783.2 517
1767290848699 17784.2 518
1767290849711 17785.2 519
1767290850721 17784.7 520
1767290851732 17787.8 521
1767290852741 17790.6 522
1767290853751 17791.4 523
1767290854760 17788.7 524
1767290858704 17790.9 525
1767290859715 17791.9 526
1767290860725 17790.4 527
1767290861736 17787.1 528
1767290862752 17790.6 529
1767290863763 17789.3 530
1767290864773 17789.2 531
1767290865784 17790.0 532
1767290866795 17792.6 533
1767290867816 17791.8 534
1767290868826 17795.2 535
1767290869836 17794.4 536
1767290870846 17793.9 537
1767290871856 17786.4 538
1767290872866 17784.6 539
1767290873876 17790.0 540
1767290874889 17786.1 541
1767290875907 17788.4 542
1767290876917 17786.1 543
1767290877927 17786.0 544
1767290878940 17797.1 545
1767290879951 17792.5 546
1767290880965 17794.0 547
1767290881977 17805.8 548
1767290882987 17798.1 549
1767290883999 17791.0 550
1767290885011 17790.1 551
1767290886021 17786.1 552
1767290887031 17787.4 553
1767290888041 17787.7 554
1767290889053 17788.1 555
1767290890063 17789.2 556
1767290894000 17788.6 557
1767290895010 17789.2 558
1767290896021 17799.3 559
1767290897031 17788.1 560
1767290898045 17787.2 561
1767290899060 17758.3 562
1767290900070 17769.6 563
1767290901082 17769.8 564
1767290902096 17769.8 565
1767290903107 17768.1 566
1767290904125 17771.2 567
1767290905136 17773.1 568
1767290906146 17774.4 569
1767290907159 17777.2 570
1767290908170 17780.3 571
1767290909182 17777.4 572
1767290910200 17780.6 573
1767290911210 17780.5 574
1767290912221 17781.7 575
1767290913232 17782.0 576
1767290914243 17785.4 577
1767290915254 17783.0 578
1767290916265 17787.4 579
1767290917276 17787.4 580
1767290918287 17785.3 581
1767290919298 17784.1 582
1767290920309 17785.6 583
1767290921319 17783.3 584
1767290922330 17792.0 585
1767290923341 17793.5 586
1767290924352 17786.8 587
1767290925363 17785.0 588
1767290929306 17786.5 589
1767290930317 17786.0 590
1767290931328 17788.1 591
1767290932339 17786.4 592
1767290933350 17787.5 593
1767290934361 17785.4 594
1767290935372 17787.0 595
1767290936393 17789.0 596
1767290937405 17793.7 597
1767290938416 17789.8 598
1767290939429 17795.2 599
1767290940440 17793.9 600
1767290941451 17794.2 601
1767290942462 17794.4 602
1767290943474 17798.5 603
1767290944484 17796.9 604
1767290945496 17795.5 605
1767290946512 17794.9 606
1767290947523 17794.0 607
1767290948534 17796.9 608
1767290949548 17797.7 609
1767290950559 17794.9 610
1767290951570 17795.8 611
1767290952582 17798.1 612
1767290953594 17792.1 613
1767290954606 17788.9 614
1767290955618 17792.9 615
1767290956629 17793.9 616
1767290957640 17793.4 617
1767290958661 17803.2 618
1767290959673 17805.4 619
1767290960685 17806.5 620
1767290964623 17802.3 621
1767290965635 17802.4 622
1767290966649 17803.4 623
1767290967664 17769.7 624
1767290968676 17775.6 625
1767290969687 17777.5 626
1767290970703 17778.6 627
1767290971717 17780.6 628
1767290972734 17796.2 629
1767290973745 17796.7 630
1767290974756 17793.1 631
1767290975768 17795.1 632
1767290976781 17788.9 633
1767290977796 17785.6 634
1767290978809 17796.1 635
1767290979820 17790.7 636
1767290980839 17792.2 637
1767290981850 17794.5 638
1767290982862 17792.7 639
1767290983874 17792.4 640
1767290984887 17792.2 641
1767290985900 17795.5 642
1767290986911 17795.8 643
1767290987923 17795.0 644
1767290988942 17798.6 645
1767290989955 17791.9 646
1767290990966 17791.1 647
1767290991978 17796.2 648
1767290992991 17795.2 649
1767290994003 17794.4 650
1767290995015 17793.6 651
1767290996031 17800.8 652
1767290999979 17802.5 653
1767291000991 17801.0 654
1767291002003 17792.9 655
1767291003015 17803.5 656
1767291004027 17802.2 657
1767291005040 17801.4 658
1767291006063 17800.4 659
1767291007077 17800.8 660
1767291008089 17788.2 661
1767291009101 17791.6 662
1767291010114 17790.0 663
1767291011127 17793.3 664
1767291012140 17786.1 665
1767291013152 17790.9 666
1767291014164 17786.1 667
1767291015176 17789.9 668
1767291016188 17788.6 669
1767291017200 17789.1 670
1767291018213 17787.8 671
1767291019235 17791.0 672
1767291020248 17790.5 673
1767291021259 17794.1 674
1767291022271 17793.0 675
1767291023285 17788.9 676
1767291024298 17774.7 677
1767291025316 17774.0 678
1767291026330 17779.8 679
1767291027343 17784.7 680
1767291028355 17786.3 681
1767291029369 17789.4 682
1767291030382 17780.4 683
1767291031395 17783.7 684
1767291035342 17788.1 685
1767291036355 17780.4 686
1767291037370 17780.5 687
1767291038385 17774.3 688
1767291039401 17773.8 689
1767291040419 17772.7 690
1767291041431 17773.1 691
1767291042444 17773.4 692
1767291043456 17775.0 693
1767291044468 17775.9 694
1767291045480 17781.1 695
1767291046493 17775.1 696
1767291047508 17777.0 697
1767291048526 17777.7 698
1767291049539 17772.3 699
1767291050551 17782.1 700
1767291051565 17782.1 701
1767291052579 17781.8 702
1767291053598 17779.0 703
1767291054612 17781.0 704
1767291055625 17776.3 705
1767291056638 17777.9 706
1767291057655 17776.9 707
1767291058669 17783.9 708
1767291059681 17792.3 709
1767291060694 17790.0 710
1767291061709 17791.5 711
1767291062723 17801.1 712
1767291063736 17796.9 713
1767291064750 17794.6 714
1767291065763 17783.5 715
1767291069712 17789.2 716
1767291070727 17795.1 717
1767291071740 17788.7 718
1767291072754 17792.3 719
1767291073767 17791.0 720
1767291074780 17788.7 721
1767291075793 17790.3 722
1767291076806 17790.2 723
1767291077819 17787.9 724
1767291078834 17789.4 725
1767291079847 17791.0 726
1767291080861 17790.4 727
1767291081881 17792.5 728
1767291082894 17789.4 729
1767291083909 17787.7 730
1767291084922 17791.7 731
1767291085935 17779.7 732
1767291086949 17782.6 733
1767291087962 17778.9 734
1767291088975 17780.3 735
1767291089989 17781.6 736
1767291091003 17792.3 737
1767291092016 17792.1 738
1767291093030 17791.9 739
1767291094044 17793.2 740
1767291095057 17792.0 741
1767291096072 17788.5 742
1767291097088 17791.5 743
1767291098108 17791.4 744
1767291099123 17788.3 745
1767291100137 17788.2 746
1767291101158 17788.8 747
1767291105099 17779.1 748
1767291106115 17783.9 749
1767291107128 17785.4 750
1767291108144 17786.7 751
1767291109158 17770.4 752
1767291110174 17770.1 753
1767291111189 17776.3 754
1767291112206 17776.0 755
1767291113221 17775.0 756
1767291114242 17764.9 757
1767291115255 17774.4 758
1767291116269 17774.7 759
1767291117283 17775.8 760
1767291118297 17771.0 761
1767291119310 17766.7 762
1767291120324 17773.1 763
1767291121338 17771.1 764
1767291122359 17774.4 765
1767291123374 17779.9 766
1767291124391 17763.2 767
1767291125406 17760.7 768
1767291126422 17770.7 769
1767291127435 17772.3 770
1767291128449 17771.5 771
1767291129463 17776.1 772
1767291130479 17780.7 773
1767291131493 17781.5 774
1767291132506 17770.9 775
1767291133520 17785.8 776
1767291134537 17781.7 777
1767291135551 17775.7 778
1767291136564 17772.4 779
1767291140517 17773.4 780
1767291141530 17774.9 781
1767291142545 17783.3 782
1767291143559 17782.1 783
1767291144573 17791.1 784
1767291145587 17788.5 785
1767291146609 17789.3 786
1767291147623 17791.2 787
1767291148637 17798.0 788
1767291149652 17790.3 789
1767291150666 17794.4 790
1767291151688 17793.9 791
1767291152704 17792.6 792
1767291153717 17787.4 793
1767291154731 17787.8 794
1767291155745 17789.7 795
1767291156759 17789.0 796
1767291157773 17785.8 797
1767291158788 17789.4 798
1767291159802 17789.7 799
1767291160818 17787.5 800
1767291161840 17789.2 801
1767291162854 17779.3 802
1767291163868 17775.9 803
1767291164883 17776.4 804
1767291165897 17770.9 805
1767291166911 17773.3 806
1767291167927 17776.5 807
1767291168941 17774.9 808
1767291169958 17778.5 809
1767291170973 17761.7 810
1767291171988 17762.7 811
1767291175928 17759.5 812
1767291176945 17774.6 813
1767291177970 17780.5 814
1767291178987 17778.4 815
1767291180001 17777.6 816
1767291181017 17779.3 817
1767291182031 17778.2 818
1767291183046 17779.0 819
1767291184060 17778.3 820
1767291185074 17780.7 821
1767291186089 17782.7 822
1767291187111 17788.6 823
1767291188129 17786.1 824
1767291189143 17785.0 825
1767291190157 17784.3 826
1767291191174 17785.8 827
1767291192190 17793.3 828
1767291193204 17788.5 829
1767291194221 17793.0 830
1767291195235 17802.3 831
1767291196252 17801.0 832
1767291197271 17805.8 833
1767291198286 17801.9 834
1767291199300 17799.9 835
1767291200316 17796.5 836
1767291201331 17804.3 837
1767291202345 17804.8 838
1767291203362 17800.4 839
1767291204377 17795.0 840
1767291205391 17794.4 841
1767291206406 17794.2 842
1767291210364 17794.2 843
1767291211378 17793.1 844
1767291212394 17793.9 845
1767291213414 17794.1 846
1767291214429 17792.8 847
1767291215444 17790.5 848
1767291216462 17784.7 849
1767291217478 17790.9 850
1767291218493 17788.8 851
1767291219510 17787.6 852
1767291220525 17787.3 853
1767291221539 17790.2 854
1767291222556 17791.4 855
1767291223572 17791.4 856
1767291224587 17791.9 857
1767291225604 17789.3 858
1767291226626 17792.8 859
1767291227640 17788.0 860
1767291228655 17795.2 861
1767291229670 17789.0 862
1767291230686 17792.4 863
1767291231704 17793.1 864
1767291232720 17792.8 865
1767291233734 17795.4 866
1767291234751 17794.3 867
1767291235767 17795.6 868
1767291236783 17798.2 869
1767291237798 17797.6 870
1767291238816 17800.5 871
1767291239832 17774.4 872
1767291240846 17777.2 873
1767291241861 17774.5 874
1767291245806 17773.4 875
1767291246822 17777.0 876
1767291247838 17781.4 877
1767291248861 17781.5 878
1767291249877 17782.8 879
1767291250892 17783.8 880
1767291251907 17783.6 881
1767291252922 17772.7 882
1767291253938 17780.7 883
1767291254954 17784.4 884
1767291255971 17785.6 885
1767291256986 17791.6 886
1767291258001 17790.0 887
1767291259016 17791.0 888
1767291260034 17787.1 889
1767291261049 17790.7 890
1767291262066 17789.3 891
1767291263089 17793.1 892
1767291264103 17792.0 893
1767291265120 17794.3 894
1767291266135 17793.6 895
1767291267153 17788.6 896
1767291268174 17795.0 897
1767291269189 17790.4 898
1767291270204 17793.2 899
1767291271221 17792.4 900
1767291272236 17787.0 901
1767291273251 17791.7 902
1767291274266 17788.0 903
1767291275281 17788.5 904
1767291276298 17788.3 905
1767291277313 17790.5 906
1767291281263 17789.2 907
1767291282285 17788.8 908
1767291283300 17788.3 909
1767291284317 17791.7 910
1767291285333 17788.3 911
1767291286348 17788.3 912
1767291287363 17791.1 913
1767291288378 17800.4 914
1767291289393 17799.4 915
1767291290412 17797.3 916
1767291291427 17800.4 917
1767291292447 17796.5 918
1767291293470 17802.4 919
1767291294486 17791.8 920
1767291295501 17789.5 921
1767291296518 17791.5 922
1767291297534 17790.3 923
1767291298551 17790.3 924
1767291299574 17790.9 925
1767291300590 17796.6 926
1767291301607 17790.7 927
1767291302623 17786.0 928
1767291303641 17792.8 929
1767291304656 17802.2 930
1767291305672 17798.1 931
1767291306688 17803.3 932
1767291307716 17803.8 933
1767291308736 17787.0 934
1767291309754 17787.0 935
1767291310770 17787.2 936
1767291311789 17779.7 937
1767291312807 17783.7 938
1767291316741 17783.9 939
1767291317756 17794.4 940
1767291318772 17802.3 941
1767291319788 17790.2 942
1767291320805 17791.5 943
1767291321821 17792.0 944
1767291322838 17789.6 945
1767291323859 17804.1 946
1767291324876 17802.7 947
1767291325892 17801.9 948
1767291326914 17802.2 949
1767291328381 17811.0 950
1767291329404 18046.5 951
1767291330420 18034.6 952
1767291331442 18032.1 953
1767291332458 18036.7 954
1767291333474 18039.0 955
1767291334490 18035.7 956
1767291335506 18038.0 957
1767291336523 18035.6 958
1767291337540 18034.3 959
1767291338557 18032.0 960
1767291339573 18033.3 961
1767291340590 18031.7 962
1767291341606 18033.0 963
1767291342630 18032.8 964
1767291343647 18037.4 965
1767291344664 18033.2 966
1767291345682 18034.8 967
1767291346699 18043.4 968
1767291347715 18044.8 969
1767291351665 18045.0 970
1767291352682 18038.9 971
1767291353702 18043.2 972
1767291354719 18040.1 973
1767291355742 18042.2 974
1767291356759 18044.7 975
1767291357775 18047.5 976
1767291358791 18051.4 977
1767291359809 18052.1 978
1767291360826 18049.6 979
1767291361846 18052.9 980
1767291362866 18048.2 981
1767291363887 18059.6 982
1767291364904 18053.8 983
1767291365923 18049.7 984
1767291366944 18043.5 985
1767291367966 18040.7 986
1767291368983 18044.5 987
1767291370001 18043.5 988
1767291371020 18046.6 989
1767291372038 18042.6 990
1767291373057 18032.6 991
1767291374079 18036.7 992
1767291375108 18040.5 993
1767291376128 18038.6 994
1767291377144 18213.4 995
1767291378164 18220.1 996
1767291379184 18215.8 997
1767291380206 18228.1 998
1767291381223 18253.4 999
1767291382243 18255.3 1000
1767291383265 18076.9 1001
1767291387220 18076.9 1002
1767291388237 18076.4 1003
1767291389255 18075.8 1004
1767291390273 18079.1 1005
1767291391290 18077.7 1006
1767291392312 18074.7 1007
1767291393331 18076.3 1008
1767291394353 18078.6 1009
1767291395387 18078.8 1010
1767291396405 18046.9 1011
1767291397422 18039.1 1012
1767291398439 17965.6 1013
1767291399466 17971.5 1014
1767291400484 17974.9 1015
1767291401503 17974.9 1016
1767291402520 17983.3 1017
1767291403539 17978.5 1018
1767291404560 17973.0 1019
1767291405611 17964.0 1020
1767291406628 18054.2 1021
1767291407648 18046.2 1022
1767291408666 18047.7 1023
1767291409689 18046.7 1024
1767291410706 18047.0 1025
1767291411724 18046.2 1026
1767291412743 18051.3 1027
1767291413763 18048.2 1028
1767291414779 18029.8 1029
1767291415797 18024.3 1030
1767291416816 18021.0 1031
1767291417840 18018.9 1032
1767291421803 18039.3 1033
1767291422824 18068.2 1034
1767291423843 18078.4 1035
1767291424867 18084.6 1036
1767291425885 18040.8 1037
1767291426907 18046.9 1038
1767291427926 18052.7 1039
1767291428944 18049.2 1040
1767291429963 18047.2 1041
1767291430981 18053.7 1042
1767291432004 18060.3 1043
1767291433027 18061.4 1044
1767291434045 18068.3 1045
1767291435064 18072.3 1046
1767291436083 18076.9 1047
1767291437102 18076.3 1048
1767291438134 18081.6 1049
1767291439151 18091.7 1050
1767291440171 18098.3 1051
1767291441194 18099.0 1052
1767291442213 18098.9 1053
1767291443231 18089.3 1054
1767291444249 18086.5 1055
1767291445267 18099.0 1056
1767291446286 18096.7 1057
1767291447303 18073.4 1058
1767291448325 18073.4 1059
1767291449346 18037.1 1060
1767291450364 18013.7 1061
1767291451381 18018.0 1062
1767291452402 18016.0 1063
1767291453421 18044.7 1064
1767291457372 18036.9 1065
1767291458391 18035.8 1066
1767291459410 18038.4 1067
1767291460430 17963.7 1068
1767291461448 17958.0 1069
1767291462477 17963.6 1070
1767291463495 17959.5 1071
1767291464512 17958.7 1072
1767291465531 17957.4 1073
1767291466549 17962.6 1074
1767291467570 17961.3 1075
1767291468589 17966.2 1076
1767291469612 17962.8 1077
1767291470633 17972.3 1078
1767291471650 17971.0 1079
1767291472669 17967.6 1080
1767291473687 17969.7 1081
1767291474706 17973.3 1082
1767291475726 17977.8 1083
1767291476745 17978.1 1084
1767291477770 17987.4 1085
1767291478789 17980.4 1086
1767291479809 17982.0 1087
1767291480830 17984.5 1088
1767291481848 17981.4 1089
1767291482866 17986.6 1090
1767291483885 17986.1 1091
1767291484904 17987.9 1092
1767291485924 17983.9 1093
1767291486949 17996.1 1094
1767291487967 17984.6 1095
1767291491907 17981.0 1096
1767291492926 17982.6 1097
1767291493945 17982.5 1098
1767291494963 17981.8 1099
1767291495982 17980.4 1100
1767291497000 17979.4 1101
1767291498019 17971.1 1102
1767291499037 17969.6 1103
1767291500055 17975.5 1104
1767291501073 17973.1 1105
1767291502093 17979.6 1106
1767291503115 17979.3 1107
1767291504134 17978.6 1108
1767291505153 17978.0 1109
1767291506173 17976.0 1110
1767291507198 17975.5 1111
1767291508216 17973.9 1112
1767291509235 17975.5 1113
1767291510253 17976.2 1114
1767291511272 17977.5 1115
1767291512291 17976.4 1116
1767291513309 17976.5 1117
1767291514327 17979.3 1118
1767291515346 17973.8 1119
1767291516365 17974.6 1120
1767291517397 17974.8 1121
1767291518416 17956.4 1122
1767291519434 17956.9 1123
1767291520456 17958.2 1124
1767291521484 17958.7 1125
1767291522507 17957.2 1126
1767291523527 17963.9 1127
1767291527480 17966.9 1128
1767291528499 17962.3 1129
1767291529520 17962.8 1130
1767291530540 17964.4 1131
1767291531560 17961.3 1132
1767291532586 17966.4 1133
1767291533605 17967.2 1134
1767291534625 17964.4 1135
1767291535644 17970.4 1136
1767291536663 17971.8 1137
1767291537689 17970.8 1138
1767291538708 17970.5 1139
1767291539729 17968.0 1140
1767291540747 17970.3 1141
1767291541776 17967.7 1142
1767291542795 17963.7 1143
1767291543813 17969.0 1144
1767291544832 17969.0 1145
1767291545853 17968.2 1146
1767291546873 17968.2 1147
1767291547894 17961.7 1148
1767291548919 17962.6 1149
1767291549937 17961.6 1150
1767291550956 17962.3 1151
1767291551975 17965.4 1152
1767291552994 17964.6 1153
1767291554015 17963.4 1154
1767291555039 17963.8 1155
1767291556058 17966.7 1156
1767291557079 17967.2 1157
1767291558099 17965.6 1158
1767291559119 17971.3 1159
1767291563076 17972.9 1160
1767291564094 17975.4 1161
1767291565116 17976.2 1162
1767291566135 17979.3 1163
1767291567154 17977.8 1164
1767291568173 17979.3 1165
1767291569195 17975.6 1166
1767291570219 17967.8 1167
1767291571244 17959.8 1168
1767291572265 17961.8 1169
1767291573286 17963.6 1170
1767291574312 17963.4 1171
1767291575332 17968.7 1172
1767291576351 17963.6 1173
1767291577372 17961.5 1174
1767291578391 17969.3 1175
1767291579410 17971.1 1176
1767291580429 17964.0 1177
1767291581449 17959.5 1178
1767291582469 17960.2 1179
1767291583491 17962.8 1180
1767291584510 17979.0 1181
1767291585530 17972.3 1182
1767291586554 17972.8 1183
1767291587575 17965.3 1184
1767291588604 17956.7 1185
1767291589627 17963.8 1186
1767291590655 17962.2 1187
1767291591686 17951.6 1188
1767291592706 17951.8 1189
1767291593724 17958.0 1190
1767291597676 17963.4 1191
1767291598695 17957.1 1192
1767291599714 17961.4 1193
1767291600739 17960.1 1194
1767291601760 17972.5 1195
1767291602787 17973.5 1196
1767291603807 17969.4 1197
1767291604826 17971.9 1198
1767291605847 17973.3 1199
1767291606867 17970.4 1200
1767291607888 17972.5 1201
1767291608914 17974.0 1202
1767291609933 17970.1 1203
1767291610953 17975.0 1204
1767291611974 17973.7 1205
1767291612993 17976.5 1206
1767291614018 17974.9 1207
1767291615039 17981.7 1208
1767291616064 17976.0 1209
1767291617084 17974.2 1210
1767291618104 17976.7 1211
1767291619126 17973.6 1212
1767291620146 17971.9 1213
1767291621167 17974.6 1214
1767291622193 17982.6 1215
1767291623213 17970.2 1216
1767291624235 17965.2 1217
1767291625256 17964.2 1218
1767291626277 17965.3 1219
1767291627303 17964.9 1220
1767291628323 17970.6 1221
1767291629343 17970.1 1222
1767291633292 17969.9 1223
1767291634314 17968.4 1224
1767291635335 17977.3 1225
1767291636361 17973.8 1226
1767291637381 17978.1 1227
1767291638401 17975.8 1228
1767291639422 17968.3 1229
1767291640444 17974.5 1230
1767291641465 17973.7 1231
1767291642491 17978.6 1232
1767291643511 17974.2 1233
1767291644534 17970.1 1234
1767291645564 17968.7 1235
1767291646586 17973.6 1236
1767291647606 17969.0 1237
1767291648626 17967.2 1238
1767291649647 17971.0 1239
1767291650669 17968.1 1240
1767291651691 17977.7 1241
1767291652712 17975.6 1242
1767291653734 17970.2 1243
1767291654754 17970.7 1244
1767291655777 17971.9 1245
1767291656800 17950.4 1246
1767291657827 17950.8 1247
1767291658852 17955.9 1248
1767291659880 17961.8 1249
1767291660903 17952.9 1250
1767291661926 17958.8 1251
1767291662953 17965.6 1252
1767291663973 17962.5 1253
1767291667926 17962.5 1254
1767291668947 17972.7 1255
1767291669968 17972.7 1256
1767291670996 17973.2 1257
1767291672017 17971.9 1258
1767291673037 17971.1 1259
1767291674061 17971.9 1260
1767291675081 17971.6 1261
1767291676106 17969.1 1262
1767291677127 17976.2 1263
1767291678148 17963.8 1264
1767291679168 17962.8 1265
1767291680188 17975.9 1266
1767291681210 17968.2 1267
1767291682231 17963.5 1268
1767291683251 17966.3 1269
1767291684273 17965.0 1270
1767291685301 17969.2 1271
1767291686321 17963.0 1272
1767291687341 17964.3 1273
1767291688362 17965.0 1274
1767291689384 17967.8 1275
1767291690404 17966.9 1276
1767291691424 17965.6 1277
1767291692447 17967.9 1278
1767291693474 17971.2 1279
1767291694493 17968.1 1280
1767291695513 17966.5 1281
1767291696534 17957.5 1282
1767291697556 17956.2 1283
1767291698577 17955.6 1284
1767291699597 17958.6 1285
1767291703546 17957.9 1286
1767291704573 17961.7 1287
1767291705593 17959.3 1288
1767291706614 17962.4 1289
1767291707635 17960.9 1290
1767291708655 17958.8 1291
1767291709677 17971.5 1292
1767291710703 17975.6 1293
1767291711724 17971.9 1294
1767291712745 17974.8 1295
1767291713767 17974.5 1296
1767291714789 17973.4 1297
1767291715811 17973.0 1298
1767291716839 17973.2 1299
1767291717859 17975.5 1300
1767291718881 17973.9 1301
1767291719904 17972.8 1302
1767291720925 17975.8 1303
1767291721949 17972.9 1304
1767291722976 17975.7 1305
1767291723996 17969.0 1306
1767291725024 17969.0 1307
1767291726047 17945.5 1308
1767291727072 17950.8 1309
1767291728095 17954.8 1310
1767291729121 17956.5 1311
1767291730144 17958.1 1312
1767291731616 17964.0 1313
1767291732644 18211.5 1314
1767291733665 18199.3 1315
1767291734687 18201.6 1316
1767291738639 18200.3 1317
1767291739661 18198.5 1318
1767291740683 18201.3 1319
1767291741709 18200.6 1320
1767291742730 18205.4 1321
1767291743751 18199.2 1322
1767291744772 18201.8 1323
1767291745793 18202.5 1324
1767291746816 18204.8 1325
1767291747838 18204.7 1326
1767291748867 18207.1 1327
1767291749890 18213.8 1328
1767291750911 18206.0 1329
1767291751931 18211.9 1330
1767291752954 18210.6 1331
1767291753977 18205.3 1332
1767291754999 18207.5 1333
1767291756027 18207.6 1334
1767291757051 18216.6 1335
1767291758073 18211.9 1336
1767291759093 18211.1 1337
1767291760115 18215.2 1338
1767291761137 18213.7 1339
1767291762161 18212.5 1340
1767291763184 18211.4 1341
1767291764206 18209.8 1342
1767291765228 18216.7 1343
1767291766257 18216.9 1344
1767291767278 18216.6 1345
1767291768316 18215.3 1346
1767291769338 18217.8 1347
1767291773293 18216.5 1348
1767291774317 18215.2 1349
1767291775339 18218.6 1350
1767291776361 18214.9 1351
1767291777385 18210.7 1352
1767291778413 18210.1 1353
1767291779434 18207.3 1354
1767291780455 18210.0 1355
1767291781480 18209.7 1356
1767291782501 18208.6 1357
1767291783526 18211.9 1358
1767291784553 18213.8 1359
1767291785580 18217.4 1360
1767291786601 18217.2 1361
1767291787625 18216.3 1362
1767291788647 18217.6 1363
1767291789671 18215.7 1364
1767291790699 18216.5 1365
1767291791720 18216.0 1366
1767291792742 18216.0 1367
1767291793898 18216.9 1368
1767291794923 18381.8 1369
1767291795945 18201.7 1370
1767291796970 18200.6 1371
1767291798011 18215.2 1372
1767291799037 18347.6 1373
1767291800059 17976.4 1374
1767291801082 17971.7 1375
1767291802111 17979.5 1376
1767291803132 17975.3 1377
1767291804154 17975.8 1378
1767291805178 17978.7 1379
1767291809128 17982.0 1380
1767291810150 17980.5 1381
1767291811184 17979.1 1382
1767291812214 17985.7 1383
1767291813238 17986.5 1384
1767291814260 17982.9 1385
1767291815284 17984.2 1386
1767291816306 17978.7 1387
1767291817328 17976.4 1388
1767291818352 17975.1 1389
1767291819374 17977.9 1390
1767291820397 17976.5 1391
1767291821426 17981.3 1392
1767291822450 17978.4 1393
1767291823471 17980.5 1394
1767291824493 17980.5 1395
1767291825516 17978.9 1396
1767291826541 17979.6 1397
1767291827563 17980.9 1398
1767291828587 17981.5 1399
1767291829610 17983.8 1400
1767291830638 17980.7 1401
1767291831660 17975.0 1402
1767291832682 17984.5 1403
1767291833704 17984.5 1404
1767291834729 17985.0 1405
1767291835752 17987.9 1406
1767291836781 17987.6 1407
1767291837803 17986.3 1408
1767291838826 17990.2 1409
1767291839848 17997.7 1410
1767291843800 17992.6 1411
1767291844825 17992.9 1412
1767291845848 17989.0 1413
1767291846873 17996.2 1414
1767291847901 18000.9 1415
1767291848923 18000.3 1416
1767291849946 18000.6 1417
1767291850970 17995.4 1418
1767291851993 17991.6 1419
1767291853025 17990.0 1420
1767291854048 17995.2 1421
1767291855072 17994.1 1422
1767291856094 17990.8 1423
1767291857121 17990.5 1424
1767291858145 17993.1 1425
1767291859171 17991.0 1426
1767291860201 17994.1 1427
1767291861224 17992.8 1428
1767291862247 17992.0 1429
1767291863285 17995.1 1430
1767291864321 17950.4 1431
1767291865349 17956.8 1432
1767291866376 17948.8 1433
1767291867404 17942.4 1434
1767291868427 17943.8 1435
1767291869453 17942.9 1436
1767291870478 17949.8 1437
1767291871506 17949.9 1438
1767291872531 17953.5 1439
1767291873562 17958.1 1440
1767291874585 17951.3 1441
1767291875612 17952.6 1442
1767291879561 17954.1 1443
1767291880590 17955.2 1444
1767291881620 17960.1 1445
1767291882644 17969.5 1446
1767291883670 17969.7 1447
1767291884695 17970.2 1448
1767291885720 17973.6 1449
1767291886750 17976.1 1450
1767291887773 17973.2 1451
1767291888796 17974.9 1452
1767291889822 17975.8 1453
1767291890846 17971.4 1454
1767291891869 17974.5 1455
1767291892896 17974.1 1456
1767291893927 17966.0 1457
1767291894952 17963.9 1458
1767291895975 17961.6 1459
1767291897000 17965.6 1460
1767291898026 17963.9 1461
1767291899050 17966.7 1462
1767291900074 17968.1 1463
1767291901104 17969.1 1464
1767291902128 17967.5 1465
1767291903151 17970.3 1466
1767291904174 17961.2 1467
1767291905199 17963.3 1468
1767291906225 17961.0 1469
1767291907248 17960.3 1470
1767291908278 17959.0 1471
1767291909302 17964.6 1472
1767291910325 17961.7 1473
1767291914281 17961.7 1474
1767291915304 17963.8 1475
1767291916330 17966.9 1476
1767291917354 17967.2 1477
1767291918379 17966.2 1478
1767291919409 17967.6 1479
1767291920431 17961.1 1480
1767291921455 17962.2 1481
1767291922481 17961.0 1482
1767291923505 17967.9 1483
1767291924538 17970.4 1484
1767291925562 17976.4 1485
1767291926586 17976.2 1486
1767291927610 17978.2 1487
1767291928637 17980.7 1488
1767291929661 17979.4 1489
1767291930687 17977.7 1490
1767291931717 17980.7 1491
1767291932744 17982.8 1492
1767291933769 17968.5 1493
1767291934798 17966.1 1494
1767291935824 17975.8 1495
1767291936852 17965.7 1496
1767291937885 17959.0 1497
1767291938909 17951.8 1498
1767291939933 17956.8 1499
1767291940956 17954.8 1500
1767291941983 17959.6 1501
1767291943009 17961.1 1502
1767291944033 17965.1 1503
1767291945064 17959.4 1504
1767291946088 17961.6 1505
1767291950035 17965.3 1506
1767291951058 17966.7 1507
1767291952082 17964.6 1508
1767291953108 17962.0 1509
1767291954133 17963.7 1510
1767291955157 17966.0 1511
1767291956182 17963.6 1512
1767291957212 17966.2 1513
1767291958235 17970.9 1514
1767291959258 17963.3 1515
1767291960282 17960.3 1516
1767291961307 17965.1 1517
1767291962332 17957.6 1518
1767291963365 17963.4 1519
1767291964393 17957.2 1520
1767291965424 17957.2 1521
1767291966447 17955.1 1522
1767291967472 17956.4 1523
1767291968495 17960.3 1524
1767291969523 17965.7 1525
1767291970547 17959.6 1526
1767291971576 17966.0 1527
1767291972601 17961.8 1528
1767291973625 17964.6 1529
1767291974649 17971.6 1530
1767291975675 17968.8 1531
1767291976700 17966.4 1532
1767291977738 17964.5 1533
1767291978763 17963.8 1534
1767291979786 17959.7 1535
1767291980810 17958.4 1536
1767291984776 17962.7 1537
1767291985803 17965.5 1538
1767291986834 17958.8 1539
1767291987861 17958.5 1540
1767291988890 17958.3 1541
1767291989914 17956.7 1542
1767291990939 17954.4 1543
1767291991965 17958.6 1544
1767291992989 17960.4 1545
1767291994016 17963.7 1546
1767291995046 17966.6 1547
1767291996069 17964.2 1548
1767291997093 17965.5 1549
1767291998120 17975.8 1550
1767291999145 17969.6 1551
1767292000172 17964.9 1552
1767292001276 17970.1 1553
1767292002304 18070.5 1554
1767292003789 17960.9 1555
1767292004820 18213.0 1556
1767292005939 18217.8 1557
1767292006969 18332.0 1558
1767292007995 18226.6 1559
1767292009021 18229.6 1560
1767292010053 18228.1 1561
1767292011078 18236.0 1562
1767292012102 18210.4 1563
1767292013128 18217.8 1564
1767292014157 18211.6 1565
1767292015182 18209.5 1566
1767292016216 18212.7 1567
1767292020173 18220.3 1568
1767292021198 18206.3 1569
1767292022227 18203.5 1570
1767292023252 18215.0 1571
1767292024277 18219.9 1572
1767292025306 18221.7 1573
1767292026337 18224.6 1574
1767292027366 18219.4 1575
1767292028392 18218.1 1576
1767292029420 18214.7 1577
1767292030445 18215.2 1578
1767292031472 18219.3 1579
1767292032504 18218.9 1580
1767292033532 18218.6 1581
1767292034558 18229.4 1582
1767292035584 18218.5 1583
1767292036609 18220.9 1584
1767292037639 18222.7 1585
1767292038671 18227.8 1586
1767292039697 18218.8 1587
1767292040727 18224.2 1588
1767292041756 18220.6 1589
1767292042781 18223.5 1590
1767292043808 18222.9 1591
1767292044839 18225.5 1592
1767292045864 18225.8 1593
1767292046892 18221.9 1594
1767292047921 18216.7 1595
1767292048948 18214.7 1596
1767292049975 18208.9 1597
1767292051000 18208.2 1598
1767292054956 18211.8 1599
1767292055982 18211.0 1600
1767292057009 18207.0 1601
1767292058041 18211.7 1602
1767292059066 18210.4 1603
1767292060095 18214.0 1604
1767292061122 18211.2 1605
1767292062148 18210.5 1606
1767292063185 18212.6 1607
1767292064210 18214.7 1608
1767292065239 18213.7 1609
1767292066264 18216.3 1610
1767292067294 18215.8 1611
1767292068325 18218.8 1612
1767292069352 18215.2 1613
1767292070380 18215.9 1614
1767292071431 18214.1 1615
1767292072471 18207.4 1616
1767292073501 17963.0 1617
1767292074527 17959.2 1618
1767292075567 17957.9 1619
1767292076595 18108.6 1620
1767292077621 17963.4 1621
1767292078648 17962.8 1622
1767292079685 17960.9 1623
1767292080712 17967.7 1624
1767292081737 17964.1 1625
1767292082763 17963.3 1626
1767292083789 17963.9 1627
1767292084816 17970.5 1628
1767292085844 17969.0 1629
1767292086870 17969.2 1630
1767292090824 17968.8 1631
1767292091850 17968.7 1632
1767292092876 17970.3 1633
1767292093902 17970.0 1634
1767292094928 17967.9 1635
1767292095952 17971.4 1636
1767292096982 17961.1 1637
1767292098008 17963.2 1638
1767292099039 17963.0 1639
1767292100065 17965.6 1640
1767292101090 17965.5 1641
1767292102115 17964.7 1642
1767292103139 17971.0 1643
1767292104172 17973.3 1644
1767292105199 17971.7 1645
1767292106228 17974.9 1646
1767292107259 17980.5 1647
1767292108285 17975.9 1648
1767292109309 17977.4 1649
1767292110337 17975.6 1650
1767292111372 17979.4 1651
1767292112400 17982.3 1652
1767292113426 17978.7 1653
1767292114452 17976.8 1654
1767292115480 17979.2 1655
1767292116505 17977.9 1656
1767292117535 17977.5 1657
1767292118567 17979.4 1658
1767292119592 17980.9 1659
1767292120617 17979.7 1660
1767292121644 17979.7 1661
1767292125607 17974.8 1662
1767292126640 17968.6 1663
1767292127666 17970.4 1664
1767292128692 17968.3 1665
1767292129717 17967.0 1666
1767292130743 17971.1 1667
1767292131771 17969.0 1668
1767292132800 17972.4 1669
1767292133832 17976.0 1670
1767292134857 17972.1 1671
1767292135883 17970.6 1672
1767292136912 17973.4 1673
1767292137938 17971.9 1674
1767292138965 17970.9 1675
1767292140446 17978.8 1676
1767292141483 18221.3 1677
1767292142512 18203.1 1678
1767292143538 18202.3 1679
1767292144567 18188.0 1680
1767292145599 18191.5 1681
1767292146626 17961.0 1682
1767292147654 17965.9 1683
1767292148686 17976.0 1684
1767292149714 17972.4 1685
1767292150739 17972.2 1686
1767292151768 17974.5 1687
1767292152794 17977.8 1688
1767292153822 17977.8 1689
1767292154856 17977.5 1690
1767292155882 17977.3 1691
1767292156908 17977.2 1692
1767292160871 17976.2 1693
1767292161899 17958.9 1694
1767292162926 17963.5 1695
1767292163964 17981.3 1696
1767292164989 17969.9 1697
1767292166019 17972.3 1698
1767292167047 17976.4 1699
1767292168074 17981.0 1700
1767292169102 17978.8 1701
1767292170135 17977.9 1702
1767292171161 17968.7 1703
1767292172193 17977.4 1704
1767292173220 17977.7 1705
1767292174260 17974.3 1706
1767292175288 17980.2 1707
1767292176315 17979.2 1708
1767292177343 17975.8 1709
1767292178369 17982.4 1710
1767292179397 17974.6 1711
1767292180430 17980.5 1712
1767292181458 17983.7 1713
1767292182488 17984.2 1714
1767292183515 17982.2 1715
1767292184544 17986.0 1716
1767292185576 17984.1 1717
1767292186602 17977.4 1718
1767292187632 17980.0 1719
1767292188658 17982.3 1720
1767292189686 17974.8 1721
1767292190720 17967.3 1722
1767292191746 17967.1 1723
1767292195701 17968.1 1724
1767292196731 17966.4 1725
1767292197758 17968.8 1726
1767292198786 17967.3 1727
1767292199819 17967.8 1728
1767292200846 17961.0 1729
1767292201874 17966.0 1730
1767292202902 17964.6 1731
1767292203930 17964.3 1732
1767292204959 17965.9 1733
1767292205993 17967.9 1734
1767292207020 17956.6 1735
1767292208048 17962.7 1736
1767292209075 17963.8 1737
1767292210102 17955.0 1738
1767292211142 17955.3 1739
1767292212174 17954.1 1740
1767292213203 17947.3 1741
1767292214234 17957.2 1742
1767292215263 17959.2 1743
1767292216290 17611.2 1744
1767292217321 17609.6 1745
1767292218350 17610.1 1746
1767292219388 17610.3 1747
1767292220422 17608.3 1748
1767292221451 17608.3 1749
1767292222478 17613.4 1750
1767292223514 17613.6 1751
1767292224557 17616.3 1752
1767292225587 17616.6 1753
1767292226614 17617.6 1754
1767292230578 17616.8 1755
1767292231607 17617.3 1756
1767292232641 17617.3 1757
1767292233671 17617.3 1758
1767292234714 17617.3 1759
1767292235740 17619.7 1760
1767292236766 17619.7 1761
1767292237792 17616.4 1762
1767292238821 17616.4 1763
1767292239869 17616.6 1764
1767292240905 17615.7 1765
1767292241939 17616.8 1766
1767292242968 17617.0 1767
1767292243994 17615.2 1768
1767292245027 17615.0 1769
1767292246076 17612.8 1770
1767292247103 17612.9 1771
1767292248138 17616.5 1772
1767292249182 17614.4 1773
1767292250209 17614.9 1774
1767292251236 17613.9 1775
1767292252270 17612.8 1776
1767292253299 17612.8 1777
1767292254335 17613.0 1778
1767292255365 17613.0 1779
1767292256393 17614.3 1780
1767292257429 17614.3 1781
1767292258466 17616.2 1782
1767292259497 17616.2 1783
1767292260523 17615.9 1784
1767292261550 17618.7 1785
1767292262579 17618.7 1786
1767292266533 17618.7 1787
1767292267563 17621.1 1788
1767292268610 17623.6 1789
1767292269641 17625.7 1790
1767292270675 17625.7 1791
1767292271702 17624.6 1792
1767292272729 17624.9 1793
1767292273756 17625.7 1794
1767292274785 17625.3 1795
1767292275812 17625.1 1796
1767292276840 17625.1 1797
1767292277868 17625.4 1798
1767292278897 17622.4 1799
1767292279926 17622.2 1800
1767292280957 17622.4 1801
1767292282003 17622.7 1802
1767292283032 17622.7 1803
1767292284059 17620.5 1804
1767292285088 17620.6 1805
1767292286115 17622.4 1806
1767292287144 17622.4 1807
1767292288188 17622.9 1808
1767292289217 17624.1 1809
1767292290245 17624.9 1810
1767292291281 17624.9 1811
1767292292309 17626.3 1812
1767292293337 17626.3 1813
1767292294377 17627.3 1814
1767292295403 17627.3 1815
1767292296435 17627.2 1816
1767292297462 17627.2 1817
1767292301423 17627.3 1818
1767292302461 17626.7 1819
1767292303489 17625.7 1820
1767292304521 17625.7 1821
1767292305557 17627.2 1822
1767292306589 17627.2 1823
1767292307619 17623.6 1824
1767292308662 17623.5 1825
1767292309701 17623.5 1826
1767292310732 17623.5 1827
1767292311760 17621.8 1828
1767292312788 17621.6 1829
1767292313818 17621.1 1830
1767292314854 17621.1 1831
1767292315883 17620.4 1832
1767292316911 17620.3 1833
1767292317944 17618.5 1834
1767292318972 17618.4 1835
1767292320026 17618.8 1836
1767292321056 17619.0 1837
1767292322086 17621.0 1838
1767292323126 17620.4 1839
1767292324156 17619.7 1840
1767292325187 17619.7 1841
1767292326215 17618.7 1842
1767292327243 17617.0 1843
1767292328273 17617.1 1844
1767292329302 17617.1 1845
1767292330330 17617.4 1846
1767292331358 17617.4 1847
1767292332390 17621.7 1848
1767292336359 17621.7 1849
1767292337407 17623.0 1850
1767292338458 17623.0 1851
1767292339489 17624.5 1852
1767292340517 17626.2 1853
1767292341560 17626.5 1854
1767292342591 17626.5 1855
1767292343621 17626.5 1856
1767292344654 17626.2 1857
1767292345683 17624.1 1858
1767292346714 17623.9 1859
1767292347742 17623.2 1860
1767292348783 17622.8 1861
1767292349811 17624.0 1862
1767292350839 17625.6 1863
1767292351868 17626.4 1864
1767292352913 17626.4 1865
1767292353944 17626.1 1866
1767292354972 17626.3 1867
1767292356022 17626.3 1868
1767292357065 17608.6 1869
1767292358095 17609.7 1870
1767292359123 17613.7 1871
1767292360159 17612.6 1872
1767292361189 17614.4 1873
1767292362216 17616.0 1874
1767292363261 17616.2 1875
1767292364289 17616.2 1876
1767292365320 17616.2 1877
1767292366350 17619.2 1878
1767292367379 17619.2 1879
1767292371347 17620.8 1880
1767292372378 17622.8 1881
1767292373409 17621.0 1882
1767292374437 17621.2 1883
1767292375483 17622.1 1884
1767292376518 17622.0 1885
1767292377547 17622.0 1886
1767292378579 17620.5 1887
1767292379620 17619.6 1888
1767292380658 17619.6 1889
1767292381692 17617.9 1890
1767292382721 17617.8 1891
1767292383763 17613.7 1892
1767292384793 17613.7 1893
1767292385832 17614.9 1894
1767292386875 17614.9 1895
1767292387907 17614.7 1896
1767292388947 17614.2 1897
1767292389982 17614.2 1898
1767292391013 17614.2 1899
1767292392043 17615.4 1900
1767292393089 17615.2 1901
1767292394120 17615.5 1902
1767292395152 17615.5 1903
1767292396194 17616.2 1904
1767292397223 17616.2 1905
1767292398256 17615.1 1906
1767292399293 17617.2 1907
1767292400330 17610.0 1908
1767292401361 17610.0 1909
1767292402392 17609.8 1910
1767292403431 17609.7 1911
1767292407387 17611.2 1912
1767292408419 17611.2 1913
1767292409449 17611.7 1914
1767292410496 17611.7 1915
1767292411528 17611.9 1916
1767292412873 17611.7 1917
1767292413904 17610.1 1918
1767292414936 17611.9 1919
1767292415980 17611.9 1920
1767292417013 17609.7 1921
1767292418044 17609.7 1922
1767292419094 17610.8 1923
1767292420124 17610.8 1924
1767292421162 17611.8 1925
1767292422194 17611.3 1926
1767292423223 17613.2 1927
1767292424264 17613.2 1928
1767292425295 17613.1 1929
1767292426327 17613.1 1930
1767292427371 17611.8 1931
1767292428399 17611.8 1932
1767292429429 17611.8 1933
1767292430459 17611.8 1934
1767292431489 17611.8 1935
1767292432536 17614.6 1936
1767292433582 17610.0 1937
1767292434629 17610.0 1938
1767292435658 17608.7 1939
1767292436690 17610.6 1940
1767292437722 17613.3 1941
1767292441681 17613.0 1942
1767292442711 17612.9 1943
1767292443753 17612.9 1944
1767292444792 17611.6 1945
1767292445822 17610.6 1946
1767292446861 17611.7 1947
1767292447903 17611.7 1948
1767292448937 17611.9 1949
1767292449965 17613.8 1950
1767292450994 17613.3 1951
1767292452040 17613.3 1952
1767292453073 17613.3 1953
1767292454109 17613.3 1954
1767292455144 17612.4 1955
1767292456178 17612.4 1956
1767292457207 17614.3 1957
1767292458236 17614.3 1958
1767292459274 17614.5 1959
1767292460324 17613.8 1960
1767292461368 17615.1 1961
1767292462420 17615.1 1962
1767292463451 17614.1 1963
1767292464484 17614.3 1964
1767292465515 17614.0 1965
1767292466545 17613.8 1966
1767292467585 17614.8 1967
1767292468623 17615.1 1968
1767292469663 17616.6 1969
1767292470692 17622.3 1970
1767292471722 17624.1 1971
1767292472754 17624.1 1972
1767292473786 17624.6 1973
1767292477747 17625.1 1974
1767292478778 17621.7 1975
1767292479819 17621.5 1976
1767292480852 17621.8 1977
1767292481882 17621.8 1978
1767292482914 17621.8 1979
1767292483944 17621.2 1980
1767292484974 17622.0 1981
1767292486006 17622.0 1982
1767292487037 17622.2 1983
1767292488066 17622.0 1984
1767292489095 17618.8 1985
1767292490138 17618.8 1986
1767292491170 17619.0 1987
1767292492202 17619.0 1988
1767292493232 17617.7 1989
1767292494275 17618.0 1990
1767292495305 17619.8 1991
1767292496338 17619.8 1992
1767292497370 17621.6 1993
1767292498402 17624.4 1994
1767292499445 17623.4 1995
1767292500475 17623.4 1996
1767292501523 17623.7 1997
1767292502563 17623.6 1998
1767292503592 17624.8 1999
1767292504626 17624.6 2000
1767292505671 17624.0 2001
1767292506701 17624.1 2002
1767292507736 17624.1 2003
1767292508787 17622.1 2004
1767292512749 17623.6 2005
1767292513780 17623.8 2006
1767292514810 17623.8 2007
1767292515840 17623.5 2008
1767292516870 17621.9 2009
1767292517924 17621.9 2010
1767292518954 17621.9 2011
1767292519996 17621.9 2012
1767292521027 17621.7 2013
1767292522065 17620.3 2014
1767292523095 17619.0 2015
1767292524128 17619.0 2016
1767292525157 17619.0 2017
1767292526193 17619.0 2018
1767292527226 17619.0 2019
1767292528271 17620.9 2020
1767292529314 17620.9 2021
1767292530347 17620.9 2022
1767292531382 17618.6 2023
1767292532417 17618.8 2024
1767292533450 17618.6 2025
1767292534483 17618.6 2026
1767292535532 17618.6 2027
1767292536570 17618.6 2028
1767292537600 17619.7 2029
1767292538631 17619.9 2030
1767292539665 17619.4 2031
1767292540696 17619.4 2032
1767292541726 17620.6 2033
1767292542759 17620.4 2034
1767292543793 17621.9 2035
1767292547758 17621.9 2036
1767292548793 17622.7 2037
1767292549824 17623.2 2038
1767292550858 17625.5 2039
1767292551901 17623.4 2040
1767292552931 17623.4 2041
1767292553965 17628.0 2042
1767292554996 17624.1 2043
1767292556029 17623.3 2044
1767292557061 17622.3 2045
1767292558092 17622.8 2046
1767292559124 17623.0 2047
1767292560155 17623.4 2048
1767292561188 17624.7 2049
1767292562218 17623.1 2050
1767292563249 17622.9 2051
1767292564280 17622.2 2052
1767292565311 17619.6 2053
1767292566341 17619.5 2054
1767292567372 17619.6 2055
1767292568405 17618.2 2056
1767292569435 17618.2 2057
1767292570468 17619.3 2058
1767292571501 17623.4 2059
1767292572536 17623.4 2060
1767292573572 17623.9 2061
1767292574607 17623.9 2062
1767292575647 17620.4 2063
1767292576682 17620.7 2064
1767292577997 17620.7 2065
1767292579029 17620.7 2066
1767292582987 17620.4 2067
1767292584018 17620.7 2068
1767292585054 17620.7 2069
1767292586087 17621.2 2070
1767292587117 17621.2 2071
1767292588150 17623.9 2072
1767292589184 17623.7 2073
1767292590218 17623.7 2074
1767292591249 17623.7 2075
1767292592285 17622.4 2076
1767292593331 17624.0 2077
1767292594363 17626.6 2078
1767292595395 17626.6 2079
1767292596425 17626.8 2080
1767292597457 17626.8 2081
1767292598491 17623.5 2082
1767292599521 17623.5 2083
1767292600554 17621.8 2084
1767292601602 17621.8 2085
1767292602649 17620.4 2086
1767292603689 17622.7 2087
1767292604720 17624.2 2088
1767292605772 17624.2 2089
1767292606804 17625.5 2090
1767292607835 17625.5 2091
1767292608867 17629.8 2092
1767292609898 17629.8 2093
1767292610932 17629.8 2094
1767292611967 17630.1 2095
1767292612999 17630.6 2096
1767292614032 17629.5 2097
1767292617993 17630.1 2098
1767292619028 17629.8 2099
1767292620059 17630.0 2100
1767292621094 17630.0 2101
1767292622126 17628.9 2102
1767292623157 17629.1 2103
1767292624200 17630.6 2104
1767292625233 17630.6 2105
1767292626267 17633.1 2106
1767292627311 17630.1 2107
1767292628352 17632.7 2108
1767292629394 17632.7 2109
1767292630426 17631.3 2110
1767292631459 17630.2 2111
1767292632502 17630.4 2112
1767292633547 17630.4 2113
1767292634580 17629.7 2114
1767292635616 17629.7 2115
1767292636647 17627.5 2116
1767292637680 17627.5 2117
1767292638711 17628.0 2118
1767292639743 17627.8 2119
1767292640777 17625.4 2120
1767292641808 17625.7 2121
1767292642853 17625.7 2122
1767292643904 17625.7 2123
1767292644939 17625.4 2124
1767292645973 17625.4 2125
1767292647004 17623.1 2126
1767292648041 17623.1 2127
1767292649086 17626.4 2128
1767292653053 17624.3 2129
1767292654089 17624.3 2130
1767292655128 17621.8 2131
1767292656165 17621.7 2132
1767292657199 17621.7 2133
1767292658231 17621.7 2134
1767292659264 17621.9 2135
1767292660297 17622.3 2136
1767292661329 17622.2 2137
1767292662362 17622.4 2138
1767292663395 17622.4 2139
1767292664428 17626.5 2140
1767292665472 17627.3 2141
1767292666504 17626.6 2142
1767292667538 17626.5 2143
1767292668572 17626.2 2144
1767292669604 17626.2 2145
1767292670639 17625.7 2146
1767292671673 17625.7 2147
1767292672709 17628.3 2148
1767292673746 17628.3 2149
1767292674791 17625.4 2150
1767292675829 17625.6 2151
1767292676861 17626.4 2152
1767292677895 17626.4 2153
1767292678928 17626.9 2154
1767292679962 17626.6 2155
1767292681000 17627.3 2156
1767292682033 17627.3 2157
1767292683066 17627.0 2158
1767292684099 17628.3 2159
1767292688058 17627.6 2160
1767292689110 17629.3 2161
1767292690144 17628.5 2162
1767292691178 17628.5 2163
1767292692211 17628.8 2164
1767292693245 17630.6 2165
1767292694278 17630.6 2166
1767292695311 17632.4 2167
1767292696345 17634.2 2168
1767292697380 17626.1 2169
1767292698415 17625.7 2170
1767292699455 17625.6 2171
1767292700492 17625.2 2172
1767292701529 17624.5 2173
1767292702574 17624.4 2174
1767292703613 17623.4 2175
1767292704673 17623.4 2176
1767292705718 17622.0 2177
1767292706756 17623.9 2178
1767292707799 17621.7 2179
1767292708834 17621.7 2180
1767292709866 17620.4 2181
1767292710899 17620.4 2182
1767292711932 17620.4 2183
1767292712966 17620.4 2184
1767292714004 17619.5 2185
1767292715045 17619.4 2186
1767292716091 17619.9 2187
1767292717127 17619.9 2188
1767292718169 17617.2 2189
1767292719202 17617.0 2190
1767292723176 17615.5 2191
1767292724219 17615.2 2192
1767292725256 17614.5 2193
1767292726289 17614.5 2194
1767292727323 17615.0 2195
1767292728357 17615.0 2196
1767292729390 17614.7 2197
1767292730433 17619.1 2198
1767292731467 17618.3 2199
1767292732500 17618.3 2200
1767292733539 17617.9 2201
1767292734586 17617.9 2202
1767292735644 17618.3 2203
1767292736683 17618.3 2204
1767292737716 17616.0 2205
1767292738748 17616.0 2206
1767292739800 17615.7 2207
1767292740835 17615.7 2208
1767292741868 17615.7 2209
1767292742902 17615.7 2210
1767292743937 17615.7 2211
1767292744969 17615.7 2212
1767292746003 17615.7 2213
1767292747036 17615.7 2214
1767292748078 17616.4 2215
1767292749115 17616.4 2216
1767292750153 17620.0 2217
1767292751186 17620.0 2218
1767292752220 17619.2 2219
1767292753254 17619.2 2220
1767292754299 17620.8 2221
1767292758260 17620.5 2222
1767292759298 17620.8 2223
1767292760332 17620.8 2224
1767292761368 17620.5 2225
1767292762410 17619.3 2226
1767292763450 17622.9 2227
1767292764486 17622.9 2228
1767292765532 17622.4 2229
1767292766567 17622.4 2230
1767292767604 17623.9 2231
1767292768638 17623.9 2232
1767292769676 17625.2 2233
1767292770709 17625.2 2234
1767292771748 17625.7 2235
1767292773063 17625.7 2236
1767292774096 17627.0 2237
1767292775129 17624.0 2238
1767292776164 17623.6 2239
1767292777201 17622.3 2240
1767292778237 17622.1 2241
1767292779285 17622.6 2242
1767292780324 17622.3 2243
1767292781370 17621.6 2244
1767292782404 17621.5 2245
1767292783439 17623.8 2246
1767292784477 17623.7 2247
1767292785512 17622.1 2248
1767292786551 17622.1 2249
1767292787590 17622.6 2250
1767292788631 17622.6 2251
1767292789685 17622.1 2252
1767292793661 17622.4 2253
1767292794700 17620.8 2254
1767292795734 17620.8 2255
1767292796770 17621.8 2256
1767292797806 17621.8 2257
1767292798845 17620.2 2258
1767292799886 17620.2 2259
1767292800926 17619.7 2260
1767292801964 17619.7 2261
1767292803002 17620.7 2262
1767292804041 17620.7 2263
1767292805085 17622.3 2264
1767292806129 17622.3 2265
1767292807164 17625.9 2266
1767292808199 17625.9 2267
1767292809235 17625.3 2268
1767292810288 17625.3 2269
1767292811324 17626.2 2270
1767292812375 17626.4 2271
1767292813412 17625.8 2272
1767292814446 17625.8 2273
1767292815480 17626.1 2274
1767292816518 17626.1 2275
1767292817553 17628.7 2276
1767292818589 17626.8 2277
1767292819635 17626.6 2278
1767292820671 17626.6 2279
1767292821707 17628.1 2280
1767292822744 17626.0 2281
1767292823784 17627.7 2282
1767292824823 17627.7 2283
1767292828807 17628.8 2284
1767292829844 17628.7 2285
1767292830880 17630.0 2286
1767292831917 17630.0 2287
1767292832954 17629.7 2288
1767292833993 17630.0 2289
1767292835039 17629.5 2290
1767292836075 17629.5 2291
1767292837122 17630.5 2292
1767292838159 17630.8 2293
1767292839205 17631.0 2294
1767292840241 17630.8 2295
1767292841281 17631.3 2296
1767292842321 17631.3 2297
1767292843368 17632.8 2298
1767292844403 17632.5 2299
1767292845437 17631.5 2300
1767292846476 17631.5 2301
1767292847511 17632.0 2302
1767292848546 17632.0 2303
1767292849581 17632.0 2304
1767292850615 17632.0 2305
1767292851649 17629.9 2306
1767292852683 17629.9 2307
1767292853722 17629.9 2308
1767292854759 17629.9 2309
1767292855805 17630.4 2310
1767292856839 17630.4 2311
1767292857877 17630.1 2312
1767292858927 17630.6 2313
1767292859962 17629.9 2314
1767292863919 17621.2 2315
1767292864954 17619.6 2316
1767292865989 17620.0 2317
1767292867041 17620.6 2318
1767292868078 17620.8 2319
1767292869121 17620.8 2320
1767292870155 17620.8 2321
1767292871211 17620.8 2322
1767292872248 17622.3 2323
1767292873294 17622.1 2324
1767292874613 17609.7 2325
1767292875649 17610.2 2326
1767292876697 17611.1 2327
1767292877733 17611.0 2328
1767292878786 17611.2 2329
1767292879822 17611.2 2330
1767292880868 17611.2 2331
1767292881912 17611.2 2332
1767292882973 17611.2 2333
1767292884016 17611.0 2334
1767292885050 17601.8 2335
1767292886086 17602.0 2336
1767292887125 17599.9 2337
1767292888162 17599.9 2338
1767292889201 17595.5 2339
1767292890240 17595.8 2340
1767292891286 17595.5 2341
1767292892326 17595.5 2342
1767292893362 17595.5 2343
1767292894398 17595.5 2344
1767292895437 17586.5 2345
1767292899429 17586.5 2346
1767292900466 17586.5 2347
1767292901521 17586.5 2348
1767292902558 17587.3 2349
1767292903603 17587.3 2350
1767292904641 17588.8 2351
1767292905677 17588.8 2352
1767292906718 17588.8 2353
1767292907754 17575.5 2354
1767292908791 17575.5 2355
1767292909826 17575.2 2356
1767292910863 17575.5 2357
1767292911900 17575.5 2358
1767292912936 17577.5 2359
1767292913973 17577.7 2360
1767292915011 17578.0 2361
1767292916047 17578.0 2362
1767292917094 17578.0 2363
1767292918139 17571.3 2364
1767292919184 17570.4 2365
1767292920219 17570.2 2366
1767292921254 17570.2 2367
1767292922290 17570.2 2368
1767292923330 17571.3 2369
1767292924377 17571.3 2370
1767292925429 17569.7 2371
1767292926467 17570.4 2372
1767292927507 17570.4 2373
1767292928549 17570.4 2374
1767292929586 17570.6 2375
1767292930621 17570.6 2376
1767292934601 17570.9 2377
1767292935643 17570.9 2378
1767292936679 17570.9 2379
1767292937717 17570.9 2380
1767292938753 17570.9 2381
1767292939793 17570.9 2382
1767292940830 17570.9 2383
1767292941867 17570.8 2384
1767292943222 17570.8 2385
1767292944257 17570.6 2386
1767292945293 17570.8 2387
1767292946335 17570.8 2388
1767292947372 17570.8 2389
1767292948411 17570.1 2390
1767292949449 17570.0 2391
1767292950489 17569.0 2392
1767292951527 17568.8 2393
1767292952564 17568.4 2394
1767292953604 17568.4 2395
1767292954642 17570.3 2396
1767292955698 17570.3 2397
1767292956736 17570.8 2398
1767292957785 17570.8 2399
1767292958827 17571.2 2400
1767292959884 17571.3 2401
1767292960931 17571.7 2402
1767292961987 17571.5 2403
1767292963024 17571.0 2404
1767292964065 17571.0 2405
1767292965101 17568.9 2406
1767292966139 17568.9 2407
1767292970108 17569.4 2408
1767292971150 17569.4 2409
1767292972195 17570.0 2410
1767292973236 17570.0 2411
1767292974275 17571.2 2412
1767292975313 17573.3 2413
1767292976349 17572.7 2414
1767292977384 17572.7 2415
1767292978420 17573.0 2416
1767292979459 17573.0 2417
1767292980497 17573.0 2418
1767292981534 17573.0 2419
1767292982571 17572.7 2420
1767292983624 17572.7 2421
1767292984664 17573.0 2422
1767292985723 17572.9 2423
1767292986770 17572.9 2424
1767292987806 17572.2 2425
1767292988843 17572.2 2426
1767292989883 17572.2 2427
1767292990920 17572.2 2428
1767292991958 17572.9 2429
1767292992995 17572.9 2430
1767292994034 17574.0 2431
1767292995073 17574.2 2432
1767292996111 17573.4 2433
1767292997150 17573.4 2434
1767292998186 17573.4 2435
1767292999223 17573.4 2436
1767293000261 17572.4 2437
1767293001300 17572.4 2438
1767293005269 17572.3 2439
1767293006307 17572.3 2440
1767293007342 17571.3 2441
1767293008389 17571.0 2442
1767293009438 17570.3 2443
1767293010475 17570.5 2444
1767293011513 17570.5 2445
1767293012548 17570.0 2446
1767293013609 17570.2 2447
1767293014644 17570.2 2448
1767293015681 17570.0 2449
1767293016722 17570.0 2450
1767293017760 17568.7 2451
1767293018800 17568.7 2452
1767293019836 17568.9 2453
1767293020873 17564.9 2454
1767293021916 17565.1 2455
1767293022955 17565.1 2456
1767293023993 17565.1 2457
1767293025035 17565.1 2458
1767293026072 17565.3 2459
1767293027113 17565.3 2460
1767293028157 17565.8 2461
1767293029193 17562.7 2462
1767293030242 17563.2 2463
1767293031277 17563.2 2464
1767293032333 17563.8 2465
1767293033380 17564.0 2466
1767293034419 17565.5 2467
1767293035459 17565.3 2468
1767293036497 17565.3 2469
1767293040483 17565.5 2470
1767293041520 17565.5 2471
1767293042556 17565.5 2472
1767293043593 17565.5 2473
1767293044629 17563.4 2474
1767293045667 17563.4 2475
1767293046705 17563.4 2476
1767293047746 17562.6 2477
1767293048795 17562.6 2478
1767293049834 17562.9 2479
1767293050874 17563.1 2480
1767293051913 17562.9 2481
1767293052964 17560.6 2482
1767293054003 17561.9 2483
1767293055039 17561.9 2484
1767293056078 17562.2 2485
1767293057118 17562.2 2486
1767293058160 17563.7 2487
1767293059200 17563.7 2488
1767293060237 17565.2 2489
1767293061274 17565.2 2490
1767293062316 17565.2 2491
1767293063358 17567.3 2492
1767293064398 17568.1 2493
1767293065437 17568.1 2494
1767293066475 17569.4 2495
1767293067512 17569.4 2496
1767293068564 17570.7 2497
1767293069603 17571.2 2498
1767293070644 17570.4 2499
1767293071681 17571.2 2500
1767293075646 17571.7 2501
1767293076686 17571.7 2502
1767293077724 17571.7 2503
1767293078761 17571.7 2504
1767293079798 17571.7 2505
1767293080839 17569.3 2506
1767293081878 17569.6 2507
1767293082916 17569.6 2508
1767293083955 17569.5 2509
1767293084993 17569.5 2510
1767293086031 17570.7 2511
1767293087094 17570.6 2512
1767293088133 17570.6 2513
1767293089171 17570.6 2514
1767293090208 17570.3 2515
1767293091249 17569.6 2516
1767293092286 17569.5 2517
1767293093331 17568.9 2518
1767293094376 17568.7 2519
1767293095416 17567.7 2520
1767293096455 17567.4 2521
1767293097496 17566.3 2522
1767293098543 17566.3 2523
1767293099583 17566.1 2524
1767293100628 17566.4 2525
1767293101671 17567.2 2526
1767293102707 17567.2 2527
1767293103745 17568.7 2528
1767293104783 17568.7 2529
1767293105823 17569.5 2530
1767293106863 17571.7 2531
1767293110832 17568.6 2532
1767293111873 17568.6 2533
1767293112912 17568.6 2534
1767293113951 17568.8 2535
1767293114989 17568.8 2536
1767293116027 17569.1 2537
1767293117068 17568.8 2538
1767293118106 17568.6 2539
1767293119160 17568.3 2540
1767293120196 17565.3 2541
1767293121235 17563.4 2542
1767293122273 17563.7 2543
1767293123326 17563.7 2544
1767293124365 17563.7 2545
1767293125411 17561.7 2546
1767293126453 17561.6 2547
1767293127493 17561.2 2548
1767293128532 17561.1 2549
1767293129572 17559.3 2550
1767293130610 17557.5 2551
1767293131650 17557.4 2552
1767293132690 17557.1 2553
1767293133729 17557.1 2554
1767293134768 17557.1 2555
1767293135815 17557.6 2556
1767293136871 17557.6 2557
1767293137909 17558.2 2558
1767293138947 17558.2 2559
1767293139987 17558.7 2560
1767293141026 17559.2 2561
1767293142063 17558.6 2562
1767293146353 17558.6 2563
1767293147413 17560.2 2564
1767293148455 17561.5 2565
1767293149497 17561.7 2566
1767293150560 17561.5 2567
1767293151602 17561.5 2568
1767293152659 17563.7 2569
1767293153707 17565.8 2570
1767293154746 17563.7 2571
1767293155788 17563.7 2572
1767293156827 17565.2 2573
1767293157865 17565.2 2574
1767293158910 17565.1 2575
1767293159949 17565.0 2576
1767293160991 17565.5 2577
1767293162031 17565.5 2578
1767293163070 17564.1 2579
1767293164113 17563.9 2580
1767293165155 17563.1 2581
1767293166215 17563.1 2582
1767293167266 17564.1 2583
1767293168305 17564.1 2584
1767293169361 17563.4 2585
1767293170408 17563.4 2586
1767293171448 17563.9 2587
1767293172492 17563.9 2588
1767293173533 17563.6 2589
1767293174593 17565.7 2590
1767293175631 17563.0 2591
1767293176671 17563.0 2592
1767293180641 17564.3 2593
1767293181679 17564.3 2594
1767293182720 17565.4 2595
1767293183765 17565.4 2596
1767293184804 17564.9 2597
1767293185845 17565.0 2598
1767293186885 17565.1 2599
1767293187924 17565.0 2600
1767293188963 17564.7 2601
1767293190008 17564.7 2602
1767293191048 17566.2 2603
1767293192087 17566.0 2604
1767293193126 17567.3 2605
1767293194167 17567.3 2606
1767293195208 17568.6 2607
1767293196247 17568.5 2608
1767293197288 17568.3 2609
1767293198332 17567.2 2610
1767293199374 17566.2 2611
1767293200433 17565.2 2612
1767293201473 17564.9 2613
1767293202513 17564.9 2614
1767293203559 17564.9 2615
1767293204617 17564.7 2616
1767293205656 17564.9 2617
1767293206695 17563.8 2618
1767293207740 17565.9 2619
1767293208778 17564.7 2620
1767293209824 17564.8 2621
1767293210865 17566.1 2622
1767293211905 17566.1 2623
1767293215877 17565.6 2624
1767293216920 17565.3 2625
1767293217979 17565.7 2626
1767293219043 17565.6 2627
1767293220088 17565.4 2628
1767293221132 17567.7 2629
1767293222182 17565.6 2630
1767293223222 17566.1 2631
1767293224261 17565.8 2632
1767293225303 17565.8 2633
1767293226342 17565.8 2634
1767293227383 17565.8 2635
1767293228434 17566.2 2636
1767293229484 17566.0 2637
1767293230523 17566.5 2638
1767293231565 17569.1 2639
1767293232605 17568.5 2640
1767293233651 17568.5 2641
1767293234690 17570.1 2642
1767293235739 17570.1 2643
1767293236803 17569.8 2644
1767293237845 17569.8 2645
1767293238889 17571.1 2646
1767293239942 17571.1 2647
1767293240987 17572.6 2648
1767293242029 17574.7 2649
1767293243080 17572.6 2650
1767293244119 17572.6 2651
1767293245160 17572.8 2652
1767293246482 17572.8 2653
1767293247524 17572.0 2654
1767293251490 17571.4 2655
1767293252531 17571.2 2656
1767293253597 17570.4 2657
1767293254637 17572.5 2658
1767293255680 17569.4 2659
1767293256723 17569.4 2660
1767293257772 17569.0 2661
1767293258818 17568.8 2662
1767293259864 17568.8 2663
1767293260912 17568.8 2664
1767293261953 17568.8 2665
1767293262997 17568.8 2666
1767293264042 17567.6 2667
1767293265082 17567.5 2668
1767293266124 17569.3 2669
1767293267162 17569.3 2670
1767293268206 17570.8 2671
1767293269267 17570.8 2672
1767293270308 17570.4 2673
1767293271351 17570.6 2674
1767293272390 17570.8 2675
1767293273445 17570.8 2676
1767293274491 17570.3 2677
1767293275541 17570.3 2678
1767293276589 17571.1 2679
1767293277628 17570.7 2680
1767293278667 17571.4 2681
1767293279718 17571.4 2682
1767293280766 17571.8 2683
1767293281809 17571.8 2684
1767293282849 17573.2 2685
1767293286825 17573.2 2686
1767293287879 17572.9 2687
1767293288933 17572.7 2688
1767293289990 17570.9 2689
1767293291039 17570.6 2690
1767293292087 17569.6 2691
1767293293128 17569.1 2692
1767293294171 17567.7 2693
1767293295212 17567.5 2694
1767293296257 17566.2 2695
1767293297302 17566.2 2696
1767293298346 17565.5 2697
1767293299387 17565.4 2698
1767293300434 17564.3 2699
1767293301477 17564.3 2700
1767293302520 17563.6 2701
1767293303562 17564.7 2702
1767293304606 17564.6 2703
1767293305650 17564.8 2704
1767293306695 17564.8 2705
1767293307739 17565.9 2706
1767293308786 17568.2 2707
1767293309831 17567.5 2708
1767293310877 17567.7 2709
1767293311918 17567.0 2710
1767293312959 17567.2 2711
1767293314004 17567.1 2712
1767293315046 17567.1 2713
1767293316088 17565.1 2714
1767293317130 17565.1 2715
1767293318171 17565.1 2716
1767293322155 17565.0 2717
1767293323195 17564.9 2718
1767293324240 17564.8 2719
1767293325279 17565.3 2720
1767293326321 17565.3 2721
1767293327364 17565.1 2722
1767293328407 17565.3 2723
1767293329450 17566.5 2724
1767293330495 17566.5 2725
1767293331538 17564.5 2726
1767293332582 17566.6 2727
1767293333623 17565.2 2728
1767293334664 17565.2 2729
1767293335705 17565.7 2730
1767293336748 17565.7 2731
1767293337798 17565.4 2732
1767293338839 17565.4 2733
1767293339881 17565.7 2734
1767293340924 17565.7 2735
1767293341969 17566.2 2736
1767293343010 17568.0 2737
1767293344052 17565.2 2738
1767293345093 17565.6 2739
1767293346136 17566.3 2740
1767293347181 17566.7 2741
1767293348223 17566.7 2742
1767293349266 17566.7 2743
1767293350604 17566.4 2744
1767293351644 17567.2 2745
1767293352689 17568.7 2746
1767293356671 17567.9 2747
1767293357714 17566.3 2748
1767293358758 17567.0 2749
1767293359810 17567.1 2750
1767293360853 17567.9 2751
1767293361914 17567.9 2752
1767293362957 17567.9 2753
1767293364000 17567.9 2754
1767293365047 17567.9 2755
1767293366093 17569.9 2756
1767293367133 17567.2 2757
1767293368183 17567.0 2758
1767293369247 17567.0 2759
1767293370300 17567.0 2760
1767293371360 17567.4 2761
1767293372401 17567.0 2762
1767293373445 17567.8 2763
1767293374491 17567.8 2764
1767293375533 17569.3 2765
1767293376577 17571.4 2766
1767293377620 17568.8 2767
1767293378662 17568.8 2768
1767293379704 17568.8 2769
1767293380767 17569.0 2770
1767293381813 17569.5 2771
1767293382865 17569.5 2772
1767293383907 17569.5 2773
1767293384953 17569.8 2774
1767293386004 17570.0 2775
1767293387048 17570.2 2776
1767293388098 17569.5 2777
1767293392075 17569.4 2778
1767293393120 17570.4 2779
1767293394161 17570.4 2780
1767293395217 17569.6 2781
1767293396280 17569.6 2782
1767293397321 17569.6 2783
1767293398363 17569.6 2784
1767293399405 17571.5 2785
1767293400446 17571.5 2786
1767293401487 17569.4 2787
1767293402530 17569.4 2788
1767293403592 17569.6 2789
1767293404656 17569.6 2790
1767293405699 17569.9 2791
1767293406742 17569.9 2792
1767293407789 17573.7 2793
1767293408831 17574.7 2794
1767293409873 17578.3 2795
1767293410915 17577.8 2796
1767293411956 17577.3 2797
1767293413007 17577.7 2798
1767293414050 17577.2 2799
1767293415091 17577.1 2800
1767293416135 17576.6 2801
1767293417176 17575.9 2802
1767293418216 17573.3 2803
1767293419267 17572.7 2804
1767293420308 17574.8 2805
1767293421352 17572.2 2806
1767293422394 17572.2 2807
1767293423438 17571.6 2808
1767293427406 17571.3 2809
1767293428448 17570.6 2810
1767293429490 17570.5 2811
1767293430531 17570.2 2812
1767293431577 17570.0 2813
1767293432620 17571.6 2814
1767293433666 17573.4 2815
1767293434708 17569.3 2816
1767293435755 17568.1 2817
1767293436803 17568.0 2818
1767293437846 17568.0 2819
1767293438889 17568.3 2820
1767293439933 17568.3 2821
1767293440975 17566.2 2822
1767293442016 17566.2 2823
1767293443059 17568.5 2824
1767293444103 17568.2 2825
1767293445144 17567.0 2826
1767293446186 17569.7 2827
1767293447245 17568.7 2828
1767293448290 17568.7 2829
1767293449334 17568.7 2830
1767293450375 17568.7 2831
1767293451441 17570.7 2832
1767293452485 17570.8 2833
1767293453533 17574.4 2834
1767293454596 17572.3 2835
1767293455639 17573.1 2836
1767293456685 17572.8 2837
1767293457729 17574.3 2838
1767293458771 17574.3 2839
1767293462745 17574.4 2840
1767293463791 17576.3 2841
1767293464834 17577.5 2842
1767293465876 17577.1 2843
1767293466919 17579.9 2844
1767293467961 17577.8 2845
1767293469004 17578.7 2846
1767293470047 17578.5 2847
1767293471093 17577.2 2848
1767293472166 17579.0 2849
1767293473212 17576.9 2850
1767293474254 17577.2 2851
1767293475297 17577.2 2852
1767293476340 17577.8 2853
1767293477383 17579.8 2854
1767293478431 17577.8 2855
1767293479474 17577.8 2856
1767293480515 17577.4 2857
1767293481560 17577.4 2858
1767293482602 17577.0 2859
1767293483654 17576.9 2860
1767293484696 17578.1 2861
1767293485741 17578.4 2862
1767293487076 17578.4 2863
1767293488127 17580.5 2864
1767293489170 17579.1 2865
1767293490213 17579.1 2866
1767293491258 17578.6 2867
1767293492308 17578.6 2868
1767293493371 17578.8 2869
1767293497332 17578.8 2870
1767293498375 17579.4 2871
1767293499418 17577.3 2872
1767293500480 17580.9 2873
1767293501530 17580.9 2874
1767293502578 17575.9 2875
1767293503634 17575.8 2876
1767293504679 17574.4 2877
1767293505723 17574.3 2878
1767293506768 17575.3 2879
1767293507813 17577.3 2880
1767293508861 17577.3 2881
1767293509905 17578.3 2882
1767293510950 17580.8 2883
1767293511994 17579.2 2884
1767293513036 17579.5 2885
1767293514079 17579.8 2886
1767293515121 17579.8 2887
1767293516178 17579.7 2888
1767293517222 17579.7 2889
1767293518265 17580.7 2890
1767293519308 17580.7 2891
1767293520360 17583.1 2892
1767293521405 17585.6 2893
1767293522448 17584.0 2894
1767293523490 17584.0 2895
1767293524549 17583.7 2896
1767293525589 17583.5 2897
1767293526632 17583.5 2898
1767293527679 17583.7 2899
1767293528735 17583.7 2900
1767293532717 17583.7 2901
1767293533761 17583.7 2902
1767293534803 17585.8 2903
1767293535846 17582.9 2904
1767293536899 17582.9 2905
1767293537940 17582.6 2906
1767293539003 17582.6 2907
1767293540050 17582.1 2908
1767293541093 17581.1 2909
1767293542137 17581.4 2910
1767293543181 17581.1 2911
1767293544225 17578.8 2912
1767293545270 17578.7 2913
1767293546315 17575.1 2914
1767293547358 17575.1 2915
1767293548400 17574.2 2916
1767293549445 17574.2 2917
1767293550491 17574.5 2918
1767293551537 17574.5 2919
1767293552583 17572.8 2920
1767293553626 17572.6 2921
1767293554674 17573.8 2922
1767293555717 17571.1 2923
1767293556781 17570.3 2924
1767293557835 17570.3 2925
1767293558883 17571.3 2926
1767293559931 17572.2 2927
1767293560978 17571.8 2928
1767293562028 17572.0 2929
1767293563381 17571.8 2930
1767293564425 17572.2 2931
1767293568398 17574.1 2932
1767293569451 17573.8 2933
1767293570494 17573.7 2934
1767293571539 17573.0 2935
1767293572583 17574.5 2936
1767293573628 17574.2 2937
1767293574672 17573.1 2938
1767293575718 17573.3 2939
1767293576777 17573.3 2940
1767293577830 17575.6 2941
1767293578874 17573.5 2942
1767293579922 17573.3 2943
1767293580966 17573.3 2944
1767293582020 17573.5 2945
1767293583065 17573.5 2946
1767293584131 17574.0 2947
1767293585188 17574.0 2948
1767293586232 17574.0 2949
1767293587283 17574.0 2950
1767293588346 17575.8 2951
1767293589392 17573.4 2952
1767293590441 17572.4 2953
1767293591486 17573.4 2954
1767293592538 17573.2 2955
1767293593584 17572.9 2956
1767293594632 17572.9 2957
1767293595675 17573.7 2958
1767293596721 17573.9 2959
1767293597766 17575.1 2960
1767293598823 17579.1 2961
1767293602808 17579.7 2962
1767293603855 17579.4 2963
1767293604899 17577.3 2964
1767293605943 17564.5 2965
1767293606988 17567.0 2966
1767293608048 17566.2 2967
1767293609097 17566.3 2968
1767293610143 17566.4 2969
1767293611187 17566.4 2970
1767293612237 17566.4 2971
1767293613286 17566.4 2972
1767293614333 17565.3 2973
1767293615378 17565.6 2974
1767293616738 17565.6 2975
1767293617784 17567.1 2976
1767293618832 17677.1 2977
1767293619881 17715.1 2978
1767293620932 17791.1 2979
1767293621981 17792.1 2980
1767293623026 17792.1 2981
1767293624076 17793.9 2982
1767293625127 17795.2 2983
1767293626179 17811.2 2984
1767293627224 17863.5 2985
1767293628270 17864.5 2986
1767293629321 17867.1 2987
1767293630366 17870.9 2988
1767293631410 17872.7 2989
1767293632455 17874.6 2990
1767293633500 17875.1 2991
1767293634548 17877.1 2992
1767293638523 17800.7 2993
1767293639568 17765.9 2994
1767293640615 17766.7 2995
1767293641673 17766.7 2996
1767293642725 17768.4 2997
1767293643782 17768.6 2998
1767293644825 17689.9 2999
1767293645874 17691.7 3000
1767293646919 17690.1 3001
1767293647966 17692.4 3002
1767293649016 17692.3 3003
1767293650062 17692.4 3004
1767293651107 17693.4 3005
1767293652150 17693.4 3006
1767293653196 17693.6 3007
1767293654244 17693.6 3008
1767293655572 17695.1 3009
1767293656617 17688.6 3010
1767293657661 17689.9 3011
1767293658705 17689.9 3012
1767293659750 17690.4 3013
1767293660808 17690.4 3014
1767293661856 17691.2 3015
1767293662916 17692.7 3016
1767293663963 17689.4 3017
1767293665008 17690.3 3018
1767293666052 17684.2 3019
1767293667119 17684.3 3020
1767293668164 17684.5 3021
1767293669210 17683.7 3022
1767293673205 17683.7 3023
1767293674249 17685.0 3024
1767293675296 17685.0 3025
1767293676364 17683.9 3026
1767293677432 17683.7 3027
1767293678479 17683.1 3028
1767293679525 17672.3 3029
1767293680592 17672.5 3030
1767293681646 17672.5 3031
1767293682693 17672.7 3032
1767293683739 17672.5 3033
1767293684787 17672.2 3034
1767293685836 17672.2 3035
1767293686906 17673.3 3036
1767293687950 17673.3 3037
1767293689012 17672.8 3038
1767293690063 17674.9 3039
1767293691111 17676.1 3040
1767293692162 17675.9 3041
1767293693208 17676.4 3042
1767293694255 17676.4 3043
1767293695302 17676.3 3044
1767293696362 17675.9 3045
1767293697408 17674.3 3046
1767293698453 17674.3 3047
1767293699498 17672.7 3048
1767293700544 17671.0 3049
1767293701590 17670.8 3050
1767293702648 17671.5 3051
1767293703696 17671.0 3052
1767293704750 17672.0 3053
1767293708725 17671.3 3054
1767293709768 17671.7 3055
1767293710815 17671.5 3056
1767293711861 17671.7 3057
1767293712908 17671.5 3058
1767293713958 17672.1 3059
1767293715009 17672.0 3060
1767293716060 17672.7 3061
1767293717105 17673.3 3062
1767293718159 17673.5 3063
1767293719210 17673.2 3064
1767293720259 17673.2 3065
1767293721305 17673.2 3066
1767293722351 17672.9 3067
1767293723407 17672.9 3068
1767293724466 17673.3 3069
1767293725528 17673.2 3070
1767293726585 17672.9 3071
1767293727630 17672.9 3072
1767293728688 17673.7 3073
1767293729735 17673.7 3074
1767293730783 17674.4 3075
1767293731830 17674.4 3076
1767293732878 17673.7 3077
1767293733924 17664.9 3078
1767293734969 17664.1 3079
1767293736032 17664.1 3080
1767293737081 17665.1 3081
1767293738129 17665.1 3082
1767293739191 17664.8 3083
1767293740245 17664.8 3084
1767293744219 17664.6 3085
1767293745266 17664.6 3086
1767293746312 17659.6 3087
1767293747360 17659.6 3088
1767293748410 17660.9 3089
1767293749454 17661.4 3090
1767293750504 17661.2 3091
1767293751549 17660.1 3092
1767293752600 17659.4 3093
1767293753666 17659.3 3094
1767293754713 17659.1 3095
1767293755762 17659.1 3096
1767293756807 17653.8 3097
1767293757853 17655.9 3098
1767293758900 17655.9 3099
1767293759947 17655.2 3100
1767293761000 17655.2 3101
1767293762047 17654.8 3102
1767293763110 17655.1 3103
1767293764170 17653.3 3104
1767293765213 17653.5 3105
1767293766264 17652.3 3106
1767293767309 17643.6 3107
1767293768354 17644.2 3108
1767293769399 17644.7 3109
1767293770447 17644.4 3110
1767293771500 17644.4 3111
1767293772569 17646.2 3112
1767293773618 17646.2 3113
1767293774689 17649.3 3114
1767293778686 17649.3 3115
1767293779753 17644.6 3116
1767293780798 17644.6 3117
1767293781846 17644.1 3118
1767293782891 17644.1 3119
1767293783952 17644.0 3120
1767293785002 17644.0 3121
1767293786066 17644.5 3122
1767293787112 17644.5 3123
1767293788182 17644.0 3124
1767293789228 17644.0 3125
1767293790279 17642.3 3126
1767293791325 17642.3 3127
1767293792380 17642.6 3128
1767293793430 17642.6 3129
1767293794480 17642.6 3130
1767293795527 17642.2 3131
1767293796574 17642.3 3132
1767293797635 17642.0 3133
1767293798681 17641.8 3134
1767293799747 17642.0 3135
1767293800801 17638.9 3136
1767293801848 17640.0 3137
1767293802894 17640.0 3138
1767293803943 17640.0 3139
1767293805011 17640.2 3140
1767293806078 17640.5 3141
1767293807428 17640.2 3142
1767293808474 17639.4 3143
1767293809522 17639.4 3144
1767293810583 17632.5 3145
1767293814563 17632.5 3146
1767293815609 17633.2 3147
1767293816665 17633.2 3148
1767293817713 17632.5 3149
1767293818759 17632.5 3150
1767293819804 17631.4 3151
1767293820850 17631.4 3152
1767293821897 17631.4 3153
1767293822951 17631.4 3154
1767293824002 17629.5 3155
1767293825056 17631.0 3156
1767293826102 17630.3 3157
1767293827148 17632.1 3158
1767293828195 17632.3 3159
1767293829252 17633.3 3160
1767293830321 17633.6 3161
1767293831375 17633.3 3162
1767293832424 17633.9 3163
1767293833484 17634.2 3164
1767293834531 17629.4 3165
1767293835592 17627.8 3166
1767293836637 17628.1 3167
1767293837701 17627.8 3168
1767293838761 17627.5 3169
1767293839822 17628.5 3170
1767293840872 17628.8 3171
1767293841921 17627.8 3172
1767293842969 17628.0 3173
1767293844019 17626.6 3174
1767293845069 17621.3 3175
1767293849047 17621.5 3176
1767293850094 17621.6 3177
1767293851151 17621.6 3178
1767293852206 17621.8 3179
1767293853273 17621.8 3180
1767293854334 17622.0 3181
1767293855394 17623.0 3182
1767293856441 17623.0 3183
1767293857495 17622.4 3184
1767293858544 17622.4 3185
1767293859602 17622.1 3186
1767293860656 17622.1 3187
1767293861705 17623.2 3188
1767293862752 17623.2 3189
1767293863803 17623.9 3190
1767293864864 17625.0 3191
1767293865914 17623.2 3192
1767293866992 17623.4 3193
1767293868057 17622.6 3194
1767293869104 17622.8 3195
1767293870152 17622.8 3196
1767293871200 17622.5 3197
1767293872263 17622.5 3198
1767293873337 17621.5 3199
1767293874385 17621.5 3200
1767293875452 17621.5 3201
1767293876497 17621.5 3202
1767293877545 17621.2 3203
1767293878592 17623.3 3204
1767293879641 17621.7 3205
1767293880696 17621.7 3206
1767293884676 17621.0 3207
1767293885727 17620.6 3208
1767293887066 17621.1 3209
1767293888113 17615.2 3210
1767293889162 17615.1 3211
1767293890221 17615.1 3212
1767293891271 17616.2 3213
1767293892321 17616.3 3214
1767293893373 17615.4 3215
1767293894419 17616.4 3216
1767293895472 17616.9 3217
1767293896521 17617.9 3218
1767293897569 17617.2 3219
1767293898636 17616.8 3220
1767293899693 17616.6 3221
1767293900743 17616.9 3222
1767293901793 17616.5 3223
1767293902844 17616.7 3224
1767293903894 17616.5 3225
1767293904946 17617.0 3226
1767293906007 17617.6 3227
1767293907057 17618.1 3228
1767293908110 17618.1 3229
1767293909163 17615.4 3230
1767293910215 17615.3 3231
1767293911266 17616.8 3232
1767293912320 17618.6 3233
1767293913383 17615.9 3234
1767293914435 17616.0 3235
1767293915491 17616.3 3236
1767293919471 17616.3 3237
1767293920522 17616.5 3238
1767293921579 17616.5 3239
1767293922633 17617.1 3240
1767293923692 17616.5 3241
1767293924744 17616.7 3242
1767293925812 17616.7 3243
1767293926860 17616.4 3244
1767293927910 17616.4 3245
1767293928976 17616.9 3246
1767293930024 17616.9 3247
1767293931088 17616.1 3248
1767293932142 17616.1 3249
1767293933194 17616.4 3250
1767293934247 17616.7 3251
1767293935303 17616.5 3252
1767293936354 17615.3 3253
1767293937412 17615.0 3254
1767293938762 17613.7 3255
1767293939813 17613.7 3256
1767293940866 17612.0 3257
1767293941918 17611.6 3258
1767293942971 17612.1 3259
1767293944024 17611.9 3260
1767293945073 17614.6 3261
1767293946122 17612.5 3262
1767293947173 17613.8 3263
1767293948226 17613.8 3264
1767293949277 17614.8 3265
1767293950328 17614.8 3266
1767293951381 17615.6 3267
1767293955361 17615.3 3268
1767293956414 17615.9 3269
1767293957466 17616.1 3270
1767293958521 17615.6 3271
1767293959573 17615.6 3272
1767293960625 17615.3 3273
1767293961690 17615.3 3274
1767293962754 17616.3 3275
1767293963806 17617.1 3276
1767293964860 17615.5 3277
1767293965921 17615.9 3278
1767293966974 17615.7 3279
1767293968023 17616.0 3280
1767293969074 17616.2 3281
1767293970124 17616.4 3282
1767293971177 17616.4 3283
1767293972244 17615.3 3284
1767293973296 17615.3 3285
1767293974349 17614.8 3286
1767293975401 17615.1 3287
1767293976450 17616.6 3288
1767293977781 17616.6 3289
