1766852795096 0.0 0
1766852796159 16.0 1
1766852797170 7.5 2
1766852798186 17.5 3
1766852799200 2.6 4
1766852800207 1.0 5
1766852801211 2.7 6
1766852802215 5.8 7
1766852803219 6.4 8
1766852804223 7.5 9
1766852805231 6.7 10
1766852806236 7.8 11
1766852807239 11.4 12
1766852808243 14.8 13
1766852809247 16.9 14
1766852810250 14.6 15
1766852811254 16.1 16
1766852812258 16.0 17
1766852813261 17.4 18
1766852814265 14.4 19
1766852815268 15.5 20
1766852816272 15.4 21
1766852817275 13.8 22
1766852818281 17.2 23
1766852819290 10.8 24
1766852820294 1.7 25
1766852821298 1.1 26
1766852822307 2.9 27
1766852823311 1.2 28
1766852824315 3.3 29
1766852825319 13.2 30
1766852826323 19.2 31
1766852830655 14.9 32
1766852831659 6.8 33
1766852832665 4.1 34
1766852833669 10.7 35
1766852834675 7.9 36
1766852835686 13.9 37
1766852836697 13.0 38
1766852837712 24.6 39
1766852838724 23.1 40
1766852839730 25.0 41
1766852840735 15.3 42
1766852841748 12.2 43
1766852842884 14.5 44
1766852843898 11.7 45
1766852844914 10.3 46
1766852845925 21.8 47
1766852846941 23.3 48
1766852847956 23.5 49
1766852848963 22.0 50
1766852849989 18.2 51
1766852851003 14.4 52
1766852852011 9.3 53
1766852853017 12.0 54
1766852854026 11.4 55
1766852855036 17.6 56
1766852856051 23.6 57
1766852857066 22.2 58
1766852858073 23.9 59
1766852859078 10.0 60
1766852860083 17.5 61
1766852861088 16.5 62
1766852862099 10.2 63
1766852866450 10.3 64
1766852867464 24.7 65
1766852868483 22.3 66
1766852869494 22.9 67
1766852870505 20.9 68
1766852871512 12.2 69
1766852872522 14.4 70
1766852873583 15.1 71
1766852874591 10.2 72
1766852875601 8.3 73
1766852876615 22.0 74
1766852877627 20.5 75
1766852878644 23.1 76
1766852879653 21.8 77
1766852880660 18.1 78
1766852881670 12.3 79
1766852882681 10.4 80
1766852883688 13.0 81
1766852884697 10.4 82
1766852885709 16.8 83
1766852886725 20.8 84
1766852887735 22.6 85
1766852888750 22.9 86
1766852889758 22.1 87
1766852890771 11.7 88
1766852891788 14.0 89
1766852892798 16.7 90
1766852893812 11.9 91
1766852894831 10.0 92
1766852895849 23.8 93
