1766852795096 939317.0 0
1766852796159 939316.9 1
1766852797170 939316.9 2
1766852798186 939316.9 3
1766852799200 939316.9 4
1766852800207 939316.9 5
1766852801211 939316.9 6
1766852802215 939316.9 7
1766852803219 939316.8 8
1766852804223 939315.1 9
1766852805231 939301.7 10
1766852806236 939279.0 11
1766852807239 939276.6 12
1766852808243 939271.6 13
1766852809247 939271.6 14
1766852810250 939271.6 15
1766852811254 939260.6 16
1766852812258 939247.3 17
1766852813261 939247.2 18
1766852814265 939247.2 19
1766852815268 939247.2 20
1766852816272 939247.2 21
1766852817275 939247.2 22
1766852818281 939247.1 23
1766852819290 939316.9 24
1766852820294 939316.9 25
1766852821298 939316.9 26
1766852822307 939316.9 27
1766852823311 939316.9 28
1766852824315 939316.9 29
1766852825319 939316.9 30
1766852826323 939316.9 31
1766852830655 939316.9 32
1766852831659 939316.9 33
1766852832665 939316.9 34
1766852833669 939316.8 35
1766852834675 939316.9 36
1766852835686 939316.8 37
1766852836697 939316.8 38
1766852837712 939316.8 39
1766852838724 939316.8 40
1766852839730 939316.8 41
1766852840735 939316.8 42
1766852841748 939321.6 43
1766852842884 939321.6 44
1766852843898 939321.6 45
1766852844914 939321.6 46
1766852845925 939321.6 47
1766852846941 939321.6 48
1766852847956 939321.6 49
1766852848963 939321.6 50
1766852849989 939321.6 51
1766852851003 939321.6 52
1766852852011 939321.5 53
1766852853017 939321.5 54
1766852854026 939321.5 55
1766852855036 939321.5 56
1766852856051 939321.5 57
1766852857066 939321.5 58
1766852858073 939321.5 59
1766852859078 939321.5 60
1766852860083 939321.4 61
1766852861088 939321.4 62
1766852862099 939321.4 63
1766852866450 939321.4 64
1766852867464 939321.4 65
1766852868483 939321.4 66
1766852869494 939321.4 67
1766852870505 939321.4 68
1766852871512 939321.4 69
1766852872522 939321.3 70
1766852873583 939321.3 71
1766852874591 939321.3 72
1766852875601 939321.3 73
1766852876615 939321.3 74
1766852877627 939321.3 75
1766852878644 939321.3 76
1766852879653 939321.3 77
1766852880660 939321.3 78
1766852881670 939321.2 79
1766852882681 939321.2 80
1766852883688 939321.2 81
1766852884697 939321.2 82
1766852885709 939321.2 83
1766852886725 939321.2 84
1766852887735 939321.2 85
1766852888750 939321.2 86
1766852889758 939321.2 87
1766852890771 939321.2 88
1766852891788 939321.1 89
1766852892798 939321.1 90
1766852893812 939321.1 91
1766852894831 939321.1 92
1766852895849 939321.1 93
