1766852795096 86791.8 0
1766852796159 86791.9 1
1766852797170 86791.9 2
1766852798186 86791.9 3
1766852799200 86791.9 4
1766852800207 86791.9 5
1766852801211 86791.9 6
1766852802215 86791.9 7
1766852803219 86792.0 8
1766852804223 86793.8 9
1766852805231 86807.1 10
1766852806236 86829.8 11
1766852807239 86832.3 12
1766852808243 86837.2 13
1766852809247 86837.2 14
1766852810250 86837.2 15
1766852811254 86848.2 16
1766852812258 86861.5 17
1766852813261 86861.6 18
1766852814265 86861.6 19
1766852815268 86861.6 20
1766852816272 86861.6 21
1766852817275 86861.6 22
1766852818281 86861.7 23
1766852819290 86792.0 24
1766852820294 86792.0 25
1766852821298 86792.0 26
1766852822307 86792.0 27
1766852823311 86792.0 28
1766852824315 86792.0 29
1766852825319 86792.0 30
1766852826323 86792.0 31
1766852830655 86792.0 32
1766852831659 86792.0 33
1766852832665 86792.0 34
1766852833669 86792.0 35
1766852834675 86792.0 36
1766852835686 86792.0 37
1766852836697 86792.0 38
1766852837712 86792.0 39
1766852838724 86792.0 40
1766852839730 86792.0 41
1766852840735 86792.0 42
1766852841748 86787.2 43
1766852842884 86787.2 44
1766852843898 86787.2 45
1766852844914 86787.2 46
1766852845925 86787.2 47
1766852846941 86787.2 48
1766852847956 86787.2 49
1766852848963 86787.2 50
1766852849989 86787.2 51
1766852851003 86787.2 52
1766852852011 86787.3 53
1766852853017 86787.3 54
1766852854026 86787.3 55
1766852855036 86787.3 56
1766852856051 86787.3 57
1766852857066 86787.3 58
1766852858073 86787.3 59
1766852859078 86787.3 60
1766852860083 86787.4 61
1766852861088 86787.4 62
1766852862099 86787.4 63
1766852866450 86787.4 64
1766852867464 86787.4 65
1766852868483 86787.4 66
1766852869494 86787.4 67
1766852870505 86787.4 68
1766852871512 86787.4 69
1766852872522 86787.5 70
1766852873583 86787.5 71
1766852874591 86787.5 72
1766852875601 86787.5 73
1766852876615 86787.5 74
1766852877627 86787.5 75
1766852878644 86787.5 76
1766852879653 86787.5 77
1766852880660 86787.5 78
1766852881670 86787.6 79
1766852882681 86787.6 80
1766852883688 86787.6 81
1766852884697 86787.6 82
1766852885709 86787.6 83
1766852886725 86787.6 84
1766852887735 86787.6 85
1766852888750 86787.6 86
1766852889758 86787.6 87
1766852890771 86787.6 88
1766852891788 86787.7 89
1766852892798 86787.7 90
1766852893812 86787.7 91
1766852894831 86787.7 92
1766852895849 86787.7 93
