1766852795096 8.5 0
1766852796159 8.5 1
1766852797170 8.5 2
1766852798186 8.5 3
1766852799200 8.5 4
1766852800207 8.5 5
1766852801211 8.5 6
1766852802215 8.5 7
1766852803219 8.5 8
1766852804223 8.5 9
1766852805231 8.5 10
1766852806236 8.5 11
1766852807239 8.5 12
1766852808243 8.5 13
1766852809247 8.5 14
1766852810250 8.5 15
1766852811254 8.5 16
1766852812258 8.5 17
1766852813261 8.5 18
1766852814265 8.5 19
1766852815268 8.5 20
1766852816272 8.5 21
1766852817275 8.5 22
1766852818281 8.5 23
1766852819290 8.5 24
1766852820294 8.5 25
1766852821298 8.5 26
1766852822307 8.5 27
1766852823311 8.5 28
1766852824315 8.5 29
1766852825319 8.5 30
1766852826323 8.5 31
1766852830655 8.5 32
1766852831659 8.5 33
1766852832665 8.5 34
1766852833669 8.5 35
1766852834675 8.5 36
1766852835686 8.5 37
1766852836697 8.5 38
1766852837712 8.5 39
1766852838724 8.5 40
1766852839730 8.5 41
1766852840735 8.5 42
1766852841748 8.5 43
1766852842884 8.5 44
1766852843898 8.5 45
1766852844914 8.5 46
1766852845925 8.5 47
1766852846941 8.5 48
1766852847956 8.5 49
1766852848963 8.5 50
1766852849989 8.5 51
1766852851003 8.5 52
1766852852011 8.5 53
1766852853017 8.5 54
1766852854026 8.5 55
1766852855036 8.5 56
1766852856051 8.5 57
1766852857066 8.5 58
1766852858073 8.5 59
1766852859078 8.5 60
1766852860083 8.5 61
1766852861088 8.5 62
1766852862099 8.5 63
1766852866450 8.5 64
1766852867464 8.5 65
1766852868483 8.5 66
1766852869494 8.5 67
1766852870505 8.5 68
1766852871512 8.5 69
1766852872522 8.5 70
1766852873583 8.5 71
1766852874591 8.5 72
1766852875601 8.5 73
1766852876615 8.5 74
1766852877627 8.5 75
1766852878644 8.5 76
1766852879653 8.5 77
1766852880660 8.5 78
1766852881670 8.5 79
1766852882681 8.5 80
1766852883688 8.5 81
1766852884697 8.5 82
1766852885709 8.5 83
1766852886725 8.5 84
1766852887735 8.5 85
1766852888750 8.5 86
1766852889758 8.5 87
1766852890771 8.5 88
1766852891788 8.5 89
1766852892798 8.5 90
1766852893812 8.5 91
1766852894831 8.5 92
1766852895849 8.5 93
1766852896867 8.5 94
1766852897882 8.5 95
1766852902223 8.5 96
1766852903235 8.5 97
1766852904257 8.5 98
1766852905273 8.5 99
1766852906286 8.5 100
1766852907300 8.5 101
1766852908313 8.5 102
1766852909325 8.5 103
1766852910340 8.5 104
1766852911436 8.5 105
1766852912444 8.5 106
1766852913451 8.5 107
1766852914472 8.5 108
1766852915489 8.5 109
1766852916500 8.5 110
1766852917511 8.5 111
1766852918524 8.5 112
1766852919535 8.5 113
1766852920550 8.5 114
1766852921556 8.5 115
1766852922569 8.5 116
1766852923686 8.5 117
1766852924706 8.5 118
1766852925720 8.5 119
1766852926732 8.5 120
1766852927747 8.5 121
1766852928759 8.5 122
1766852929828 8.5 123
1766852930841 8.5 124
1766852931846 8.5 125
1766852932853 8.5 126
1766852937188 8.5 127
1766852938204 8.5 128
1766852939220 8.5 129
1766852940232 8.5 130
1766852941239 8.5 131
1766852942247 8.5 132
1766852943259 8.5 133
1766852944270 8.5 134
1766852945285 8.5 135
1766852946297 8.5 136
1766852947312 8.5 137
1766852948324 8.5 138
1766852949335 8.5 139
1766852950342 8.5 140
1766852951357 8.5 141
1766852952370 8.5 142
1766852953378 8.5 143
1766852954388 8.5 144
1766852955411 8.5 145
1766852956425 8.5 146
1766852957434 8.5 147
1766852958446 8.5 148
1766852959452 8.5 149
1766852960461 8.5 150
1766852961473 8.5 151
1766852962487 8.5 152
1766852963507 8.5 153
1766852964524 8.5 154
1766852965539 8.5 155
1766852966549 8.5 156
1766852967589 8.5 157
1766852968606 8.5 158
1766852972953 8.5 159
1766852973977 8.5 160
1766852974992 8.5 161
1766852976006 8.5 162
1766852977022 8.5 163
1766852978039 8.5 164
1766852979047 8.5 165
1766852980067 8.5 166
1766852981084 8.5 167
1766852982092 8.5 168
1766852983103 8.5 169
1766852984120 8.5 170
1766852985136 8.5 171
1766852986151 8.5 172
1766852987163 8.5 173
1766852988183 8.5 174
1766852989191 8.5 175
1766852990205 8.5 176
1766852991218 8.5 177
1766852992230 8.5 178
1766852993244 8.5 179
1766852994257 8.5 180
1766852995274 8.5 181
1766852996281 8.5 182
1766852997288 8.5 183
1766852998305 8.5 184
1766852999336 8.5 185
1766853000498 8.5 186
1766853001514 8.5 187
1766853002530 8.5 188
1766853003542 8.5 189
1766853004555 8.5 190
1766853008894 8.5 191
1766853009956 8.5 192
1766853010968 8.5 193
1766853011975 8.5 194
1766853012985 8.5 195
1766853014000 8.5 196
1766853015019 8.5 197
1766853016033 8.5 198
1766853017050 8.5 199
1766853018059 8.5 200
1766853019067 8.5 201
1766853020077 8.5 202
1766853021181 8.5 203
1766853022189 8.5 204
1766853023204 8.5 205
1766853024227 8.5 206
1766853025244 8.5 207
1766853026260 8.5 208
1766853027273 8.5 209
1766853028281 8.5 210
1766853029288 8.5 211
1766853030296 8.5 212
1766853031313 8.5 213
1766853032330 8.5 214
1766853033348 8.5 215
1766853034366 8.5 216
1766853035386 8.5 217
1766853036403 8.5 218
1766853037416 8.5 219
1766853038428 8.5 220
1766853039442 8.5 221
1766853040462 8.5 222
1766853041478 8.5 223
1766853042494 8.5 224
1766853043514 8.5 225
1766853044526 8.5 226
1766853045549 8.5 227
1766853046559 8.5 228
1766853047569 8.5 229
1766853048586 8.5 230
1766853049605 8.5 231
1766853050619 8.5 232
1766853051632 8.5 233
1766853052643 8.5 234
1766853053652 8.5 235
1766853054659 8.5 236
1766853055669 8.5 237
1766853056683 8.5 238
1766853057699 8.5 239
1766853058713 8.5 240
1766853059729 8.5 241
1766853060747 8.5 242
1766853061879 8.5 243
1766853062892 8.5 244
1766853063899 8.5 245
1766853064917 8.5 246
1766853065931 8.5 247
1766853066948 8.5 248
1766853067967 8.5 249
1766853068981 8.5 250
1766853069992 8.5 251
1766853071001 8.5 252
1766853072016 8.5 253
1766853073174 8.5 254
1766853074183 8.5 255
1766853075197 8.5 256
1766853076214 8.5 257
1766853077234 8.5 258
1766853078253 8.5 259
1766853079278 8.5 260
1766853080293 8.5 261
1766853081302 8.5 262
1766853082325 8.5 263
1766853083341 8.5 264
1766853084357 8.5 265
1766853085371 8.5 266
1766853086386 8.5 267
1766853087403 8.5 268
1766853088582 8.5 269
1766853089595 8.5 270
1766853090608 8.5 271
1766853091620 8.5 272
1766853092636 8.5 273
1766853093655 8.5 274
1766853094673 8.5 275
1766853095690 8.5 276
1766853096700 8.5 277
1766853097747 8.5 278
1766853098760 8.5 279
1766853099772 8.5 280
1766853100782 8.5 281
1766853101801 8.5 282
1766853102814 8.5 283
1766853103831 8.5 284
1766853104855 8.5 285
1766853105865 8.5 286
1766853106876 8.5 287
1766853107898 8.5 288
1766853108921 8.5 289
1766853109943 8.5 290
1766853110959 8.5 291
1766853111975 8.5 292
1766853112990 8.5 293
1766853114007 8.5 294
1766853115016 8.5 295
1766853116028 8.5 296
1766853117047 8.5 297
1766853118135 8.5 298
1766853119150 8.5 299
1766853120169 8.5 300
1766853121187 8.5 301
1766853122203 8.5 302
1766853123216 8.5 303
1766853124382 8.5 304
1766853125401 8.5 305
1766853126412 8.5 306
1766853127425 8.5 307
1766853128439 8.5 308
1766853129457 8.5 309
1766853130475 8.5 310
1766853131490 8.5 311
1766853132500 8.5 312
1766853133510 8.5 313
1766853134526 8.5 314
1766853135538 8.5 315
1766853136546 8.5 316
1766853137554 8.5 317
1766853138563 8.5 318
1766853139586 8.5 319
1766853140601 8.5 320
1766853141611 8.5 321
1766853142633 8.5 322
1766853143646 8.5 323
1766853144654 8.5 324
1766853145662 8.5 325
1766853146669 8.5 326
1766853147677 8.5 327
1766853148684 8.5 328
1766853149692 8.5 329
1766853150700 8.5 330
1766853151722 8.5 331
1766853152730 8.5 332
1766853153738 8.5 333
1766853154746 8.5 334
1766853155754 8.5 335
1766853156761 8.5 336
1766853157769 8.5 337
1766853158780 8.5 338
1766853159804 8.5 339
1766853160814 8.5 340
1766853161822 8.5 341
1766853162830 8.5 342
1766853163838 8.5 343
1766853164846 8.5 344
1766853165854 8.5 345
1766853166866 8.5 346
1766853167879 8.5 347
1766853168888 8.5 348
1766853169896 8.5 349
1766853170905 8.5 350
1766853171913 8.5 351
1766853172937 8.5 352
1766853173949 8.5 353
1766853174958 8.5 354
1766853175966 8.5 355
1766853176974 8.5 356
1766853177982 8.5 357
1766853178990 8.5 358
1766853180001 8.5 359
1766853181009 8.5 360
1766853182032 8.5 361
1766853183046 8.5 362
1766853184056 8.5 363
1766853185083 8.5 364
1766853186095 8.5 365
1766853187118 8.5 366
1766853188126 8.5 367
1766853189138 8.5 368
1766853190146 8.5 369
1766853191154 8.5 370
1766853192162 8.5 371
1766853193170 8.5 372
1766853194179 8.5 373
1766853195187 8.5 374
1766853196195 8.5 375
1766853197203 8.5 376
1766853198212 8.5 377
1766853199220 8.5 378
1766853200228 8.5 379
1766853201236 8.5 380
1766853202245 8.5 381
1766853203269 8.5 382
1766853204281 8.5 383
1766853205289 8.5 384
1766853206298 8.5 385
1766853207323 8.5 386
1766853208336 8.5 387
1766853209348 8.5 388
1766853210357 8.5 389
1766853211375 8.5 390
1766853212385 8.5 391
1766853213395 8.5 392
1766853214403 8.5 393
1766853215412 8.5 394
1766853216421 8.5 395
1766853217433 8.5 396
1766853218455 8.5 397
1766853219468 8.5 398
1766853220476 8.5 399
1766853221484 8.5 400
1766853222493 8.5 401
1766853223502 8.5 402
1766853244684 8.5 403
1766853245693 8.5 404
1766853246706 8.5 405
1766853247717 8.5 406
1766853248727 8.5 407
1766853249749 8.5 408
1766853250759 8.5 409
1766853251769 8.5 410
1766853252798 8.5 411
1766853253814 8.5 412
1766853254824 8.5 413
1766853255843 8.5 414
1766853256856 8.5 415
1766853257867 8.5 416
1766853258907 8.5 417
1766853259919 8.5 418
1766853260928 8.5 419
1766853261939 8.5 420
1766853262948 8.5 421
1766853263957 8.5 422
1766853264966 8.5 423
1766853265975 8.5 424
1766853266984 8.5 425
1766853267994 8.5 426
1766853269002 8.5 427
1766853270013 8.5 428
1766853271022 8.5 429
1766853272031 8.5 430
1766853273040 8.5 431
1766853274049 8.5 432
1766853275058 8.5 433
1766853277373 8.5 434
1766853278383 8.5 435
1766853279392 8.5 436
1766853280404 8.5 437
1766853281413 8.5 438
1766853282423 8.5 439
1766853283432 8.5 440
1766853284459 8.5 441
1766853285471 8.5 442
1766853286481 8.5 443
1766853287490 8.5 444
1766853288499 8.5 445
1766853289508 8.5 446
1766853290518 8.5 447
1766853291527 8.5 448
1766853292537 8.5 449
1766853293546 8.5 450
1766853294555 8.5 451
1766853295565 8.5 452
1766853296574 8.5 453
1766853297583 8.5 454
1766853298594 8.5 455
1766853299604 8.5 456
1766853300613 8.5 457
1766853301638 8.5 458
1766853302652 8.5 459
1766853303661 8.5 460
1766853304671 8.5 461
1766853305681 8.5 462
1766853306699 8.5 463
1766853307713 8.5 464
1766853308722 8.5 465
1766853312665 8.5 466
1766853313675 8.5 467
1766853314684 8.5 468
1766853315697 8.5 469
1766853316708 8.5 470
1766853317718 8.5 471
1766853318731 8.5 472
1766853319762 8.5 473
1766853320772 8.5 474
1766853321782 8.5 475
1766853322792 8.5 476
1766853323801 8.5 477
1766853324811 8.5 478
1766853325820 8.5 479
1766853326830 8.5 480
1766853327840 8.5 481
1766853328849 8.5 482
1766853329859 8.5 483
1766853330869 8.5 484
1766853331879 8.5 485
1766853332889 8.5 486
1766853333899 8.5 487
1766853334908 8.5 488
1766853335918 8.5 489
1766853336927 8.5 490
1766853337937 8.5 491
1766853338947 8.5 492
1766853339957 8.5 493
1766853340967 8.5 494
1766853341996 8.5 495
1766853343007 8.5 496
1766853344021 8.5 497
1766853347963 8.5 498
1766853348977 8.5 499
1766853350006 8.5 500
1766853351020 8.5 501
1766853352030 8.5 502
1766853353040 8.5 503
1766853354054 8.5 504
1766853355071 8.5 505
1766853356084 8.5 506
1766853357098 8.5 507
1766853358108 8.5 508
1766853359123 8.5 509
1766853360132 8.5 510
1766853361142 8.5 511
1766853362156 8.5 512
1766853363166 8.5 513
1766853364194 8.5 514
1766853365232 8.5 515
1766853366248 8.5 516
1766853367261 8.5 517
1766853368272 8.5 518
1766853369282 8.5 519
1766853370317 8.5 520
1766853371330 8.5 521
1766853372346 8.5 522
1766853373357 8.5 523
1766853374367 8.5 524
1766853375381 8.5 525
1766853376395 8.5 526
1766853377405 8.5 527
1766853378417 8.5 528
1766853379428 8.5 529
1766853383387 8.5 530
1766853384398 8.5 531
1766853385412 8.5 532
1766853386426 8.5 533
1766853387440 8.5 534
1766853388454 8.5 535
1766853389469 8.5 536
1766853390484 8.5 537
1766853391494 8.5 538
1766853392508 8.5 539
1766853393519 8.5 540
1766853394529 8.5 541
1766853395566 8.5 542
1766853396581 8.5 543
1766853397592 8.5 544
1766853398606 8.5 545
1766853399621 8.5 546
1766853400634 8.5 547
1766853401647 8.5 548
1766853402660 8.5 549
1766853403672 8.5 550
1766853404686 8.5 551
1766853405700 8.5 552
1766853406727 8.5 553
1766853407738 8.5 554
1766853408762 8.5 555
1766853409789 8.5 556
1766853410800 8.5 557
1766853411811 8.5 558
1766853412845 8.5 559
1766853413860 8.5 560
1766853414871 8.5 561
1766853418814 8.5 562
1766853419825 8.5 563
1766853420836 8.5 564
1766853421866 8.5 565
1766853422876 8.5 566
1766853423887 8.5 567
1766853424899 8.5 568
1766853425910 8.5 569
1766853426921 8.5 570
1766853427949 8.5 571
1766853428959 8.5 572
1766853429970 8.5 573
1766853430999 8.5 574
1766853432011 8.5 575
1766853433022 8.5 576
1766853434033 8.5 577
1766853435055 8.5 578
1766853436066 8.5 579
1766853437083 8.5 580
1766853438097 8.5 581
1766853439108 8.5 582
1766853440128 8.5 583
1766853441140 8.5 584
1766853442152 8.5 585
1766853443164 8.5 586
1766853444175 8.5 587
1766853445186 8.5 588
1766853446219 8.5 589
1766853447234 8.5 590
1766853448250 8.5 591
1766853449261 8.5 592
1766853453201 8.5 593
1766853454213 8.5 594
1766853455224 8.5 595
1766853456236 8.5 596
1766853457255 8.5 597
1766853458290 8.5 598
1766853459302 8.5 599
1766853460314 8.5 600
1766853461325 8.5 601
1766853462337 8.5 602
1766853463348 8.5 603
1766853464360 8.5 604
1766853465373 8.5 605
1766853466386 8.5 606
1766853467400 8.5 607
1766853468414 8.5 608
1766853469425 8.5 609
1766853470437 8.5 610
1766853471448 8.5 611
1766853472460 8.5 612
1766853473473 8.5 613
1766853474485 8.5 614
1766853475497 8.5 615
1766853476509 8.5 616
1766853477521 8.5 617
1766853478557 8.5 618
1766853479572 8.5 619
1766853480583 8.5 620
1766853481595 8.5 621
1766853482607 8.5 622
1766853483619 8.5 623
1766853484631 8.5 624
1766853488576 8.5 625
1766853489588 8.5 626
1766853490599 8.5 627
1766853491611 8.5 628
1766853492623 8.5 629
1766853493634 8.5 630
1766853494646 8.5 631
1766853495657 8.5 632
1766853496669 8.5 633
1766853497682 8.5 634
1766853498694 8.5 635
1766853499706 8.5 636
1766853500718 8.5 637
1766853501730 8.5 638
1766853502742 8.5 639
1766853503754 8.5 640
1766853504766 8.5 641
1766853505778 8.5 642
1766853506790 8.5 643
1766853507803 8.5 644
1766853508814 8.5 645
1766853509826 8.5 646
1766853510853 8.5 647
1766853511865 8.5 648
1766853512877 8.5 649
1766853513893 8.5 650
1766853514906 8.5 651
1766853515918 8.5 652
1766853516930 8.5 653
1766853517946 8.5 654
1766853518958 8.5 655
1766853519991 8.5 656
1766853523939 8.5 657
1766853524950 8.5 658
1766853525962 8.5 659
1766853526975 8.5 660
1766853527989 8.4 661
1766853529003 8.5 662
1766853530014 8.5 663
1766853531043 8.5 664
1766853532055 8.5 665
1766853533068 8.5 666
1766853534080 8.5 667
1766853535092 8.5 668
1766853536105 8.5 669
1766853537117 8.5 670
1766853538130 8.5 671
1766853539162 8.5 672
1766853540186 8.5 673
1766853541199 8.5 674
1766853542212 8.5 675
1766853543225 8.5 676
1766853544238 8.5 677
1766853545250 8.5 678
1766853546262 8.5 679
1766853547276 8.5 680
1766853548288 8.5 681
1766853549302 8.5 682
1766853550317 8.5 683
1766853551333 8.5 684
1766853552352 8.5 685
1766853553367 8.5 686
1766853554380 8.5 687
1766853555393 8.5 688
1766853559334 8.5 689
1766853560356 8.5 690
1766853561370 8.5 691
1766853562384 8.5 692
1766853563398 8.5 693
1766853564412 8.5 694
1766853565425 8.5 695
1766853566439 8.5 696
1766853567452 8.5 697
1766853568468 8.5 698
1766853569482 8.5 699
1766853570496 8.5 700
1766853571511 8.5 701
1766853572526 8.5 702
1766853573539 8.5 703
1766853574575 8.5 704
1766853575588 8.5 705
1766853576617 8.5 706
1766853577630 8.5 707
1766853578657 8.5 708
1766853579670 8.5 709
1766853580687 8.5 710
1766853581700 8.5 711
1766853582733 8.5 712
1766853583760 8.5 713
1766853584774 8.5 714
1766853585805 8.5 715
1766853586818 8.5 716
1766853587846 8.5 717
1766853588859 8.5 718
1766853589874 8.5 719
1766853593824 8.5 720
1766853594837 8.5 721
1766853595858 8.5 722
1766853596872 8.5 723
1766853597894 8.5 724
1766853598909 8.5 725
1766853599922 8.5 726
1766853600936 8.5 727
1766853601951 8.5 728
1766853602967 8.5 729
1766853603980 8.5 730
1766853604993 8.5 731
1766853606008 8.5 732
1766853607021 8.5 733
1766853608036 8.5 734
1766853609049 8.5 735
1766853610063 8.5 736
1766853611077 8.5 737
1766853612099 8.5 738
1766853613113 8.5 739
1766853614127 8.5 740
1766853615144 8.5 741
1766853616157 8.5 742
1766853617172 8.5 743
1766853618185 8.5 744
1766853619198 8.5 745
1766853620212 8.5 746
1766853621237 8.5 747
1766853622270 8.5 748
1766853623284 8.5 749
1766853624298 8.5 750
1766853625323 8.5 751
1766853629259 8.5 752
1766853630273 8.5 753
1766853631290 8.5 754
1766853632304 8.5 755
1766853633318 8.5 756
1766853634344 8.5 757
1766853635359 8.5 758
1766853636376 8.5 759
1766853637411 8.5 760
1766853638460 8.5 761
1766853639475 8.5 762
1766853640489 8.5 763
1766853641526 8.5 764
1766853642541 8.5 765
1766853643556 8.5 766
1766853644573 8.5 767
1766853645588 8.5 768
1766853646603 8.5 769
1766853647620 8.5 770
1766853648635 8.5 771
1766853649649 8.5 772
1766853650663 8.5 773
1766853651677 8.5 774
1766853652694 8.5 775
1766853653709 8.5 776
1766853654722 8.5 777
1766853655737 8.5 778
1766853656751 8.5 779
1766853657765 8.5 780
1766853658781 8.5 781
1766853659796 8.5 782
1766853660810 8.5 783
1766853664761 8.5 784
1766853665803 8.5 785
1766853666819 8.5 786
1766853667833 8.5 787
1766853668850 8.5 788
1766853669864 8.5 789
1766853670890 8.5 790
1766853671904 8.5 791
1766853672921 8.5 792
1766853673937 8.5 793
1766853674951 8.5 794
1766853675966 8.5 795
1766853676981 8.5 796
1766853677996 8.5 797
1766853679010 8.5 798
1766853680026 8.5 799
1766853681041 8.5 800
1766853682056 8.5 801
1766853683073 8.5 802
1766853684088 8.5 803
1766853685106 8.5 804
1766853686124 8.5 805
1766853687139 8.5 806
1766853688153 8.5 807
1766853689169 8.5 808
1766853690184 8.5 809
1766853691202 8.5 810
1766853692216 8.5 811
1766853693235 8.5 812
1766853694251 8.5 813
1766853695266 8.5 814
1766853696280 8.5 815
1766853700224 8.5 816
1766853701244 8.5 817
1766853702259 8.5 818
1766853703278 8.5 819
1766853704292 8.5 820
1766853705307 8.5 821
1766853706322 8.5 822
1766853707340 8.5 823
1766853708358 8.5 824
1766853709373 8.5 825
1766853710387 8.5 826
1766853711403 8.5 827
1766853712418 8.5 828
1766853713433 8.5 829
1766853714452 8.5 830
1766853715467 8.5 831
1766853716481 8.5 832
1766853717499 8.5 833
1766853718514 8.5 834
1766853719528 8.5 835
1766853720543 8.5 836
1766853721559 8.5 837
1766853722574 8.5 838
1766853723588 8.5 839
1766853724603 8.5 840
1766853725618 8.5 841
1766853726633 8.5 842
1766853727648 8.5 843
1766853728667 8.5 844
1766853729683 8.5 845
1766853730703 8.5 846
1766853734652 8.5 847
1766853735668 8.5 848
1766853736687 8.5 849
1766853737703 8.5 850
1766853738719 8.5 851
1766853739752 8.5 852
1766853740783 8.5 853
1766853741798 8.5 854
1766853742816 8.5 855
1766853743835 8.5 856
1766853744850 8.5 857
1766853745867 8.5 858
1766853746882 8.5 859
1766853747897 8.5 860
1766853748913 8.5 861
1766853749928 8.5 862
1766853750945 8.5 863
1766853751961 8.5 864
1766853752989 8.5 865
1766853754005 8.5 866
1766853755020 8.5 867
1766853756036 8.5 868
1766853757060 8.5 869
1766853758086 8.5 870
1766853759101 8.5 871
1766853760130 8.5 872
1766853761146 8.5 873
1766853762161 8.5 874
1766853763183 8.5 875
1766853764200 8.5 876
1766853765216 8.5 877
1766853766251 8.5 878
1766853770199 8.5 879
1766853771219 8.5 880
1766853772234 8.5 881
1766853773268 8.5 882
1766853774286 8.5 883
1766853775325 8.5 884
1766853776344 8.5 885
1766853777360 8.5 886
1766853778388 8.5 887
1766853779404 8.5 888
1766853780421 8.5 889
1766853781437 8.5 890
1766853782473 8.5 891
1766853783497 8.5 892
1766853784529 8.5 893
1766853785545 8.5 894
1766853786561 8.5 895
1766853787577 8.5 896
1766853788600 8.5 897
1766853789627 8.5 898
1766853790643 8.5 899
1766853791659 8.5 900
1766853792674 8.5 901
1766853793690 8.5 902
1766853794706 8.5 903
1766853795722 8.5 904
1766853796737 8.5 905
1766853797754 8.5 906
1766853798770 8.5 907
1766853799786 8.5 908
1766853800799 8.5 909
1766853801814 8.5 910
1766853805755 8.5 911
1766853806771 8.5 912
1766853807788 8.5 913
1766853808803 8.5 914
1766853809830 8.5 915
1766853810846 8.5 916
1766853811864 8.5 917
1766853812880 8.5 918
1766853813903 8.5 919
1766853814920 8.5 920
1766853815940 8.5 921
1766853816958 8.5 922
1766853817984 8.5 923
1766853819001 8.5 924
1766853820017 8.5 925
1766853821033 8.5 926
1766853822051 8.5 927
1766853823077 8.5 928
1766853824094 8.5 929
1766853825111 8.5 930
1766853826141 8.5 931
1766853827157 8.5 932
1766853828173 8.5 933
1766853829189 8.5 934
1766853830206 8.5 935
1766853831228 8.5 936
1766853832251 8.5 937
1766853833271 8.5 938
1766853834315 8.5 939
1766853835332 8.5 940
1766853836349 8.5 941
1766853840300 8.5 942
1766853841316 8.5 943
1766853842333 8.5 944
1766853843357 8.5 945
1766853844377 8.5 946
1766853845396 8.5 947
1766853846413 8.5 948
1766853847441 8.5 949
1766853848457 8.5 950
1766853849481 8.5 951
1766853850498 8.5 952
1766853851514 8.5 953
1766853852539 8.5 954
1766853853560 8.5 955
1766853854578 8.5 956
1766853855594 8.5 957
1766853856614 8.5 958
1766853857631 8.5 959
1766853858647 8.5 960
1766853859685 8.5 961
1766853860702 8.5 962
1766853861718 8.5 963
1766853862755 8.5 964
1766853863773 8.5 965
1766853864790 8.5 966
1766853865806 8.5 967
1766853866823 8.5 968
1766853867894 8.5 969
1766853868910 8.5 970
1766853869927 8.5 971
1766853870958 8.5 972
1766853871975 8.5 973
1766853875918 8.5 974
1766853876935 8.5 975
1766853877967 8.5 976
1766853878986 8.5 977
1766853880002 8.5 978
1766853881019 8.5 979
1766853882038 8.5 980
1766853883054 8.5 981
1766853884075 8.5 982
1766853885096 8.5 983
1766853886115 8.5 984
1766853887155 8.5 985
1766853888172 8.5 986
1766853889211 8.5 987
1766853890228 8.5 988
1766853891248 8.5 989
1766853892265 8.5 990
1766853893284 8.5 991
1766853894305 8.5 992
1766853895322 8.5 993
1766853896343 8.5 994
1766853897364 8.5 995
1766853898385 8.5 996
1766853899405 8.5 997
1766853900445 8.5 998
1766853901462 8.5 999
1766853902478 8.5 1000
1766853903496 8.5 1001
1766853904513 8.5 1002
1766853905530 8.5 1003
1766853906572 8.5 1004
1766853910533 8.5 1005
1766853911557 8.5 1006
1766853912588 8.5 1007
1766853913610 8.5 1008
1766853914627 8.5 1009
1766853915646 8.5 1010
1766853916674 8.5 1011
1766853917697 8.5 1012
1766853918719 8.5 1013
1766853919747 8.5 1014
1766853920780 8.5 1015
1766853921798 8.5 1016
1766853922828 8.5 1017
1766853923849 8.5 1018
1766853924870 8.5 1019
1766853925887 8.5 1020
1766853926908 8.5 1021
1766853927927 8.5 1022
1766853928945 8.5 1023
1766853929966 8.5 1024
1766853930983 8.5 1025
1766853932001 8.5 1026
1766853933021 8.5 1027
1766853934047 8.5 1028
1766853935078 8.5 1029
1766853936097 8.5 1030
1766853937139 8.5 1031
1766853938158 8.5 1032
1766853939175 8.5 1033
1766853940197 8.5 1034
1766853941215 8.5 1035
1766853942233 8.5 1036
1766853946177 8.5 1037
1766853947194 8.5 1038
1766853948222 8.5 1039
1766853949239 8.5 1040
1766853950260 8.5 1041
1766853951278 8.5 1042
1766853952296 8.5 1043
1766853953314 8.5 1044
1766853954331 8.5 1045
1766853955349 8.5 1046
1766853956379 8.5 1047
1766853957396 8.5 1048
1766853958418 8.5 1049
1766853959437 8.5 1050
1766853960459 8.5 1051
1766853961481 8.5 1052
1766853962501 8.5 1053
1766853963539 8.5 1054
1766853964577 8.5 1055
1766853965594 8.5 1056
1766853966645 8.5 1057
1766853967666 8.5 1058
1766853968688 8.5 1059
1766853969709 8.5 1060
1766853970730 8.5 1061
1766853971747 8.5 1062
1766853972769 8.5 1063
1766853973788 8.5 1064
1766853974809 8.5 1065
1766853975829 8.5 1066
1766853976848 8.5 1067
1766853980792 8.5 1068
1766853981810 8.5 1069
1766853982832 8.5 1070
1766853983853 8.5 1071
1766853984874 8.5 1072
1766853985893 8.5 1073
1766853986914 8.5 1074
1766853987934 8.5 1075
1766853988967 8.5 1076
1766853989988 8.5 1077
1766853991012 8.5 1078
1766853992032 8.5 1079
1766853993054 8.5 1080
1766853994072 8.5 1081
1766853995094 8.5 1082
1766853996111 8.5 1083
1766853997155 8.5 1084
1766853998176 8.5 1085
1766853999199 8.5 1086
1766854000220 8.5 1087
1766854001242 8.5 1088
1766854002283 8.5 1089
1766854003306 8.5 1090
1766854004334 8.5 1091
1766854005353 8.5 1092
1766854006375 8.5 1093
1766854007414 8.5 1094
1766854008436 8.5 1095
1766854009458 8.5 1096
1766854010476 8.5 1097
1766854011495 8.5 1098
1766854012514 8.5 1099
1766854016465 8.5 1100
1766854017498 8.5 1101
1766854018516 8.5 1102
1766854019537 8.5 1103
1766854020560 8.5 1104
1766854021574 8.5 1105
1766854022595 8.5 1106
1766854023615 8.5 1107
1766854024635 8.5 1108
1766854025653 8.5 1109
1766854026679 8.5 1110
1766854027700 8.5 1111
1766854028718 8.5 1112
1766854029740 8.5 1113
1766854030762 8.5 1114
1766854031781 8.5 1115
1766854032824 8.5 1116
1766854033849 8.5 1117
1766854034869 8.5 1118
1766854035908 8.5 1119
1766854036929 8.5 1120
1766854037956 8.5 1121
1766854038975 8.5 1122
1766854040015 8.5 1123
1766854041037 8.5 1124
1766854042055 8.5 1125
1766854043074 8.5 1126
1766854044110 8.5 1127
1766854045128 8.5 1128
1766854046147 8.5 1129
1766854047179 8.5 1130
1766854051155 8.5 1131
1766854052174 8.5 1132
1766854053203 8.5 1133
1766854054222 8.5 1134
1766854055241 8.5 1135
1766854056263 8.5 1136
1766854057286 8.5 1137
1766854058306 8.5 1138
1766854059326 8.5 1139
1766854060345 8.5 1140
1766854061364 8.5 1141
1766854062393 8.5 1142
1766854063412 8.5 1143
1766854064434 8.5 1144
1766854065487 8.5 1145
1766854066512 8.5 1146
1766854067532 8.5 1147
1766854068550 8.5 1148
1766854069570 8.5 1149
1766854070593 8.5 1150
1766854071616 8.5 1151
1766854072655 8.5 1152
1766854073675 8.5 1153
1766854074697 8.5 1154
1766854075728 8.5 1155
1766854076748 8.5 1156
1766854077767 8.5 1157
1766854078787 8.5 1158
1766854079810 8.5 1159
1766854080828 8.5 1160
1766854081851 8.5 1161
1766854082885 8.5 1162
1766854086851 8.5 1163
1766854087874 8.5 1164
1766854088895 8.5 1165
1766854089915 8.5 1166
1766854090950 8.5 1167
1766854091969 8.5 1168
1766854093004 8.5 1169
1766854094023 8.5 1170
1766854095045 8.5 1171
1766854096068 8.5 1172
1766854097091 8.5 1173
1766854098114 8.5 1174
1766854099138 8.5 1175
1766854100161 8.5 1176
1766854101182 8.5 1177
1766854102201 8.5 1178
1766854103221 8.5 1179
1766854104244 8.5 1180
1766854105282 8.5 1181
1766854106306 8.5 1182
1766854107328 8.5 1183
1766854108348 8.5 1184
1766854109367 8.5 1185
1766854110387 8.5 1186
1766854111425 8.5 1187
1766854112467 8.5 1188
1766854113494 8.5 1189
1766854114517 8.5 1190
1766854115536 8.5 1191
1766854116556 8.5 1192
1766854117578 8.5 1193
1766854121526 8.5 1194
1766854122551 8.5 1195
1766854123582 8.5 1196
1766854124601 8.5 1197
1766854125629 8.5 1198
1766854126648 8.5 1199
1766854127672 8.5 1200
1766854128696 8.5 1201
1766854129715 8.5 1202
1766854130738 8.5 1203
1766854131794 8.5 1204
1766854132817 8.5 1205
1766854133837 8.5 1206
1766854134859 8.5 1207
1766854135883 8.5 1208
1766854136903 8.5 1209
1766854137923 8.5 1210
1766854138943 8.5 1211
1766854139964 8.5 1212
1766854140985 8.5 1213
1766854142005 8.5 1214
1766854143025 8.5 1215
1766854144045 8.5 1216
1766854145066 8.5 1217
1766854146087 8.5 1218
1766854147107 8.5 1219
1766854148126 8.5 1220
1766854149146 8.5 1221
1766854150166 8.5 1222
1766854151186 8.5 1223
1766854152207 8.5 1224
1766854153226 8.5 1225
1766854157175 8.5 1226
1766854158195 8.5 1227
1766854159215 8.5 1228
1766854160235 8.5 1229
1766854161255 8.5 1230
1766854162274 8.5 1231
1766854163295 8.5 1232
1766854164353 8.5 1233
1766854165376 8.5 1234
1766854166397 8.5 1235
1766854167418 8.5 1236
1766854168438 8.5 1237
1766854169459 8.5 1238
1766854170479 8.5 1239
1766854171499 8.5 1240
1766854172520 8.5 1241
1766854173541 8.5 1242
1766854174561 8.5 1243
1766854175581 8.5 1244
1766854176601 8.5 1245
1766854177622 8.5 1246
1766854178643 8.5 1247
1766854179663 8.5 1248
1766854180688 8.5 1249
1766854181707 8.5 1250
1766854182728 8.5 1251
1766854183747 8.5 1252
1766854184770 8.5 1253
1766854185791 8.5 1254
1766854186811 8.5 1255
1766854187831 8.5 1256
1766854188851 8.5 1257
1766854192807 8.5 1258
1766854193831 8.5 1259
1766854194854 8.5 1260
1766854195877 8.5 1261
1766854196901 8.5 1262
1766854197923 8.5 1263
1766854198947 8.5 1264
1766854199980 8.5 1265
1766854201005 8.5 1266
1766854202045 8.5 1267
1766854203066 8.5 1268
1766854204088 8.5 1269
1766854205108 8.5 1270
1766854206143 8.5 1271
1766854207169 8.5 1272
1766854208205 8.5 1273
1766854209227 8.5 1274
1766854210248 8.5 1275
1766854211272 8.5 1276
1766854212296 8.5 1277
1766854213316 8.5 1278
1766854214338 8.5 1279
1766854215358 8.5 1280
1766854216391 8.5 1281
1766854217951 8.5 1282
1766854218972 8.5 1283
1766854219997 8.5 1284
1766854221021 8.5 1285
1766854222048 8.5 1286
1766854223073 8.5 1287
1766854227036 8.5 1288
1766854228061 8.5 1289
1766854229085 8.5 1290
1766854230146 8.5 1291
1766854231171 8.5 1292
1766854232196 8.5 1293
1766854233230 8.5 1294
1766854234247 8.5 1295
1766854235267 8.5 1296
1766854236292 8.5 1297
1766854237316 8.5 1298
1766854238341 8.5 1299
1766854239363 8.5 1300
1766854240406 8.5 1301
1766854241428 8.5 1302
1766854242479 8.5 1303
1766854243500 8.5 1304
1766854244521 8.5 1305
1766854245542 8.5 1306
1766854246561 8.5 1307
1766854247582 8.5 1308
1766854248602 8.5 1309
1766854249626 8.5 1310
1766854250659 8.5 1311
1766854251685 8.5 1312
1766854252722 8.5 1313
1766854253744 8.5 1314
1766854254766 8.5 1315
1766854255783 8.5 1316
1766854256805 8.5 1317
1766854257830 8.5 1318
1766854258856 8.5 1319
1766854262802 8.5 1320
1766854263824 8.5 1321
1766854264849 8.5 1322
1766854265870 8.5 1323
1766854266892 8.5 1324
1766854267914 8.5 1325
1766854268937 8.5 1326
1766854269962 8.5 1327
1766854270984 8.5 1328
1766854272006 8.5 1329
1766854273027 8.5 1330
1766854274053 8.5 1331
1766854275075 8.5 1332
1766854276103 8.5 1333
1766854277125 8.5 1334
1766854278163 8.5 1335
1766854279188 8.5 1336
1766854280229 8.5 1337
1766854281255 8.5 1338
1766854282279 8.5 1339
1766854283305 8.5 1340
1766854284326 8.5 1341
1766854285352 8.5 1342
1766854286375 8.5 1343
1766854287411 8.5 1344
1766854288435 8.5 1345
1766854289459 8.5 1346
1766854290481 8.5 1347
1766854291502 8.5 1348
1766854292525 8.5 1349
1766854293548 8.5 1350
1766854297502 8.5 1351
1766854298530 8.5 1352
1766854299555 8.5 1353
1766854300577 8.5 1354
1766854301603 8.5 1355
1766854302625 8.5 1356
1766854303647 8.5 1357
1766854304668 8.5 1358
1766854305691 8.5 1359
1766854306713 8.5 1360
1766854307736 8.5 1361
1766854308757 8.5 1362
1766854309779 8.5 1363
1766854310805 8.5 1364
1766854311829 8.5 1365
1766854312853 8.5 1366
1766854313876 8.5 1367
1766854314895 8.5 1368
1766854315935 8.5 1369
1766854316972 8.5 1370
1766854317994 8.5 1371
1766854319033 8.5 1372
1766854320055 8.5 1373
1766854321089 8.5 1374
1766854322115 8.5 1375
1766854323137 8.5 1376
1766854324160 8.5 1377
1766854325185 8.5 1378
1766854326211 8.5 1379
1766854327248 8.5 1380
1766854328274 8.5 1381
1766854329300 8.5 1382
1766854333256 8.5 1383
1766854334301 8.5 1384
1766854335325 8.5 1385
1766854336347 8.5 1386
1766854337374 8.5 1387
1766854338399 8.5 1388
1766854339425 8.5 1389
1766854340448 8.5 1390
1766854341474 8.5 1391
1766854342497 8.5 1392
1766854343520 8.5 1393
1766854344542 8.5 1394
1766854345564 8.5 1395
1766854346590 8.5 1396
1766854347616 8.5 1397
1766854348633 8.5 1398
1766854349656 8.5 1399
1766854350682 8.5 1400
1766854351705 8.5 1401
1766854352729 8.5 1402
1766854353759 8.5 1403
1766854354787 8.5 1404
1766854355811 8.5 1405
1766854356832 8.5 1406
1766854357859 8.5 1407
1766854358883 8.5 1408
1766854359906 8.5 1409
1766854360929 8.5 1410
1766854361952 8.5 1411
1766854362977 8.5 1412
1766854364001 8.5 1413
1766854367974 8.5 1414
1766854368999 8.5 1415
1766854370022 8.5 1416
1766854371048 8.5 1417
1766854372080 8.5 1418
1766854373105 8.5 1419
1766854374127 8.5 1420
1766854375152 8.5 1421
1766854376175 8.5 1422
1766854377213 8.5 1423
1766854378238 8.5 1424
1766854379262 8.5 1425
1766854380285 8.5 1426
1766854381311 8.5 1427
1766854382337 8.5 1428
1766854383361 8.5 1429
1766854384397 8.5 1430
1766854385422 8.5 1431
1766854386466 8.5 1432
1766854387491 8.5 1433
1766854388518 8.5 1434
1766854389542 8.5 1435
1766854390569 8.5 1436
1766854391593 8.5 1437
1766854392620 8.5 1438
1766854393646 8.5 1439
1766854394670 8.5 1440
1766854395696 8.5 1441
1766854396720 8.5 1442
1766854397746 8.5 1443
1766854398773 8.5 1444
1766854399809 8.5 1445
1766854403766 8.5 1446
1766854404793 8.5 1447
1766854405817 8.5 1448
1766854406844 8.5 1449
1766854407869 8.5 1450
1766854408897 8.5 1451
1766854409934 8.5 1452
1766854410978 8.5 1453
1766854412005 8.5 1454
1766854413032 8.5 1455
1766854414059 8.5 1456
1766854415083 8.5 1457
1766854416119 8.5 1458
1766854417144 8.5 1459
1766854418169 8.5 1460
1766854419193 8.5 1461
1766854420245 8.5 1462
1766854421275 8.5 1463
1766854422300 8.5 1464
1766854423328 8.5 1465
1766854424354 8.5 1466
1766854425388 8.5 1467
1766854426415 8.5 1468
1766854427440 8.5 1469
1766854428492 8.5 1470
1766854429520 8.5 1471
1766854430546 8.5 1472
1766854431572 8.5 1473
1766854432598 8.5 1474
1766854433624 8.5 1475
1766854434647 8.5 1476
1766854438593 8.5 1477
1766854439619 8.5 1478
1766854440644 8.5 1479
1766854441668 8.5 1480
1766854442692 8.5 1481
1766854443748 8.5 1482
1766854444773 8.5 1483
1766854445798 8.5 1484
1766854446827 8.5 1485
1766854447872 8.5 1486
1766854448911 8.5 1487
1766854449938 8.5 1488
1766854450963 8.5 1489
1766854451996 8.5 1490
1766854453024 8.5 1491
1766854454049 8.5 1492
1766854455123 8.5 1493
1766854456153 8.5 1494
1766854457194 8.5 1495
1766854458220 8.5 1496
1766854459246 8.5 1497
1766854460271 8.5 1498
1766854461298 8.5 1499
1766854462324 8.5 1500
1766854463349 8.5 1501
1766854464401 8.5 1502
1766854465430 8.5 1503
1766854466458 8.5 1504
1766854467508 8.5 1505
1766854468532 8.5 1506
1766854469577 8.5 1507
1766854473537 8.5 1508
1766854474589 8.5 1509
1766854475614 8.5 1510
1766854476639 8.5 1511
1766854477668 8.5 1512
1766854478693 8.5 1513
1766854479721 8.5 1514
1766854480753 8.5 1515
1766854481782 8.5 1516
1766854482808 8.5 1517
1766854483849 8.5 1518
1766854484874 8.5 1519
1766854485922 8.5 1520
1766854486947 8.5 1521
1766854487973 8.5 1522
1766854488997 8.5 1523
1766854490027 8.5 1524
1766854491052 8.5 1525
1766854492080 8.5 1526
1766854493105 8.5 1527
1766854494141 8.5 1528
1766854495166 8.5 1529
1766854496191 8.5 1530
1766854497216 8.5 1531
1766854498240 8.5 1532
1766854499266 8.5 1533
1766854500291 8.5 1534
1766854501335 8.5 1535
1766854502385 8.5 1536
1766854503414 8.5 1537
1766854504438 8.5 1538
1766854505488 8.5 1539
1766854509443 8.5 1540
1766854510471 8.5 1541
1766854511498 8.5 1542
1766854512548 8.5 1543
1766854513576 8.5 1544
1766854514603 8.5 1545
1766854515622 8.5 1546
1766854516648 8.5 1547
1766854517672 8.5 1548
1766854518701 8.5 1549
1766854519730 8.5 1550
1766854520794 8.5 1551
1766854521823 8.5 1552
1766854522848 8.5 1553
1766854523875 8.5 1554
1766854524918 8.5 1555
1766854525945 8.5 1556
1766854526971 8.5 1557
1766854527996 8.5 1558
1766854529022 8.5 1559
1766854530047 8.5 1560
1766854531072 8.5 1561
1766854532094 8.5 1562
1766854533118 8.5 1563
1766854534143 8.5 1564
1766854535169 8.5 1565
1766854536196 8.5 1566
1766854537248 8.5 1567
1766854538274 8.5 1568
1766854539302 8.5 1569
1766854540336 8.5 1570
1766854544291 8.5 1571
1766854545318 8.5 1572
1766854546343 8.5 1573
1766854547384 8.5 1574
1766854548410 8.5 1575
1766854549438 8.5 1576
1766854550464 8.5 1577
1766854551508 8.5 1578
1766854552533 8.5 1579
1766854553559 8.5 1580
1766854554584 8.5 1581
1766854555614 8.5 1582
1766854556640 8.5 1583
1766854557669 8.5 1584
1766854558696 8.5 1585
1766854559744 8.5 1586
1766854560769 8.5 1587
1766854561799 8.5 1588
1766854562826 8.5 1589
1766854563863 8.5 1590
1766854564892 8.5 1591
1766854565918 8.5 1592
1766854566945 8.5 1593
1766854567972 8.5 1594
1766854568999 8.5 1595
1766854570029 8.5 1596
1766854571057 8.5 1597
1766854572095 8.5 1598
1766854573123 8.5 1599
1766854574165 8.5 1600
1766854575191 8.5 1601
1766854579148 8.5 1602
1766854580174 8.5 1603
1766854581213 8.5 1604
1766854582241 8.5 1605
1766854583273 8.5 1606
1766854584301 8.5 1607
1766854585326 8.5 1608
1766854586352 8.5 1609
1766854587405 8.5 1610
1766854588432 8.5 1611
1766854589482 8.5 1612
1766854590509 8.5 1613
1766854591535 8.5 1614
1766854592563 8.5 1615
1766854593589 8.5 1616
1766854594616 8.5 1617
1766854595642 8.5 1618
1766854596671 8.5 1619
1766854597696 8.5 1620
1766854598724 8.5 1621
1766854599750 8.5 1622
1766854600777 8.5 1623
1766854601804 8.5 1624
1766854602833 8.5 1625
1766854603877 8.5 1626
1766854604905 8.5 1627
1766854605931 8.5 1628
1766854606959 8.5 1629
1766854607991 8.5 1630
1766854609018 8.5 1631
1766854610048 8.5 1632
1766854614011 8.5 1633
1766854615039 8.5 1634
1766854616068 8.5 1635
1766854617094 8.5 1636
1766854618120 8.5 1637
1766854619166 8.5 1638
1766854620194 8.5 1639
1766854621221 8.5 1640
1766854622251 8.5 1641
1766854623280 8.5 1642
1766854624308 8.5 1643
1766854625338 8.5 1644
1766854626368 8.5 1645
1766854627409 8.5 1646
1766854628436 8.5 1647
1766854629463 8.5 1648
1766854630490 8.5 1649
1766854631516 8.5 1650
1766854632543 8.5 1651
1766854633570 8.5 1652
1766854634597 8.5 1653
1766854635624 8.5 1654
1766854636650 8.5 1655
1766854637699 8.5 1656
1766854638725 8.5 1657
1766854639754 8.5 1658
1766854640784 8.5 1659
1766854641815 8.5 1660
1766854642843 8.5 1661
1766854643875 8.5 1662
1766854644902 8.5 1663
1766854645955 8.5 1664
1766854649907 8.5 1665
1766854650941 8.5 1666
1766854651967 8.5 1667
1766854652994 8.5 1668
1766854654023 8.5 1669
1766854655072 8.5 1670
1766854656100 8.5 1671
1766854657130 8.5 1672
1766854658160 8.5 1673
1766854659190 8.5 1674
1766854660220 8.5 1675
1766854661251 8.5 1676
1766854662281 8.5 1677
1766854663301 8.5 1678
1766854664329 8.5 1679
1766854665360 8.5 1680
1766854666387 8.5 1681
1766854667418 8.5 1682
1766854668444 8.5 1683
1766854669471 8.5 1684
1766854670502 8.5 1685
1766854671548 8.5 1686
1766854672576 8.5 1687
1766854673603 8.5 1688
1766854674633 8.5 1689
1766854675663 8.5 1690
1766854676690 8.5 1691
1766854677720 8.5 1692
1766854678747 8.5 1693
1766854679778 8.5 1694
1766854680824 8.5 1695
1766854684787 8.5 1696
1766854685872 8.5 1697
1766854686907 8.5 1698
1766854687936 8.5 1699
1766854688979 8.5 1700
1766854690007 8.5 1701
1766854691037 8.5 1702
1766854692067 8.5 1703
1766854693100 8.5 1704
1766854694127 8.5 1705
1766854695157 8.5 1706
1766854696184 8.5 1707
1766854697218 8.5 1708
1766854698245 8.5 1709
1766854699273 8.5 1710
1766854700304 8.5 1711
1766854701355 8.5 1712
1766854702384 8.5 1713
1766854703411 8.5 1714
1766854704441 8.5 1715
1766854705468 8.5 1716
1766854706497 8.5 1717
1766854707547 8.5 1718
1766854708575 8.5 1719
1766854709609 8.5 1720
1766854710638 8.5 1721
1766854711675 8.5 1722
1766854712703 8.5 1723
1766854713730 8.5 1724
1766854714759 8.5 1725
1766854716270 8.5 1726
1766854720232 8.5 1727
1766854721266 8.5 1728
1766854722294 8.5 1729
1766854723322 8.5 1730
1766854724353 8.5 1731
1766854725382 8.5 1732
1766854726410 8.5 1733
1766854727438 8.5 1734
1766854728469 8.5 1735
1766854729496 8.5 1736
1766854730529 8.5 1737
1766854731556 8.5 1738
1766854732588 8.5 1739
1766854733619 8.5 1740
1766854734650 8.5 1741
1766854735680 8.5 1742
1766854736701 8.5 1743
1766854737745 8.5 1744
1766854738775 8.5 1745
1766854739806 8.5 1746
1766854740839 8.5 1747
1766854741869 8.5 1748
1766854742901 8.5 1749
1766854743928 8.5 1750
1766854744956 8.5 1751
1766854745984 8.5 1752
1766854747011 8.5 1753
1766854748042 8.5 1754
1766854749082 8.5 1755
1766854750110 8.5 1756
1766854751142 8.5 1757
1766854755091 8.5 1758
1766854756118 8.5 1759
1766854757147 8.5 1760
1766854758168 8.5 1761
1766854759196 8.5 1762
1766854760226 8.5 1763
1766854761255 8.5 1764
1766854762283 8.5 1765
1766854763319 8.5 1766
1766854764347 8.5 1767
1766854765378 8.5 1768
1766854766409 8.5 1769
1766854767437 8.5 1770
1766854768465 8.5 1771
1766854769494 8.5 1772
1766854770521 8.5 1773
1766854771554 8.5 1774
1766854772584 8.5 1775
1766854773615 8.5 1776
1766854774645 8.5 1777
1766854775674 8.5 1778
1766854776702 8.5 1779
1766854777734 8.5 1780
1766854778766 8.5 1781
1766854779810 8.5 1782
1766854780843 8.5 1783
1766854781875 8.5 1784
1766854782904 8.5 1785
1766854783949 8.5 1786
1766854784977 8.5 1787
1766854786026 8.5 1788
1766854789993 8.5 1789
1766854791027 8.5 1790
1766854792055 8.5 1791
1766854793083 8.5 1792
1766854794111 8.5 1793
1766854795141 8.5 1794
1766854796170 8.5 1795
1766854797200 8.5 1796
1766854798233 8.5 1797
1766854799266 8.5 1798
1766854800295 8.5 1799
1766854801324 8.5 1800
1766854802355 8.5 1801
1766854803388 8.5 1802
1766854804418 8.5 1803
1766854805447 8.5 1804
1766854806478 8.5 1805
1766854807512 8.5 1806
1766854808540 8.5 1807
1766854809570 8.5 1808
1766854810617 8.5 1809
1766854811654 8.5 1810
1766854812683 8.5 1811
1766854813717 8.5 1812
1766854814748 8.5 1813
1766854815778 8.5 1814
1766854816808 8.5 1815
1766854817838 8.5 1816
1766854818868 8.5 1817
1766854819899 8.5 1818
1766854820929 8.5 1819
1766854821962 8.5 1820
1766854825921 8.5 1821
1766854826952 8.5 1822
1766854827981 8.5 1823
1766854829012 8.5 1824
1766854830041 8.5 1825
1766854831075 8.5 1826
1766854832105 8.5 1827
1766854833137 8.5 1828
1766854834169 8.5 1829
1766854835206 8.5 1830
1766854836234 8.5 1831
1766854837264 8.5 1832
1766854838294 8.5 1833
1766854839328 8.5 1834
1766854840361 8.5 1835
1766854841395 8.5 1836
1766854842448 8.5 1837
1766854843479 8.5 1838
1766854844510 8.5 1839
1766854845536 8.5 1840
1766854846565 8.5 1841
1766854847598 8.5 1842
1766854848628 8.5 1843
1766854849654 8.5 1844
1766854850684 8.5 1845
1766854851716 8.5 1846
1766854852747 8.5 1847
1766854853777 8.5 1848
1766854854806 8.5 1849
1766854855860 8.5 1850
1766854856893 8.5 1851
1766854860873 8.5 1852
1766854861905 8.5 1853
1766854862941 8.5 1854
1766854863972 8.5 1855
1766854865003 8.5 1856
1766854866034 8.5 1857
1766854867067 8.5 1858
1766854868111 8.5 1859
1766854869146 8.5 1860
1766854870178 8.5 1861
1766854871212 8.5 1862
1766854872245 8.5 1863
1766854873277 8.5 1864
1766854874309 8.5 1865
1766854875354 8.5 1866
1766854876393 8.5 1867
1766854877424 8.5 1868
1766854878457 8.5 1869
1766854879492 8.5 1870
1766854880522 8.5 1871
1766854881553 8.5 1872
1766854882582 8.5 1873
1766854883629 8.5 1874
1766854884662 8.5 1875
1766854885694 8.5 1876
1766854886747 8.5 1877
1766854887778 8.5 1878
1766854888807 8.5 1879
1766854889837 8.5 1880
1766854890867 8.5 1881
1766854891900 8.5 1882
1766854895863 8.5 1883
1766854896897 8.5 1884
1766854897926 8.5 1885
1766854898960 8.5 1886
1766854899991 8.5 1887
1766854901021 8.5 1888
1766854902066 8.5 1889
1766854903091 8.5 1890
1766854904121 8.5 1891
1766854905155 8.5 1892
1766854906185 8.5 1893
1766854907229 8.5 1894
1766854908262 8.5 1895
1766854909296 8.5 1896
1766854910334 8.5 1897
1766854911380 8.5 1898
1766854912413 8.5 1899
1766854913448 8.5 1900
1766854914495 8.5 1901
1766854915526 8.5 1902
1766854916556 8.5 1903
1766854917586 8.5 1904
1766854918621 8.5 1905
1766854919653 8.5 1906
1766854920682 8.5 1907
1766854921714 8.5 1908
1766854922746 8.5 1909
1766854923778 8.5 1910
1766854924807 8.5 1911
1766854925847 8.5 1912
1766854926878 8.5 1913
1766854930834 8.5 1914
1766854931881 8.5 1915
1766854932916 8.5 1916
1766854933946 8.5 1917
1766854934977 8.5 1918
1766854936009 8.5 1919
1766854937044 8.5 1920
1766854938078 8.5 1921
1766854939109 8.5 1922
1766854940155 8.5 1923
1766854941194 8.5 1924
1766854942239 8.5 1925
1766854943289 8.5 1926
1766854944804 8.5 1927
1766854945837 8.5 1928
1766854946898 8.5 1929
1766854947933 8.5 1930
1766854948968 8.5 1931
1766854950001 8.5 1932
1766854951053 8.5 1933
1766854952099 8.5 1934
1766854953132 8.5 1935
1766854954164 8.5 1936
1766854955201 8.5 1937
1766854956247 8.5 1938
1766854957283 8.5 1939
1766854958340 8.5 1940
1766854959373 8.5 1941
1766854960406 8.5 1942
1766854961438 8.5 1943
1766854962472 8.5 1944
1766854966443 8.5 1945
1766854967474 8.5 1946
1766854968506 8.5 1947
1766854969538 8.5 1948
1766854970571 8.5 1949
1766854971605 8.5 1950
1766854972638 8.5 1951
1766854973692 8.5 1952
1766854974733 8.5 1953
1766854975813 8.5 1954
1766854976847 8.5 1955
1766854977879 8.5 1956
1766854978930 8.5 1957
1766854979961 8.5 1958
1766854980995 8.5 1959
1766854982027 8.5 1960
1766854983058 8.5 1961
1766854984090 8.5 1962
1766854985121 8.5 1963
1766854986175 8.5 1964
1766854987209 8.5 1965
1766854988241 8.5 1966
1766854989273 8.5 1967
1766854990305 8.5 1968
1766854991338 8.5 1969
1766854992370 8.5 1970
1766854993401 8.5 1971
1766854994438 8.5 1972
1766854995477 8.5 1973
1766854996509 8.5 1974
1766854997542 8.5 1975
1766855001517 8.5 1976
1766855002550 8.5 1977
1766855003589 8.5 1978
1766855004627 8.5 1979
1766855005693 8.5 1980
1766855006725 8.5 1981
1766855007761 8.5 1982
1766855008794 8.5 1983
1766855009828 8.5 1984
1766855010862 8.5 1985
1766855011896 8.5 1986
1766855012928 8.5 1987
1766855013961 8.5 1988
1766855015008 8.5 1989
1766855016044 8.5 1990
1766855017077 8.5 1991
1766855018124 8.5 1992
1766855019157 8.5 1993
1766855020199 8.5 1994
1766855021230 8.5 1995
1766855022265 8.5 1996
1766855023302 8.5 1997
1766855024335 8.5 1998
1766855025369 8.5 1999
1766855026406 8.5 2000
1766855027445 8.5 2001
1766855028496 8.5 2002
1766855029533 8.5 2003
1766855030577 8.5 2004
1766855031612 8.5 2005
1766855032648 8.5 2006
1766855036616 8.5 2007
1766855037649 8.5 2008
1766855038682 8.5 2009
1766855039719 8.5 2010
1766855040753 8.5 2011
1766855041784 8.5 2012
1766855042817 8.5 2013
1766855043852 8.5 2014
1766855044903 8.5 2015
1766855045940 8.5 2016
1766855046974 8.5 2017
1766855048006 8.5 2018
1766855049054 8.5 2019
1766855050088 8.5 2020
1766855051120 8.5 2021
1766855052161 8.5 2022
1766855053195 8.5 2023
1766855054240 8.5 2024
1766855055274 8.5 2025
1766855056306 8.5 2026
1766855057339 8.5 2027
1766855058379 8.5 2028
1766855059441 8.5 2029
1766855060472 8.5 2030
1766855061507 8.5 2031
1766855062542 8.5 2032
1766855063574 8.5 2033
1766855064625 8.5 2034
1766855065657 8.5 2035
1766855066689 8.5 2036
1766855067722 8.5 2037
1766855071689 8.5 2038
1766855072718 8.5 2039
1766855073752 8.5 2040
1766855074788 8.5 2041
1766855075855 8.5 2042
1766855076911 8.5 2043
1766855077961 8.5 2044
1766855078994 8.5 2045
1766855080043 8.5 2046
1766855081078 8.5 2047
1766855082126 8.5 2048
1766855083159 8.5 2049
1766855084195 8.5 2050
1766855085238 8.5 2051
1766855086278 8.5 2052
1766855087321 8.5 2053
1766855088354 8.5 2054
1766855089401 8.5 2055
1766855090436 8.5 2056
1766855091476 8.5 2057
1766855092515 8.5 2058
1766855093553 8.5 2059
1766855094591 8.5 2060
1766855095625 8.5 2061
1766855096667 8.5 2062
1766855097700 8.5 2063
1766855098734 8.5 2064
1766855099767 8.5 2065
1766855100802 8.5 2066
1766855101846 8.5 2067
1766855102896 8.5 2068
1766855106859 8.5 2069
1766855107910 8.5 2070
1766855108943 8.5 2071
1766855109993 8.5 2072
1766855111029 8.5 2073
1766855112064 8.5 2074
1766855113115 8.5 2075
1766855114147 8.5 2076
1766855115183 8.5 2077
1766855116217 8.5 2078
1766855117254 8.5 2079
1766855118291 8.5 2080
1766855119324 8.5 2081
1766855120356 8.5 2082
1766855121390 8.5 2083
1766855122430 8.5 2084
1766855123464 8.5 2085
1766855124497 8.5 2086
1766855125535 8.5 2087
1766855126568 8.5 2088
1766855127604 8.5 2089
1766855128637 8.5 2090
1766855129676 8.5 2091
1766855130732 8.5 2092
1766855131770 8.5 2093
1766855132813 8.5 2094
1766855133849 8.5 2095
1766855134886 8.5 2096
1766855135921 8.5 2097
1766855136962 8.5 2098
1766855137995 8.5 2099
1766855141988 8.5 2100
1766855143030 8.5 2101
1766855144065 8.5 2102
1766855145104 8.5 2103
1766855146147 8.5 2104
1766855147183 8.5 2105
1766855148219 8.5 2106
1766855149255 8.5 2107
1766855150292 8.5 2108
1766855151328 8.5 2109
1766855152363 8.5 2110
1766855153397 8.5 2111
1766855154435 8.5 2112
1766855155468 8.5 2113
1766855156502 8.5 2114
1766855157543 8.5 2115
1766855158597 8.5 2116
1766855159634 8.5 2117
1766855160674 8.5 2118
1766855161712 8.5 2119
1766855162748 8.5 2120
1766855163785 8.5 2121
1766855164820 8.5 2122
1766855165853 8.5 2123
1766855166890 8.5 2124
1766855167924 8.5 2125
1766855168961 8.5 2126
1766855169996 8.5 2127
1766855171034 8.5 2128
1766855172072 8.5 2129
1766855173145 8.5 2130
1766855177130 8.5 2131
1766855178175 8.5 2132
1766855179219 8.5 2133
1766855180319 8.5 2134
1766855181358 8.5 2135
1766855182398 8.5 2136
1766855183441 8.5 2137
1766855184478 8.5 2138
1766855185515 8.5 2139
1766855186552 8.5 2140
1766855188057 8.5 2141
1766855189095 8.5 2142
1766855190130 8.5 2143
1766855191165 8.5 2144
1766855192228 8.5 2145
1766855193273 8.5 2146
1766855194313 8.5 2147
1766855195346 8.5 2148
1766855196384 8.5 2149
1766855197420 8.5 2150
1766855198464 8.5 2151
1766855199509 8.5 2152
1766855200571 8.5 2153
1766855201606 8.5 2154
1766855202641 8.5 2155
1766855203675 8.5 2156
1766855204709 8.5 2157
1766855205747 8.5 2158
1766855206820 8.5 2159
1766855207856 8.5 2160
1766855208893 8.5 2161
1766855212860 8.5 2162
1766855213895 8.5 2163
1766855214932 8.5 2164
1766855215966 8.5 2165
1766855217004 8.5 2166
1766855218038 8.5 2167
1766855219073 8.5 2168
1766855220107 8.5 2169
1766855221143 8.5 2170
1766855222177 8.5 2171
1766855223212 8.5 2172
1766855224247 8.5 2173
1766855225279 8.5 2174
1766855226335 8.5 2175
1766855227370 8.5 2176
1766855228409 8.5 2177
1766855229443 8.5 2178
1766855230480 8.5 2179
1766855231514 8.5 2180
1766855232549 8.5 2181
1766855233583 8.5 2182
1766855234620 8.5 2183
1766855235658 8.5 2184
1766855236692 8.5 2185
1766855237727 8.5 2186
1766855238766 8.5 2187
1766855239807 8.5 2188
1766855240841 8.5 2189
1766855241890 8.5 2190
1766855242938 8.5 2191
1766855243974 8.5 2192
1766855247941 8.5 2193
1766855248977 8.5 2194
1766855250015 8.5 2195
1766855251050 8.5 2196
1766855252090 8.5 2197
1766855253141 8.5 2198
1766855254180 8.5 2199
1766855255224 8.5 2200
1766855256265 8.5 2201
1766855257304 8.5 2202
1766855258361 8.5 2203
1766855259410 8.5 2204
1766855260447 8.5 2205
1766855261485 8.5 2206
1766855262522 8.5 2207
1766855263558 8.5 2208
1766855264594 8.5 2209
1766855265648 8.5 2210
1766855266683 8.5 2211
1766855267721 8.5 2212
1766855268785 8.5 2213
1766855269823 8.5 2214
1766855270857 8.5 2215
1766855271892 8.5 2216
1766855272926 8.5 2217
1766855273965 8.5 2218
1766855275009 8.5 2219
1766855276045 8.5 2220
1766855277081 8.5 2221
1766855278115 8.5 2222
1766855279149 8.5 2223
1766855283107 8.5 2224
1766855284143 8.5 2225
1766855285186 8.5 2226
1766855286235 8.5 2227
1766855287270 8.5 2228
1766855288324 8.5 2229
1766855289362 8.5 2230
1766855290397 8.5 2231
1766855291435 8.5 2232
1766855292471 8.5 2233
1766855293505 8.5 2234
1766855294541 8.5 2235
1766855295576 8.5 2236
1766855296615 8.5 2237
1766855297650 8.5 2238
1766855298687 8.5 2239
1766855299725 8.5 2240
1766855300761 8.5 2241
1766855301828 8.5 2242
1766855302888 8.5 2243
1766855303927 8.5 2244
1766855304955 8.5 2245
1766855305990 8.5 2246
1766855307035 8.5 2247
1766855308074 8.5 2248
1766855309109 8.5 2249
1766855310149 8.5 2250
1766855311185 8.5 2251
1766855312233 8.5 2252
1766855313270 8.5 2253
1766855314308 8.5 2254
1766855318278 8.5 2255
1766855319314 8.5 2256
1766855320353 8.5 2257
1766855321388 8.5 2258
1766855322427 8.5 2259
1766855323463 8.5 2260
1766855324500 8.5 2261
1766855325550 8.5 2262
1766855326602 8.5 2263
1766855327638 8.5 2264
1766855328677 8.5 2265
1766855329714 8.5 2266
1766855330750 8.5 2267
1766855331791 8.5 2268
1766855332830 8.5 2269
1766855333868 8.5 2270
1766855334904 8.5 2271
1766855335948 8.5 2272
1766855337009 8.5 2273
1766855338047 8.5 2274
1766855339099 8.5 2275
1766855340134 8.5 2276
1766855341178 8.5 2277
1766855342222 8.5 2278
1766855343267 8.5 2279
1766855344305 8.5 2280
1766855345352 8.5 2281
1766855346390 8.5 2282
1766855347427 8.5 2283
1766855348465 8.5 2284
1766855349507 8.5 2285
1766855353471 8.5 2286
1766855354523 8.5 2287
1766855355561 8.5 2288
1766855356598 8.5 2289
1766855357633 8.5 2290
1766855358674 8.5 2291
1766855359712 8.5 2292
1766855360752 8.5 2293
1766855361789 8.5 2294
1766855362827 8.5 2295
1766855363866 8.5 2296
1766855364902 8.5 2297
1766855365938 8.5 2298
1766855366975 8.5 2299
1766855368012 8.5 2300
1766855369051 8.5 2301
1766855370088 8.5 2302
1766855371129 8.5 2303
1766855372174 8.5 2304
1766855373215 8.5 2305
1766855374255 8.5 2306
1766855375295 8.5 2307
1766855376334 8.5 2308
1766855377376 8.5 2309
1766855378415 8.5 2310
1766855379461 8.5 2311
1766855380497 8.5 2312
1766855381547 8.5 2313
1766855382583 8.5 2314
1766855383625 8.5 2315
1766855384667 8.5 2316
1766855388656 8.5 2317
1766855389693 8.5 2318
1766855390730 8.5 2319
1766855391767 8.5 2320
1766855392809 8.5 2321
1766855393853 8.5 2322
1766855394891 8.5 2323
1766855395946 8.5 2324
1766855397095 8.5 2325
1766855398133 8.5 2326
1766855399174 8.5 2327
1766855400216 8.5 2328
1766855401254 8.5 2329
1766855402322 8.5 2330
1766855403370 8.5 2331
1766855404411 8.5 2332
1766855405462 8.5 2333
1766855406501 8.5 2334
1766855407544 8.5 2335
1766855408582 8.5 2336
1766855409622 8.5 2337
1766855410667 8.5 2338
1766855411726 8.5 2339
1766855412771 8.5 2340
1766855413811 8.5 2341
1766855414854 8.5 2342
1766855415911 8.5 2343
1766855416956 8.5 2344
1766855417994 8.5 2345
1766855419030 8.5 2346
1766855420070 8.5 2347
1766855424043 8.5 2348
1766855425088 8.5 2349
1766855426129 8.5 2350
1766855427165 8.5 2351
1766855428217 8.5 2352
1766855429267 8.5 2353
1766855430322 8.5 2354
1766855431374 8.5 2355
1766855432410 8.5 2356
1766855433452 8.5 2357
1766855434495 8.5 2358
1766855435534 8.5 2359
1766855436572 8.5 2360
1766855437612 8.5 2361
1766855438651 8.5 2362
1766855439692 8.5 2363
1766855440729 8.5 2364
1766855441767 8.5 2365
1766855442806 8.5 2366
1766855443847 8.5 2367
1766855444897 8.5 2368
1766855445950 8.5 2369
1766855446988 8.5 2370
1766855448026 8.5 2371
1766855449063 8.5 2372
1766855450114 8.5 2373
1766855451155 8.5 2374
1766855452195 8.5 2375
1766855453237 8.5 2376
1766855454274 8.5 2377
1766855455322 8.5 2378
1766855459295 8.5 2379
1766855460351 8.5 2380
1766855461393 8.5 2381
1766855462431 8.5 2382
1766855463469 8.5 2383
1766855464507 8.5 2384
1766855465550 8.5 2385
1766855466605 8.5 2386
1766855467642 8.5 2387
1766855468684 8.5 2388
1766855469740 8.5 2389
1766855470779 8.5 2390
1766855471818 8.5 2391
1766855472857 8.5 2392
1766855473894 8.5 2393
1766855474942 8.5 2394
1766855475982 8.5 2395
1766855477020 8.5 2396
1766855478062 8.5 2397
1766855479110 8.5 2398
1766855480170 8.5 2399
1766855481210 8.5 2400
1766855482256 8.5 2401
1766855483296 8.5 2402
1766855484401 8.5 2403
1766855485440 8.5 2404
1766855486949 8.5 2405
1766855487989 8.5 2406
1766855489030 8.5 2407
1766855490068 8.5 2408
1766855494081 8.5 2409
1766855495122 8.5 2410
1766855496162 8.5 2411
1766855497219 8.5 2412
1766855498263 8.5 2413
1766855499307 8.5 2414
1766855500363 8.5 2415
1766855501407 8.5 2416
1766855502444 8.5 2417
1766855503485 8.5 2418
1766855504528 8.5 2419
1766855505576 8.5 2420
1766855506670 8.5 2421
1766855507711 8.5 2422
1766855508749 8.5 2423
1766855509788 8.5 2424
1766855510820 8.5 2425
1766855511858 8.5 2426
1766855512915 8.5 2427
1766855513958 8.5 2428
1766855515001 8.5 2429
1766855516041 8.5 2430
1766855517082 8.5 2431
1766855518121 8.5 2432
1766855519162 8.5 2433
1766855520203 8.5 2434
1766855521242 8.5 2435
1766855522284 8.5 2436
1766855523322 8.5 2437
1766855524361 8.5 2438
1766855525400 8.5 2439
1766855529367 8.5 2440
1766855530407 8.5 2441
1766855531445 8.5 2442
1766855532485 8.5 2443
1766855533526 8.5 2444
1766855534570 8.5 2445
1766855535611 8.5 2446
1766855536649 8.5 2447
1766855537694 8.5 2448
1766855538743 8.5 2449
1766855539783 8.5 2450
1766855540824 8.5 2451
1766855541874 8.5 2452
1766855542948 8.5 2453
1766855543992 8.5 2454
1766855545061 8.5 2455
1766855546110 8.5 2456
1766855547152 8.5 2457
1766855548200 8.5 2458
1766855549251 8.5 2459
1766855550302 8.5 2460
1766855551366 8.5 2461
1766855552406 8.5 2462
1766855553448 8.5 2463
1766855554488 8.5 2464
1766855555531 8.5 2465
1766855556574 8.5 2466
1766855557614 8.5 2467
1766855558656 8.5 2468
1766855559700 8.5 2469
1766855560739 8.5 2470
1766855564715 8.5 2471
1766855565761 8.5 2472
1766855566823 8.5 2473
1766855567865 8.5 2474
1766855568908 8.5 2475
1766855569966 8.5 2476
1766855571009 8.5 2477
1766855572048 8.5 2478
1766855573089 8.5 2479
1766855574130 8.5 2480
1766855575180 8.5 2481
1766855576220 8.5 2482
1766855577273 8.5 2483
1766855578316 8.5 2484
1766855579356 8.5 2485
1766855580406 8.5 2486
1766855581449 8.5 2487
1766855582492 8.5 2488
1766855583544 8.5 2489
1766855584585 8.5 2490
1766855585628 8.5 2491
1766855586667 8.5 2492
1766855587714 8.5 2493
1766855588754 8.5 2494
1766855589798 8.5 2495
1766855590852 8.5 2496
1766855591894 8.5 2497
1766855592954 8.5 2498
1766855594017 8.5 2499
1766855595065 8.5 2500
1766855599049 8.5 2501
1766855600089 8.5 2502
1766855601137 8.5 2503
1766855602175 8.5 2504
1766855603216 8.5 2505
1766855604264 8.5 2506
1766855605303 8.5 2507
1766855606348 8.5 2508
1766855607387 8.5 2509
1766855608433 8.5 2510
1766855609480 8.5 2511
1766855610522 8.5 2512
1766855611562 8.5 2513
1766855612602 8.5 2514
1766855613647 8.5 2515
1766855614687 8.5 2516
1766855615729 8.5 2517
1766855616769 8.5 2518
1766855617820 8.5 2519
1766855618863 8.5 2520
1766855619903 8.5 2521
1766855620945 8.5 2522
1766855622003 8.5 2523
1766855623044 8.5 2524
1766855624084 8.5 2525
1766855625134 8.5 2526
1766855626187 8.5 2527
1766855627228 8.5 2528
1766855628270 8.5 2529
1766855629334 8.5 2530
1766855630383 8.5 2531
1766855634347 8.5 2532
1766855635391 8.5 2533
1766855636434 8.5 2534
1766855637484 8.5 2535
1766855638529 8.5 2536
1766855639576 8.5 2537
1766855640622 8.5 2538
1766855641682 8.5 2539
1766855642723 8.5 2540
1766855644213 8.5 2541
1766855645263 8.5 2542
1766855646308 8.5 2543
1766855647370 8.5 2544
1766855648410 8.5 2545
1766855649451 8.5 2546
1766855650505 8.5 2547
1766855651544 8.5 2548
1766855652588 8.5 2549
1766855653634 8.5 2550
1766855654680 8.5 2551
1766855655746 8.5 2552
1766855656785 8.5 2553
1766855657825 8.5 2554
1766855658868 8.5 2555
1766855659908 8.5 2556
1766855660952 8.5 2557
1766855661993 8.5 2558
1766855663033 8.5 2559
1766855664096 8.5 2560
1766855665136 8.5 2561
1766855666182 8.5 2562
1766855670160 8.5 2563
1766855671201 8.5 2564
1766855672244 8.5 2565
1766855673285 8.5 2566
1766855674325 8.5 2567
1766855675369 8.5 2568
1766855676416 8.5 2569
1766855677457 8.5 2570
1766855678503 8.5 2571
1766855679551 8.5 2572
1766855680592 8.5 2573
1766855681635 8.5 2574
1766855682677 8.5 2575
1766855683716 8.5 2576
1766855684760 8.5 2577
1766855685805 8.5 2578
1766855686853 8.5 2579
1766855687895 8.5 2580
1766855689132 8.5 2581
1766855690182 8.5 2582
1766855691239 8.5 2583
1766855692280 8.5 2584
1766855693327 8.5 2585
1766855694367 8.5 2586
1766855695412 8.5 2587
1766855696458 8.5 2588
1766855697520 8.5 2589
1766855698566 8.5 2590
1766855699608 8.5 2591
1766855700652 8.5 2592
1766855704635 8.5 2593
1766855705675 8.5 2594
1766855706718 8.5 2595
1766855707759 8.5 2596
1766855708813 8.5 2597
1766855709856 8.5 2598
1766855710905 8.5 2599
1766855711952 8.5 2600
1766855712996 8.5 2601
1766855714039 8.5 2602
1766855715079 8.5 2603
1766855716123 8.5 2604
1766855717183 8.5 2605
1766855718229 8.5 2606
1766855719288 8.5 2607
1766855720335 8.5 2608
1766855721383 8.5 2609
1766855722429 8.5 2610
1766855723471 8.5 2611
1766855724514 8.5 2612
1766855725555 8.5 2613
1766855726596 8.5 2614
1766855727638 8.5 2615
1766855728683 8.5 2616
1766855729725 8.5 2617
1766855730771 8.5 2618
1766855731837 8.5 2619
1766855732885 8.5 2620
1766855733933 8.5 2621
1766855734984 8.5 2622
1766855736033 8.5 2623
1766855739999 8.5 2624
1766855741050 8.5 2625
1766855742099 8.5 2626
1766855743141 8.5 2627
1766855744183 8.5 2628
1766855745225 8.5 2629
1766855746289 8.5 2630
1766855747337 8.5 2631
1766855748397 8.5 2632
1766855750015 8.5 2633
1766855751061 8.5 2634
1766855752108 8.5 2635
1766855753152 8.5 2636
1766855754201 8.5 2637
1766855755280 8.5 2638
1766855756330 8.5 2639
1766855757374 8.5 2640
1766855758418 8.5 2641
1766855759469 8.5 2642
1766855760513 8.5 2643
1766855761555 8.5 2644
1766855762597 8.5 2645
1766855763646 8.5 2646
1766855764694 8.5 2647
1766855765741 8.5 2648
1766855766782 8.5 2649
1766855767824 8.5 2650
1766855768870 8.5 2651
1766855769930 8.5 2652
1766855770996 8.5 2653
1766855774975 8.5 2654
1766855776016 8.5 2655
1766855777049 8.5 2656
1766855778111 8.5 2657
1766855779157 8.5 2658
1766855780200 8.5 2659
1766855781241 8.5 2660
1766855782287 8.5 2661
1766855783327 8.5 2662
1766855784370 8.5 2663
1766855785417 8.5 2664
1766855786461 8.5 2665
1766855787503 8.5 2666
1766855788547 8.5 2667
1766855789600 8.5 2668
1766855790654 8.5 2669
1766855791707 8.5 2670
1766855792759 8.5 2671
1766855793802 8.5 2672
1766855794845 8.5 2673
1766855795889 8.5 2674
1766855796943 8.5 2675
1766855797991 8.5 2676
1766855799034 8.5 2677
1766855800079 8.5 2678
1766855801127 8.5 2679
1766855802168 8.5 2680
1766855803211 8.5 2681
1766855804262 8.5 2682
1766855805316 8.5 2683
1766855806360 8.5 2684
1766855810331 8.5 2685
1766855811372 8.5 2686
1766855812422 8.5 2687
1766855813465 8.5 2688
1766855814512 8.5 2689
1766855815558 8.5 2690
1766855816605 8.5 2691
1766855817656 8.5 2692
1766855818698 8.5 2693
1766855819768 8.5 2694
1766855820832 8.5 2695
1766855821874 8.5 2696
1766855822933 8.5 2697
1766855823975 8.5 2698
1766855825027 8.5 2699
1766855826081 8.5 2700
1766855827137 8.5 2701
1766855828182 8.5 2702
1766855829226 8.5 2703
1766855830269 8.5 2704
1766855831313 8.5 2705
1766855832360 8.5 2706
1766855833405 8.5 2707
1766855834448 8.5 2708
1766855835490 8.5 2709
1766855836535 8.5 2710
1766855837577 8.5 2711
1766855838618 8.5 2712
1766855839660 8.5 2713
1766855840703 8.5 2714
1766855841747 8.5 2715
1766855845725 8.5 2716
1766855846767 8.5 2717
1766855847838 8.5 2718
1766855848879 8.5 2719
1766855849927 8.5 2720
1766855850970 8.5 2721
1766855852016 8.5 2722
1766855853060 8.5 2723
1766855854101 8.5 2724
1766855855142 8.5 2725
1766855856184 8.5 2726
1766855857230 8.5 2727
1766855858272 8.5 2728
1766855859318 8.5 2729
1766855860384 8.5 2730
1766855861431 8.5 2731
1766855862495 8.5 2732
1766855863538 8.5 2733
1766855864583 8.5 2734
1766855865625 8.5 2735
1766855866691 8.5 2736
1766855867750 8.5 2737
1766855868792 8.5 2738
1766855869834 8.5 2739
1766855870876 8.5 2740
1766855871917 8.5 2741
1766855872958 8.5 2742
1766855874007 8.5 2743
1766855875048 8.5 2744
1766855876093 8.5 2745
1766855877159 8.5 2746
1766855881135 8.5 2747
1766855882190 8.5 2748
1766855883239 8.5 2749
1766855884282 8.5 2750
1766855885325 8.5 2751
1766855886370 8.5 2752
1766855887417 8.5 2753
1766855888468 8.5 2754
1766855889513 8.5 2755
1766855890555 8.5 2756
1766855891602 8.5 2757
1766855892649 8.5 2758
1766855893698 8.5 2759
1766855894739 8.5 2760
1766855895785 8.5 2761
1766855896830 8.5 2762
1766855897872 8.5 2763
1766855898918 8.5 2764
1766855899962 8.5 2765
1766855901012 8.5 2766
1766855902055 8.5 2767
1766855903102 8.5 2768
1766855904147 8.5 2769
1766855905192 8.5 2770
1766855906238 8.5 2771
1766855907284 8.5 2772
1766855908334 8.5 2773
1766855909376 8.5 2774
1766855910417 8.5 2775
1766855911459 8.5 2776
1766855912506 8.5 2777
1766855916480 8.5 2778
1766855917532 8.5 2779
1766855918575 8.5 2780
1766855919639 8.5 2781
1766855920682 8.5 2782
1766855921730 8.5 2783
1766855922776 8.5 2784
1766855923823 8.5 2785
1766855924868 8.5 2786
1766855925914 8.5 2787
1766855926962 8.5 2788
1766855928008 8.5 2789
1766855929051 8.5 2790
1766855930099 8.5 2791
1766855931143 8.5 2792
1766855932188 8.5 2793
1766855933231 8.5 2794
1766855934277 8.5 2795
1766855935322 8.5 2796
1766855936373 8.5 2797
1766855937870 8.5 2798
1766855938916 8.5 2799
1766855939964 8.5 2800
1766855941010 8.5 2801
1766855942054 8.5 2802
1766855943100 8.5 2803
1766855944145 8.5 2804
1766855945192 8.5 2805
1766855946235 8.5 2806
1766855947281 8.5 2807
1766855951286 8.5 2808
1766855952329 8.5 2809
1766855953383 8.5 2810
1766855954429 8.5 2811
1766855955475 8.5 2812
1766855956521 8.5 2813
1766855957566 8.5 2814
1766855958616 8.5 2815
1766855959659 8.5 2816
1766855960709 8.5 2817
1766855961755 8.5 2818
1766855962805 8.5 2819
1766855963852 8.5 2820
1766855964902 8.5 2821
1766855965946 8.5 2822
1766855966990 8.5 2823
1766855968037 8.5 2824
1766855969096 8.5 2825
1766855970140 8.5 2826
1766855971182 8.5 2827
1766855972229 8.5 2828
1766855973283 8.5 2829
1766855974328 8.5 2830
1766855975389 8.5 2831
1766855976436 8.5 2832
1766855977495 8.5 2833
1766855978537 8.5 2834
1766855979583 8.5 2835
1766855980627 8.5 2836
1766855981670 8.5 2837
1766855982714 8.5 2838
1766855986701 8.5 2839
1766855987755 8.5 2840
1766855988800 8.5 2841
1766855989843 8.5 2842
1766855990889 8.5 2843
1766855991932 8.5 2844
1766855992975 8.5 2845
1766855994019 8.5 2846
1766855995062 8.5 2847
1766855996108 8.5 2848
1766855997155 8.5 2849
1766855998203 8.5 2850
1766855999246 8.5 2851
1766856000292 8.5 2852
1766856001339 8.5 2853
1766856002383 8.5 2854
1766856003449 8.5 2855
1766856004497 8.5 2856
1766856005542 8.5 2857
1766856006585 8.5 2858
1766856007632 8.5 2859
1766856008695 8.5 2860
1766856009749 8.5 2861
1766856010809 8.5 2862
1766856011858 8.5 2863
1766856012906 8.5 2864
1766856013951 8.5 2865
1766856015211 8.5 2866
1766856016271 8.5 2867
1766856017317 8.5 2868
1766856021296 8.5 2869
1766856022343 8.5 2870
1766856023379 8.5 2871
1766856024424 8.5 2872
1766856025471 8.5 2873
1766856026518 8.5 2874
1766856027562 8.5 2875
1766856028607 8.5 2876
1766856029652 8.5 2877
1766856030696 8.5 2878
1766856031744 8.5 2879
1766856032791 8.5 2880
1766856033838 8.5 2881
1766856034886 8.5 2882
1766856035933 8.5 2883
1766856036980 8.5 2884
1766856038045 8.5 2885
1766856039091 8.5 2886
1766856040138 8.5 2887
1766856041184 8.5 2888
1766856042227 8.5 2889
1766856043272 8.5 2890
1766856044321 8.5 2891
1766856045375 8.5 2892
1766856046423 8.5 2893
1766856047467 8.5 2894
1766856048513 8.5 2895
1766856049582 8.5 2896
1766856050627 8.5 2897
1766856051673 8.5 2898
1766856052721 8.5 2899
1766856056701 8.5 2900
1766856058202 8.5 2901
1766856059253 8.5 2902
1766856060299 8.5 2903
1766856061346 8.5 2904
1766856062409 8.5 2905
1766856063469 8.5 2906
1766856064518 8.5 2907
1766856065566 8.5 2908
1766856066616 8.5 2909
1766856067663 8.5 2910
1766856068700 8.5 2911
1766856069746 8.5 2912
1766856070793 8.5 2913
1766856071840 8.5 2914
1766856072887 8.5 2915
1766856073954 8.5 2916
1766856075004 8.5 2917
1766856076058 8.5 2918
1766856077104 8.5 2919
1766856078149 8.5 2920
1766856079194 8.5 2921
1766856080242 8.5 2922
1766856081287 8.5 2923
1766856082331 8.5 2924
1766856083378 8.5 2925
1766856084424 8.5 2926
1766856085470 8.5 2927
1766856086515 8.5 2928
1766856087561 8.5 2929
1766856088609 8.5 2930
1766856092604 8.5 2931
1766856093652 8.5 2932
1766856094696 8.5 2933
1766856095760 8.5 2934
1766856096805 8.5 2935
1766856097851 8.5 2936
1766856098895 8.5 2937
1766856099945 8.5 2938
1766856100993 8.5 2939
1766856102041 8.5 2940
1766856103086 8.5 2941
1766856104134 8.5 2942
1766856105180 8.5 2943
1766856106237 8.5 2944
1766856107285 8.5 2945
1766856108334 8.5 2946
1766856109380 8.5 2947
1766856110431 8.5 2948
1766856111504 8.5 2949
1766856112548 8.5 2950
1766856113605 8.5 2951
1766856114656 8.5 2952
1766856115704 8.5 2953
1766856116764 8.5 2954
1766856117811 8.5 2955
1766856118856 8.5 2956
1766856119903 8.5 2957
1766856120949 8.5 2958
1766856121996 8.5 2959
1766856123041 8.5 2960
1766856127026 8.5 2961
1766856128071 8.5 2962
1766856129133 8.5 2963
1766856130193 8.5 2964
1766856131238 8.5 2965
1766856132290 8.5 2966
1766856133341 8.5 2967
1766856134388 8.5 2968
1766856135900 8.5 2969
1766856136949 8.5 2970
1766856137998 8.5 2971
1766856139047 8.5 2972
1766856140095 8.5 2973
1766856141142 8.5 2974
1766856142187 8.5 2975
1766856143241 8.5 2976
1766856144291 8.5 2977
1766856145340 8.5 2978
1766856146390 8.5 2979
1766856147435 8.5 2980
1766856148479 8.5 2981
1766856149525 8.5 2982
1766856150571 8.5 2983
1766856151621 8.5 2984
1766856152667 8.5 2985
1766856153716 8.5 2986
1766856154765 8.5 2987
1766856155810 8.5 2988
1766856156859 8.5 2989
1766856157905 8.5 2990
1766856158958 8.5 2991
1766856162958 8.5 2992
1766856164005 8.5 2993
1766856165052 8.5 2994
1766856166110 8.5 2995
1766856167162 8.5 2996
1766856168230 8.5 2997
1766856169279 8.5 2998
1766856170325 8.5 2999
1766856171375 8.5 3000
1766856172420 8.5 3001
1766856173470 8.5 3002
1766856174519 8.5 3003
1766856175567 8.5 3004
1766856176615 8.5 3005
1766856177661 8.5 3006
1766856178709 8.5 3007
1766856179757 8.5 3008
1766856180809 8.5 3009
1766856181860 8.5 3010
1766856182917 8.5 3011
1766856183972 8.5 3012
1766856185038 8.5 3013
1766856186089 8.5 3014
1766856187140 8.5 3015
1766856188197 8.5 3016
1766856189253 8.5 3017
1766856190309 8.5 3018
1766856191363 8.5 3019
1766856192409 8.5 3020
1766856193963 8.5 3021
1766856197944 8.5 3022
1766856198991 8.5 3023
1766856200043 8.5 3024
1766856201090 8.5 3025
1766856202142 8.5 3026
1766856203206 8.5 3027
1766856204265 8.5 3028
1766856205327 8.5 3029
1766856206375 8.5 3030
1766856207426 8.5 3031
1766856208473 8.5 3032
1766856209527 8.5 3033
1766856210580 8.5 3034
1766856211644 8.5 3035
1766856212697 8.5 3036
1766856213757 8.5 3037
1766856214805 8.5 3038
1766856215854 8.5 3039
1766856216907 8.5 3040
1766856217955 8.5 3041
1766856219010 8.5 3042
1766856220068 8.5 3043
1766856221160 8.5 3044
1766856222209 8.5 3045
1766856223274 8.5 3046
1766856224323 8.5 3047
1766856225389 8.5 3048
1766856226445 8.5 3049
1766856227507 8.5 3050
1766856228566 8.5 3051
1766856232544 8.5 3052
1766856233604 8.5 3053
1766856234671 8.5 3054
1766856235718 8.5 3055
1766856236772 8.5 3056
1766856237823 8.5 3057
1766856238887 8.5 3058
1766856239935 8.5 3059
1766856240984 8.5 3060
1766856242036 8.5 3061
1766856243097 8.5 3062
1766856244150 8.5 3063
1766856245208 8.5 3064
1766856246266 8.5 3065
1766856247315 8.5 3066
1766856248366 8.5 3067
1766856249419 8.5 3068
1766856250465 8.5 3069
1766856251517 8.5 3070
1766856252565 8.5 3071
1766856253613 8.5 3072
1766856254669 8.5 3073
1766856255723 8.5 3074
1766856256779 8.5 3075
1766856257837 8.5 3076
1766856258892 8.5 3077
1766856259951 8.5 3078
1766856261021 8.5 3079
1766856262083 8.5 3080
1766856263134 8.5 3081
1766856264184 8.5 3082
1766856268167 8.5 3083
1766856269234 8.5 3084
1766856270284 8.5 3085
1766856271334 8.5 3086
1766856272441 8.5 3087
1766856273490 8.5 3088
1766856274539 8.5 3089
1766856275588 8.5 3090
1766856276636 8.5 3091
1766856277698 8.5 3092
1766856278759 8.5 3093
1766856279812 8.5 3094
1766856280870 8.5 3095
1766856281921 8.5 3096
1766856283008 8.5 3097
1766856284057 8.5 3098
1766856285108 8.5 3099
1766856286157 8.5 3100
1766856287219 8.5 3101
1766856288271 8.5 3102
1766856289348 8.5 3103
1766856290397 8.5 3104
1766856291447 8.5 3105
1766856292508 8.5 3106
1766856293589 8.5 3107
1766856294642 8.5 3108
1766856295724 8.5 3109
1766856296779 8.5 3110
1766856297829 8.5 3111
1766856298877 8.5 3112
1766856302876 8.5 3113
1766856303927 8.5 3114
1766856304977 8.5 3115
1766856306031 8.5 3116
1766856307089 8.5 3117
1766856308138 8.5 3118
1766856309243 8.5 3119
1766856310296 8.5 3120
1766856311343 8.5 3121
1766856312395 8.5 3122
1766856313443 8.5 3123
1766856314492 8.5 3124
1766856315548 8.5 3125
1766856316598 8.5 3126
1766856317646 8.5 3127
1766856318695 8.5 3128
1766856319748 8.5 3129
1766856320797 8.5 3130
1766856321851 8.5 3131
1766856322903 8.5 3132
1766856323953 8.5 3133
1766856325004 8.5 3134
1766856326059 8.5 3135
1766856327108 8.5 3136
1766856328157 8.5 3137
1766856329217 8.5 3138
1766856330265 8.5 3139
1766856331319 8.5 3140
1766856332369 8.5 3141
1766856333419 8.5 3142
1766856334471 8.5 3143
1766856338448 8.5 3144
1766856339497 8.5 3145
1766856340548 8.5 3146
1766856341598 8.5 3147
1766856342645 8.5 3148
1766856343693 8.5 3149
1766856345206 8.5 3150
1766856346256 8.5 3151
1766856347305 8.5 3152
1766856348355 8.5 3153
1766856349416 8.5 3154
1766856350478 8.5 3155
1766856351528 8.5 3156
1766856352579 8.5 3157
1766856353628 8.5 3158
1766856354674 8.5 3159
1766856355726 8.5 3160
1766856356766 8.5 3161
1766856357823 8.5 3162
1766856358875 8.5 3163
1766856359923 8.5 3164
1766856360988 8.5 3165
1766856362044 8.5 3166
1766856363093 8.5 3167
1766856364144 8.5 3168
1766856365202 8.5 3169
1766856366253 8.5 3170
1766856367308 8.5 3171
1766856368360 8.5 3172
1766856369412 8.5 3173
1766856373387 8.5 3174
1766856374438 8.5 3175
1766856375492 8.5 3176
1766856376543 8.5 3177
1766856377593 8.5 3178
1766856378645 8.5 3179
1766856379708 8.5 3180
1766856380757 8.5 3181
1766856381812 8.5 3182
1766856382862 8.5 3183
1766856383916 8.5 3184
1766856384968 8.5 3185
1766856386027 8.5 3186
1766856387081 8.5 3187
1766856388134 8.5 3188
1766856389188 8.5 3189
1766856390244 8.5 3190
1766856391292 8.5 3191
1766856392344 8.5 3192
1766856393396 8.5 3193
1766856394448 8.5 3194
1766856395504 8.5 3195
1766856396590 8.5 3196
1766856397643 8.5 3197
1766856398692 8.5 3198
1766856399741 8.5 3199
1766856400791 8.5 3200
1766856401843 8.5 3201
1766856402893 8.5 3202
1766856403942 8.5 3203
1766856404993 8.5 3204
1766856408989 8.5 3205
1766856410266 8.5 3206
1766856411323 8.5 3207
1766856412372 8.5 3208
1766856413423 8.5 3209
1766856414474 8.5 3210
1766856415523 8.5 3211
1766856416586 8.5 3212
1766856417642 8.5 3213
1766856418691 8.5 3214
1766856419739 8.5 3215
1766856420788 8.5 3216
1766856421837 8.5 3217
1766856422887 8.5 3218
1766856423954 8.5 3219
1766856425005 8.5 3220
1766856426058 8.5 3221
1766856427111 8.5 3222
1766856428167 8.5 3223
1766856429221 8.5 3224
1766856430270 8.5 3225
1766856431321 8.5 3226
1766856432375 8.5 3227
1766856433441 8.5 3228
1766856434491 8.5 3229
1766856435546 8.5 3230
1766856436598 8.5 3231
1766856437649 8.5 3232
1766856438704 8.5 3233
1766856439753 8.5 3234
1766856443731 8.5 3235
1766856444787 8.5 3236
1766856445840 8.5 3237
1766856446896 8.5 3238
1766856447967 8.5 3239
1766856449019 8.5 3240
1766856450072 8.5 3241
1766856451121 8.5 3242
1766856452191 8.5 3243
1766856453257 8.5 3244
1766856454310 8.5 3245
1766856455362 8.5 3246
1766856456418 8.5 3247
1766856457489 8.5 3248
1766856458554 8.5 3249
1766856459602 8.5 3250
1766856460652 8.5 3251
1766856461701 8.5 3252
1766856463209 8.5 3253
1766856464272 8.5 3254
1766856465332 8.5 3255
1766856466386 8.5 3256
1766856467452 8.5 3257
1766856468502 8.5 3258
1766856469554 8.5 3259
1766856470603 8.5 3260
1766856471655 8.5 3261
1766856472705 8.5 3262
1766856473757 8.5 3263
1766856474809 8.5 3264
1766856478789 8.5 3265
1766856479845 8.5 3266
1766856480919 8.5 3267
1766856481976 8.5 3268
1766856483027 8.5 3269
1766856484084 8.5 3270
1766856485143 8.5 3271
1766856486199 8.5 3272
1766856487252 8.5 3273
1766856488302 8.5 3274
1766856489356 8.5 3275
1766856490416 8.5 3276
1766856491470 8.5 3277
1766856492514 8.5 3278
1766856493556 8.5 3279
1766856494605 8.5 3280
1766856495661 8.5 3281
1766856496716 8.5 3282
1766856497775 8.5 3283
1766856498838 8.5 3284
1766856499891 8.5 3285
1766856500945 8.5 3286
1766856502000 8.5 3287
1766856503051 8.5 3288
1766856504105 8.5 3289
1766856505157 8.5 3290
1766856506207 8.5 3291
1766856507257 8.5 3292
1766856508310 8.5 3293
1766856509361 8.5 3294
1766856510432 8.5 3295
1766856514416 8.5 3296
1766856515469 8.5 3297
1766856516519 8.5 3298
1766856517581 8.5 3299
1766856518653 8.5 3300
1766856519714 8.5 3301
1766856520767 8.5 3302
1766856521845 8.5 3303
1766856522898 8.5 3304
1766856523983 8.5 3305
1766856525037 8.5 3306
1766856526092 8.5 3307
1766856527146 8.5 3308
1766856528199 8.5 3309
1766856529251 8.5 3310
1766856530309 8.5 3311
1766856531362 8.5 3312
1766856532417 8.5 3313
1766856533486 8.5 3314
1766856534541 8.5 3315
1766856535620 8.5 3316
1766856536670 8.5 3317
1766856537721 8.5 3318
1766856538778 8.5 3319
1766856539832 8.5 3320
1766856541332 8.5 3321
1766856542382 8.5 3322
1766856543446 8.5 3323
1766856544496 8.5 3324
1766856545547 8.5 3325
1766856549543 8.5 3326
1766856550601 8.5 3327
1766856551657 8.5 3328
1766856552713 8.5 3329
1766856553764 8.5 3330
1766856554821 8.5 3331
1766856555878 8.5 3332
1766856556930 8.5 3333
1766856557988 8.5 3334
1766856559049 8.5 3335
1766856560104 8.5 3336
1766856561158 8.5 3337
1766856562207 8.5 3338
1766856563262 8.5 3339
1766856564317 8.5 3340
1766856565387 8.5 3341
1766856566448 8.5 3342
1766856567511 8.5 3343
1766856568563 8.5 3344
1766856569613 8.5 3345
1766856570672 8.5 3346
1766856571723 8.5 3347
1766856572773 8.5 3348
1766856573823 8.5 3349
1766856574873 8.5 3350
1766856575931 8.5 3351
1766856576987 8.5 3352
1766856578059 8.5 3353
1766856579113 8.5 3354
1766856580172 8.5 3355
1766856584155 8.5 3356
1766856585206 8.5 3357
1766856586259 8.5 3358
1766856587314 8.5 3359
1766856588369 8.5 3360
1766856589423 8.5 3361
1766856590482 8.5 3362
1766856591535 8.5 3363
1766856592589 8.5 3364
1766856593654 8.5 3365
1766856594711 8.5 3366
1766856595784 8.5 3367
1766856596837 8.5 3368
1766856597899 8.5 3369
1766856598953 8.5 3370
1766856600007 8.5 3371
1766856601060 8.5 3372
1766856602561 8.5 3373
1766856603616 8.5 3374
1766856604909 8.5 3375
1766856605969 8.5 3376
1766856607033 8.5 3377
1766856608087 8.5 3378
1766856609145 8.5 3379
1766856610205 8.5 3380
1766856611268 8.5 3381
1766856612326 8.5 3382
1766856613379 8.5 3383
1766856614430 8.5 3384
1766856615502 8.5 3385
1766856619508 8.5 3386
1766856620586 8.5 3387
1766856621643 8.5 3388
1766856622704 8.5 3389
1766856623760 8.5 3390
1766856624814 8.5 3391
1766856625869 8.5 3392
1766856626922 8.5 3393
1766856627976 8.5 3394
1766856629054 8.5 3395
1766856630106 8.5 3396
1766856631170 8.5 3397
1766856632233 8.5 3398
1766856633290 8.5 3399
1766856634362 8.5 3400
1766856635424 8.5 3401
1766856636475 8.5 3402
1766856637527 8.5 3403
1766856638583 8.5 3404
1766856639648 8.5 3405
1766856640709 8.5 3406
1766856641768 8.5 3407
1766856642834 8.5 3408
1766856643888 8.5 3409
1766856644942 8.5 3410
1766856645998 8.5 3411
1766856647050 8.5 3412
1766856648109 8.5 3413
1766856649170 8.5 3414
1766856650224 8.5 3415
1766856651285 8.5 3416
1766856655275 8.5 3417
1766856656329 8.5 3418
1766856657380 8.5 3419
1766856658435 8.5 3420
1766856659492 8.5 3421
1766856660557 8.5 3422
1766856661615 8.5 3423
1766856662678 8.5 3424
1766856663734 8.5 3425
1766856664796 8.5 3426
1766856666343 8.5 3427
1766856667399 8.5 3428
1766856668461 8.5 3429
1766856669528 8.5 3430
1766856670588 8.5 3431
1766856671657 8.5 3432
1766856672716 8.5 3433
1766856673770 8.5 3434
1766856674832 8.5 3435
1766856675891 8.5 3436
1766856676954 8.5 3437
1766856678013 8.5 3438
1766856679070 8.5 3439
1766856680131 8.5 3440
1766856681195 8.5 3441
1766856682275 8.5 3442
1766856683332 8.5 3443
1766856684398 8.5 3444
1766856685464 8.5 3445
1766856686532 8.5 3446
1766856690521 8.5 3447
1766856691578 8.5 3448
1766856692636 8.5 3449
1766856693696 8.5 3450
1766856694753 8.5 3451
1766856695820 8.5 3452
1766856696875 8.5 3453
1766856697936 8.5 3454
1766856698989 8.5 3455
1766856700044 8.5 3456
1766856701104 8.5 3457
1766856702161 8.5 3458
1766856703215 8.5 3459
1766856704266 8.5 3460
1766856705325 8.5 3461
1766856706383 8.5 3462
1766856707438 8.5 3463
1766856708493 8.5 3464
1766856709560 8.5 3465
1766856710616 8.5 3466
1766856711675 8.5 3467
1766856712736 8.5 3468
1766856713792 8.5 3469
1766856714860 8.5 3470
1766856715929 8.5 3471
1766856716986 8.5 3472
1766856718069 8.5 3473
1766856719148 8.5 3474
1766856720209 8.5 3475
1766856721277 8.5 3476
1766856725280 8.5 3477
1766856726343 8.5 3478
1766856727406 8.5 3479
1766856728461 8.5 3480
1766856729515 8.5 3481
1766856730576 8.5 3482
1766856731645 8.5 3483
1766856732701 8.5 3484
1766856733786 8.5 3485
1766856734845 8.5 3486
1766856735905 8.5 3487
1766856736961 8.5 3488
1766856738016 8.5 3489
1766856739075 8.5 3490
1766856740134 8.5 3491
1766856741196 8.5 3492
1766856742251 8.5 3493
1766856743306 8.5 3494
1766856744383 8.5 3495
1766856745444 8.5 3496
1766856746497 8.5 3497
1766856747581 8.5 3498
1766856748643 8.5 3499
1766856749705 8.5 3500
1766856750765 8.5 3501
1766856751827 8.5 3502
1766856752885 8.5 3503
1766856753946 8.5 3504
1766856755025 8.5 3505
1766856756099 8.5 3506
1766856760087 8.5 3507
1766856761144 8.5 3508
1766856762202 8.5 3509
1766856763255 8.5 3510
1766856764314 8.5 3511
1766856765387 8.5 3512
1766856766446 8.5 3513
1766856767505 8.5 3514
1766856769104 8.5 3515
1766856770184 8.5 3516
1766856771239 8.5 3517
1766856772302 8.5 3518
1766856773367 8.5 3519
1766856774437 8.5 3520
1766856775488 8.5 3521
1766856776539 8.5 3522
1766856777592 8.5 3523
1766856778659 8.5 3524
1766856779719 8.5 3525
1766856780770 8.5 3526
1766856781829 8.5 3527
1766856782891 8.5 3528
1766856783946 8.5 3529
1766856784998 8.5 3530
1766856786055 8.5 3531
1766856787106 8.5 3532
1766856788163 8.5 3533
1766856789216 8.5 3534
1766856790288 8.5 3535
1766856791345 8.5 3536
1766856795345 8.5 3537
1766856796414 8.5 3538
1766856797473 8.5 3539
1766856798550 8.5 3540
1766856799607 8.5 3541
1766856800664 8.5 3542
1766856801725 8.5 3543
1766856802782 8.5 3544
1766856803846 8.5 3545
1766856804925 8.5 3546
1766856805978 8.5 3547
1766856807033 8.5 3548
1766856808093 8.5 3549
1766856809154 8.5 3550
1766856810211 8.5 3551
1766856811270 8.5 3552
1766856812321 8.5 3553
1766856813380 8.5 3554
1766856814437 8.5 3555
1766856815496 8.5 3556
1766856816553 8.5 3557
1766856817615 8.5 3558
1766856818686 8.5 3559
1766856819739 8.5 3560
1766856820799 8.5 3561
1766856821855 8.5 3562
1766856822913 8.5 3563
1766856823973 8.5 3564
1766856825028 8.5 3565
1766856826609 8.5 3566
1766856830593 8.5 3567
1766856831647 8.5 3568
1766856832700 8.5 3569
1766856833760 8.5 3570
1766856834832 8.5 3571
1766856835890 8.5 3572
1766856836956 8.5 3573
1766856838013 8.5 3574
1766856839068 8.5 3575
1766856840127 8.5 3576
1766856841206 8.5 3577
1766856842259 8.5 3578
1766856843320 8.5 3579
1766856844401 8.5 3580
1766856845481 8.5 3581
1766856846557 8.5 3582
1766856847696 8.5 3583
1766856848766 8.5 3584
1766856849828 8.5 3585
1766856850897 8.5 3586
1766856851956 8.5 3587
1766856853022 8.5 3588
1766856854087 8.5 3589
1766856855150 8.5 3590
1766856856216 8.5 3591
1766856857276 8.5 3592
1766856858333 8.5 3593
1766856859392 8.5 3594
1766856860463 8.5 3595
1766856861526 8.5 3596
1766856865518 8.5 3597
1766856866575 8.5 3598
1766856867629 8.5 3599
1766856868684 8.5 3600
1766856869747 8.5 3601
1766856870803 8.5 3602
1766856871857 8.5 3603
1766856872916 8.5 3604
1766856873972 8.5 3605
1766856875030 8.5 3606
1766856876086 8.5 3607
1766856877148 8.5 3608
1766856878206 8.5 3609
1766856879278 8.5 3610
1766856880332 8.5 3611
1766856881406 8.5 3612
1766856882463 8.5 3613
1766856883519 8.5 3614
1766856884587 8.5 3615
1766856885661 8.5 3616
1766856886715 8.5 3617
1766856887771 8.5 3618
1766856888834 8.5 3619
1766856889891 8.5 3620
1766856890953 8.5 3621
1766856892501 8.5 3622
1766856893561 8.5 3623
1766856894618 8.5 3624
1766856895671 8.5 3625
1766856896726 8.5 3626
1766856900716 8.5 3627
1766856901773 8.5 3628
1766856902831 8.5 3629
1766856903883 8.5 3630
1766856904937 8.5 3631
1766856905991 8.5 3632
1766856907046 8.5 3633
1766856908106 8.5 3634
1766856909164 8.5 3635
1766856910218 8.5 3636
1766856911281 8.5 3637
1766856912335 8.5 3638
1766856913393 8.5 3639
1766856914450 8.5 3640
1766856915508 8.5 3641
1766856916564 8.5 3642
1766856917618 8.5 3643
1766856918684 8.5 3644
1766856919740 8.5 3645
1766856920806 8.5 3646
1766856921863 8.5 3647
1766856922921 8.5 3648
1766856923979 8.5 3649
1766856925035 8.5 3650
1766856926091 8.5 3651
1766856927147 8.5 3652
1766856928200 8.5 3653
1766856929253 8.5 3654
1766856930309 8.5 3655
1766856931368 8.5 3656
1766856932423 8.5 3657
1766856936404 8.5 3658
1766856937461 8.5 3659
1766856938515 8.5 3660
1766856939573 8.5 3661
1766856940631 8.5 3662
1766856941689 8.5 3663
1766856942750 8.5 3664
1766856943806 8.5 3665
1766856944863 8.5 3666
1766856945918 8.5 3667
1766856946971 8.5 3668
1766856948028 8.5 3669
1766856949093 8.5 3670
1766856950149 8.5 3671
1766856951204 8.5 3672
1766856952259 8.5 3673
1766856953313 8.5 3674
1766856954381 8.5 3675
1766856955438 8.5 3676
1766856956493 8.5 3677
1766856958018 8.5 3678
1766856959073 8.5 3679
1766856960130 8.5 3680
1766856961187 8.5 3681
1766856962246 8.5 3682
1766856963318 8.5 3683
1766856964373 8.5 3684
1766856965430 8.5 3685
1766856966484 8.5 3686
1766856967537 8.5 3687
1766856971525 8.5 3688
1766856972586 8.5 3689
1766856973644 8.5 3690
1766856974699 8.5 3691
1766856975759 8.5 3692
1766856976816 8.5 3693
1766856977880 8.5 3694
1766856978941 8.5 3695
1766856979996 8.5 3696
1766856981052 8.5 3697
1766856982108 8.5 3698
1766856983165 8.5 3699
1766856984220 8.5 3700
1766856985274 8.5 3701
1766856986340 8.5 3702
1766856987394 8.5 3703
1766856988458 8.5 3704
1766856989513 8.5 3705
1766856990571 8.5 3706
1766856991628 8.5 3707
1766856992685 8.5 3708
1766856993744 8.5 3709
1766856994798 8.5 3710
1766856995859 8.5 3711
1766856996920 8.5 3712
1766856997987 8.5 3713
1766856999047 8.5 3714
1766857000106 8.5 3715
1766857001160 8.5 3716
1766857002222 8.5 3717
1766857003281 8.5 3718
1766857007271 8.5 3719
1766857008334 8.5 3720
1766857009390 8.5 3721
1766857010447 8.5 3722
1766857011529 8.5 3723
1766857012585 8.5 3724
1766857013642 8.5 3725
1766857014698 8.5 3726
1766857015755 8.5 3727
1766857016812 8.5 3728
1766857017866 8.5 3729
1766857018921 8.5 3730
1766857019977 8.5 3731
1766857021033 8.5 3732
1766857022094 8.5 3733
1766857023637 8.5 3734
1766857024693 8.5 3735
1766857025754 8.5 3736
1766857026808 8.5 3737
1766857027863 8.5 3738
1766857028922 8.5 3739
1766857029979 8.5 3740
1766857031040 8.5 3741
1766857032096 8.5 3742
1766857033152 8.5 3743
1766857034207 8.5 3744
1766857035263 8.5 3745
1766857036319 8.5 3746
1766857037375 8.5 3747
1766857038433 8.5 3748
1766857042416 8.5 3749
1766857043473 8.5 3750
1766857044529 8.5 3751
1766857045591 8.5 3752
1766857046650 8.5 3753
1766857047709 8.5 3754
1766857048770 8.5 3755
1766857049827 8.5 3756
1766857050883 8.5 3757
1766857051938 8.5 3758
1766857052996 8.5 3759
1766857054055 8.5 3760
1766857055117 8.5 3761
1766857056174 8.5 3762
1766857057230 8.5 3763
1766857058289 8.5 3764
1766857059346 8.5 3765
1766857060405 8.5 3766
1766857061461 8.5 3767
1766857062519 8.5 3768
1766857063576 8.5 3769
1766857064634 8.5 3770
1766857065690 8.5 3771
1766857066745 8.5 3772
1766857067804 8.5 3773
1766857068864 8.5 3774
1766857069925 8.5 3775
1766857070981 8.5 3776
1766857072043 8.5 3777
1766857073101 8.5 3778
1766857077090 8.5 3779
1766857078159 8.5 3780
1766857079221 8.5 3781
1766857080282 8.5 3782
1766857081338 8.5 3783
1766857082399 8.5 3784
1766857083459 8.5 3785
1766857084519 8.5 3786
1766857085586 8.5 3787
1766857086648 8.5 3788
1766857087713 8.5 3789
1766857089253 8.5 3790
1766857090311 8.5 3791
1766857091375 8.5 3792
1766857092432 8.5 3793
1766857093497 8.5 3794
1766857094562 8.5 3795
1766857095642 8.5 3796
1766857096700 8.5 3797
1766857097759 8.5 3798
1766857098816 8.5 3799
1766857099876 8.5 3800
1766857100938 8.5 3801
1766857101996 8.5 3802
1766857103056 8.5 3803
1766857104118 8.5 3804
1766857105175 8.5 3805
1766857106238 8.5 3806
1766857107303 8.5 3807
1766857108360 8.5 3808
1766857112347 8.5 3809
1766857113405 8.5 3810
1766857114474 8.5 3811
1766857115534 8.5 3812
1766857116592 8.5 3813
1766857117661 8.5 3814
1766857118745 8.5 3815
1766857119809 8.5 3816
1766857120872 8.5 3817
1766857121935 8.5 3818
1766857123057 8.5 3819
1766857124121 8.5 3820
1766857125186 8.5 3821
1766857126306 8.5 3822
1766857127418 8.5 3823
1766857128481 8.5 3824
1766857129543 8.5 3825
1766857130607 8.5 3826
1766857131684 8.5 3827
1766857132755 8.5 3828
1766857133823 8.5 3829
1766857134882 8.5 3830
1766857135940 8.5 3831
1766857136999 8.5 3832
1766857138064 8.5 3833
1766857139138 8.5 3834
1766857140196 8.5 3835
1766857141255 8.5 3836
1766857142314 8.5 3837
1766857143398 8.5 3838
1766857147402 8.5 3839
1766857148473 8.5 3840
1766857149536 8.5 3841
1766857150603 8.5 3842
1766857151679 8.5 3843
1766857152787 8.5 3844
1766857153847 8.5 3845
1766857155460 8.5 3846
1766857156528 8.5 3847
1766857157616 8.5 3848
1766857158675 8.5 3849
1766857159740 8.5 3850
1766857160799 8.5 3851
1766857161864 8.5 3852
1766857162925 8.5 3853
1766857163984 8.5 3854
1766857165041 8.5 3855
1766857166103 8.5 3856
1766857167170 8.5 3857
1766857168243 8.5 3858
1766857169311 8.5 3859
1766857170456 8.5 3860
1766857171535 8.5 3861
1766857172617 8.5 3862
1766857173678 8.5 3863
1766857174740 8.5 3864
1766857175796 8.5 3865
1766857176855 8.5 3866
1766857177917 8.5 3867
1766857178998 8.5 3868
1766857182984 8.5 3869
1766857184051 8.5 3870
1766857185109 8.5 3871
1766857186177 8.5 3872
1766857187239 8.5 3873
1766857188299 8.5 3874
1766857189357 8.5 3875
1766857190422 8.5 3876
1766857191532 8.5 3877
1766857192589 8.5 3878
1766857193652 8.5 3879
1766857194720 8.5 3880
1766857195796 8.5 3881
1766857196860 8.5 3882
1766857197921 8.5 3883
1766857198979 8.5 3884
1766857200047 8.5 3885
1766857201111 8.5 3886
1766857202173 8.5 3887
1766857203231 8.5 3888
1766857204307 8.5 3889
1766857205367 8.5 3890
1766857206428 8.5 3891
1766857207482 8.5 3892
1766857208548 8.5 3893
1766857209612 8.5 3894
1766857210669 8.5 3895
1766857211727 8.5 3896
1766857212785 8.5 3897
1766857213845 8.5 3898
1766857217836 8.5 3899
1766857218892 8.5 3900
1766857219951 8.5 3901
1766857221477 8.5 3902
1766857222546 8.5 3903
1766857223605 8.5 3904
1766857224667 8.5 3905
1766857225732 8.5 3906
1766857226794 8.5 3907
1766857227890 8.5 3908
1766857228947 8.5 3909
1766857230004 8.5 3910
1766857231069 8.5 3911
1766857232140 8.5 3912
1766857233199 8.5 3913
1766857234259 8.5 3914
1766857235318 8.5 3915
1766857236379 8.5 3916
1766857237435 8.5 3917
1766857238509 8.5 3918
1766857239571 8.5 3919
1766857240630 8.5 3920
1766857241695 8.5 3921
1766857242760 8.5 3922
1766857243825 8.5 3923
1766857244887 8.5 3924
1766857245949 8.5 3925
1766857247017 8.5 3926
1766857248089 8.5 3927
1766857249147 8.5 3928
1766857253135 8.5 3929
1766857254193 8.5 3930
1766857255251 8.5 3931
1766857256312 8.5 3932
1766857257445 8.5 3933
1766857258513 8.5 3934
1766857259574 8.5 3935
1766857260631 8.5 3936
1766857261706 8.5 3937
1766857262766 8.5 3938
1766857263825 8.5 3939
1766857264892 8.5 3940
1766857265956 8.5 3941
1766857267024 8.5 3942
1766857268097 8.5 3943
1766857269238 8.5 3944
1766857270299 8.5 3945
1766857271359 8.5 3946
1766857272435 8.5 3947
1766857273498 8.5 3948
1766857274563 8.5 3949
1766857275630 8.5 3950
1766857276693 8.5 3951
1766857277756 8.5 3952
1766857278827 8.5 3953
1766857279899 8.5 3954
1766857280962 8.5 3955
1766857282020 8.5 3956
1766857283098 8.5 3957
1766857284678 8.5 3958
1766857288676 8.5 3959
1766857289743 8.5 3960
1766857290814 8.5 3961
1766857291878 8.5 3962
1766857292948 8.5 3963
1766857294014 8.5 3964
1766857295081 8.5 3965
1766857296156 8.5 3966
1766857297219 8.5 3967
1766857298286 8.5 3968
1766857299344 8.5 3969
1766857300406 8.5 3970
1766857301464 8.5 3971
1766857302539 8.5 3972
1766857303597 8.5 3973
1766857304669 8.5 3974
1766857305723 8.5 3975
1766857306781 8.5 3976
1766857307842 8.5 3977
1766857308905 8.5 3978
1766857309968 8.5 3979
1766857311030 8.5 3980
1766857312105 8.5 3981
1766857313166 8.5 3982
1766857314225 8.5 3983
1766857315286 8.5 3984
1766857316347 8.5 3985
1766857317418 8.5 3986
1766857318487 8.5 3987
1766857319550 8.5 3988
1766857323547 8.5 3989
1766857324635 8.5 3990
1766857325697 8.5 3991
1766857326755 8.5 3992
1766857327819 8.5 3993
1766857328883 8.5 3994
1766857329951 8.5 3995
1766857331018 8.5 3996
1766857332079 8.5 3997
1766857333144 8.5 3998
1766857334220 8.5 3999
1766857335279 8.5 4000
1766857336352 8.5 4001
1766857337416 8.5 4002
1766857338483 8.5 4003
1766857339543 8.5 4004
1766857340603 8.5 4005
1766857341674 8.5 4006
1766857342751 8.5 4007
1766857343811 8.5 4008
1766857344878 8.5 4009
1766857345946 8.5 4010
1766857347007 8.5 4011
1766857348083 8.5 4012
1766857349162 8.5 4013
1766857350711 8.5 4014
1766857351774 8.5 4015
1766857352852 8.5 4016
1766857353957 8.5 4017
1766857355020 8.5 4018
1766857359010 8.5 4019
1766857360072 8.5 4020
1766857361131 8.5 4021
1766857362195 8.5 4022
1766857363256 8.5 4023
1766857364318 8.5 4024
1766857365384 8.5 4025
1766857366443 8.5 4026
1766857367505 8.5 4027
1766857368565 8.5 4028
1766857369629 8.5 4029
1766857370706 8.5 4030
1766857371766 8.5 4031
1766857372827 8.5 4032
1766857373906 8.5 4033
1766857375024 8.5 4034
1766857376087 8.5 4035
1766857377165 8.5 4036
1766857378225 8.5 4037
1766857379297 8.5 4038
1766857380363 8.5 4039
1766857381428 8.5 4040
1766857382495 8.5 4041
1766857383564 8.5 4042
1766857384715 8.5 4043
1766857385807 8.5 4044
1766857386872 8.5 4045
1766857387974 8.5 4046
1766857389041 8.5 4047
1766857390134 8.5 4048
1766857394145 8.5 4049
1766857395221 8.5 4050
1766857396282 8.5 4051
1766857397344 8.5 4052
1766857398403 8.5 4053
1766857399464 8.5 4054
1766857400528 8.5 4055
1766857401595 8.5 4056
1766857402664 8.5 4057
1766857403736 8.5 4058
1766857404817 8.5 4059
1766857405934 8.5 4060
1766857407045 8.5 4061
1766857408122 8.5 4062
1766857409190 8.5 4063
1766857410268 8.5 4064
1766857411340 8.5 4065
1766857412400 8.5 4066
1766857413460 8.5 4067
1766857414522 8.5 4068
1766857415589 8.5 4069
1766857417122 8.5 4070
1766857418185 8.5 4071
1766857419249 8.5 4072
1766857420320 8.5 4073
1766857421407 8.5 4074
