1766852795096 0.010447000000567641 0
1766852796159 0.32567200000266894 1
1766852797170 2.8792170000015176 2
1766852798186 22.957290000002104 3
1766852799200 22.972467000003235 4
1766852800207 22.980935000003228 5
1766852801211 23.124974000002112 6
1766852802215 23.1428190000006 7
1766852803219 23.204330000000482 8
1766852804223 44.67244700000083 9
1766852805231 58.95149400000082 10
1766852806236 63.50426900000093 11
1766852807239 65.30019100000209 12
1766852808243 85.4242140000024 13
1766852809247 98.15342200000305 14
1766852810250 105.4805860000015 15
1766852811254 105.6345450000008 16
1766852812258 125.70009600000049 17
1766852813261 125.85062100000141 18
1766852814265 126.15531400000327 19
1766852815268 126.52890500000285 20
1766852816272 126.8484320000025 21
1766852817275 126.93093500000032 22
1766852818281 147.1383050000004 23
1766852819290 147.1441670000022 24
1766852820294 147.15685400000075 25
1766852821298 147.3007660000003 26
1766852822307 147.30822000000262 27
1766852823311 147.31953300000168 28
1766852824315 147.39015800000197 29
1766852825319 147.5845960000006 30
1766852826323 162.036204 31
1766852830655 167.99602700000105 32
1766852831659 168.13021200000003 33
1766852832665 188.38660700000037 34
1766852833669 188.62066400000185 35
1766852834675 209.0514860000003 36
1766852835686 209.17895500000304 37
1766852836697 209.34202200000072 38
1766852837712 209.58896500000264 39
1766852838724 209.84394800000155 40
1766852839730 210.2076589999997 41
1766852840735 210.41801900000064 42
1766852841748 217.68028400000185 43
1766852842884 217.8032800000001 44
1766852843898 217.89931799999977 45
1766852844914 218.1279340000001 46
1766852845925 218.31442600000082 47
1766852846941 218.52133000000322 48
1766852847956 218.73113300000114 49
1766852848963 218.97939899999983 50
1766852849989 219.3118280000017 51
1766852851003 224.14522000000215 52
1766852852011 226.9797550000003 53
1766852853017 227.1183740000015 54
1766852854026 227.1739430000016 55
1766852855036 227.4838140000029 56
1766852856051 227.73138000000108 57
1766852857066 227.9641150000025 58
1766852858073 228.20278900000267 59
1766852859078 228.30751900000178 60
1766852860083 236.5990520000014 61
1766852861088 236.76283400000102 62
1766852862099 236.8504009999997 63
1766852866450 236.94526899999983 64
1766852867464 237.16699700000026 65
1766852868483 237.3676430000014 66
1766852869494 237.56284500000038 67
1766852870505 237.72182500000054 68
1766852871512 237.8645550000001 69
1766852872522 245.9236340000025 70
1766852873583 246.03999900000053 71
1766852874591 246.13810999999987 72
1766852875601 246.19388000000254 73
1766852876615 246.38560700000016 74
1766852877627 246.57660000000033 75
1766852878644 246.77662899999996 76
1766852879653 246.97191400000156 77
1766852880660 247.16118199999983 78
1766852881670 255.45836000000054 79
1766852882681 255.55607600000076 80
1766852883688 255.68503800000326 81
1766852884697 255.73008400000253 82
1766852885709 255.8719830000009 83
1766852886725 256.0661650000002 84
1766852887735 256.25999200000297 85
1766852888750 256.46013400000083 86
1766852889758 256.6292590000012 87
1766852890771 256.73534100000325 88
1766852891788 265.3319069999998 89
1766852892798 265.47152500000084 90
1766852893812 265.6764390000026 91
1766852894831 265.77317400000175 92
1766852895849 265.9966860000022 93
