1766852795096 0.010447000000567641 0
1766852796159 0.32574599999861675 1
1766852797170 2.8790200000003097 2
1766852798186 22.9648649999981 3
1766852799200 22.983102999998664 4
1766852800207 22.991570999998657 5
1766852801211 23.13577599999917 6
1766852802215 23.153620999997656 7
1766852803219 23.211867999998503 8
1766852804223 43.31040999999823 9
1766852805231 43.45910499999809 10
1766852806236 43.67747899999813 11
1766852807239 43.726778000000195 12
1766852808243 63.84923699999854 13
1766852809247 76.57844499999919 14
1766852810250 83.90560899999764 15
1766852811254 84.05956800000058 16
1766852812258 104.1254540000009 17
1766852813261 104.27839099999983 18
1766852814265 104.58308399999805 19
1766852815268 104.95667499999763 20
1766852816272 105.27620200000092 21
1766852817275 105.35870499999874 22
1766852818281 125.56607499999882 23
1766852819290 125.573339999999 24
1766852820294 125.59644099999787 25
1766852821298 125.74035299999741 26
1766852822307 125.74780699999974 27
1766852823311 125.76190900000074 28
1766852824315 125.83248599999934 29
1766852825319 126.02692399999796 30
1766852826323 140.47765199999776 31
1766852830655 146.43709899999885 32
1766852831659 146.57149799999752 33
1766852832665 166.82194199999867 34
1766852833669 167.05886199999804 35
1766852834675 187.49006100000042 36
1766852835686 187.61733399999866 37
1766852836697 187.77979100000084 38
1766852837712 188.02653799999825 39
1766852838724 188.280910999998 40
1766852839730 188.6446219999998 41
1766852840735 188.85498200000075 42
1766852841748 196.11724699999832 43
1766852842884 196.2402430000002 44
1766852843898 196.33628099999987 45
1766852844914 196.56767399999808 46
1766852845925 196.75411800000074 47
1766852846941 196.9610219999995 48
1766852847956 197.17082499999742 49
1766852848963 197.41909099999975 50
1766852849989 197.75151999999798 51
1766852851003 202.58491199999844 52
1766852852011 205.41923499999757 53
1766852853017 205.55764199999976 54
1766852854026 205.61307300000044 55
1766852855036 205.92261399999916 56
1766852856051 206.17253100000016 57
1766852857066 206.40438599999834 58
1766852858073 206.6430599999985 59
1766852859078 206.74778999999762 60
1766852860083 215.03932300000088 61
1766852861088 215.2031050000005 62
1766852862099 215.29067199999918 63
1766852866450 215.3855399999993 64
1766852867464 215.60743399999774 65
1766852868483 215.80928700000004 66
1766852869494 216.0044409999973 67
1766852870505 216.16342099999747 68
1766852871512 216.30615100000068 69
1766852872522 224.36517599999934 70
1766852873583 224.48154099999738 71
1766852874591 224.57965200000035 72
1766852875601 224.63542199999938 73
1766852876615 224.82714900000065 74
1766852877627 225.01794999999765 75
1766852878644 225.22035399999731 76
1766852879653 225.41563899999892 77
1766852880660 225.60490700000082 78
1766852881670 233.9020849999979 79
1766852882681 233.99980099999812 80
1766852883688 234.12876300000062 81
1766852884697 234.1738089999999 82
1766852885709 234.31570799999827 83
1766852886725 234.50988999999754 84
1766852887735 234.70246100000077 85
1766852888750 234.90610200000083 86
1766852889758 235.07446899999923 87
1766852890771 235.18055099999765 88
1766852891788 243.77711699999782 89
1766852892798 243.91673499999888 90
1766852893812 244.12164900000062 91
1766852894831 244.2183839999998 92
1766852895849 244.44189600000027 93
