1766852795096 48.1 0
1766852796159 48.1 1
1766852797170 48.3 2
1766852798186 48.4 3
1766852799200 48.4 4
1766852800207 48.4 5
1766852801211 48.4 6
1766852802215 48.4 7
1766852803219 48.4 8
1766852804223 48.5 9
1766852805231 48.5 10
1766852806236 48.5 11
1766852807239 48.6 12
1766852808243 48.5 13
1766852809247 48.6 14
1766852810250 48.6 15
1766852811254 48.7 16
1766852812258 48.8 17
1766852813261 48.6 18
1766852814265 48.6 19
1766852815268 48.6 20
1766852816272 48.6 21
1766852817275 48.6 22
1766852818281 48.5 23
1766852819290 48.5 24
1766852820294 48.5 25
1766852821298 48.5 26
1766852822307 48.5 27
1766852823311 48.5 28
1766852824315 48.4 29
1766852825319 48.5 30
1766852826323 48.4 31
1766852830655 48.4 32
1766852831659 48.3 33
1766852832665 48.3 34
1766852833669 48.8 35
1766852834675 48.6 36
1766852835686 48.9 37
1766852836697 49.0 38
1766852837712 49.0 39
1766852838724 49.0 40
1766852839730 49.0 41
1766852840735 49.0 42
1766852841748 48.9 43
1766852842884 49.0 44
1766852843898 48.8 45
1766852844914 48.9 46
1766852845925 48.9 47
1766852846941 49.0 48
1766852847956 49.0 49
1766852848963 49.0 50
1766852849989 48.7 51
1766852851003 48.6 52
1766852852011 48.7 53
1766852853017 48.7 54
1766852854026 48.7 55
1766852855036 48.7 56
1766852856051 48.7 57
1766852857066 48.7 58
1766852858073 48.7 59
1766852859078 48.5 60
1766852860083 48.7 61
1766852861088 48.7 62
1766852862099 48.6 63
1766852866450 48.7 64
1766852867464 48.7 65
1766852868483 48.7 66
1766852869494 48.7 67
1766852870505 48.7 68
1766852871512 48.8 69
1766852872522 48.7 70
1766852873583 48.8 71
1766852874591 48.5 72
1766852875601 48.7 73
1766852876615 48.7 74
1766852877627 48.7 75
1766852878644 48.8 76
1766852879653 48.7 77
1766852880660 48.7 78
1766852881670 48.7 79
1766852882681 48.7 80
1766852883688 48.7 81
1766852884697 48.7 82
1766852885709 48.7 83
1766852886725 48.7 84
1766852887735 48.7 85
1766852888750 48.7 86
1766852889758 48.8 87
1766852890771 48.5 88
1766852891788 48.7 89
1766852892798 48.7 90
1766852893812 48.6 91
1766852894831 48.7 92
1766852895849 48.8 93
