1766852795096 20225.7 0
1766852796159 20225.8 1
1766852797170 20275.8 2
1766852798186 20326.4 3
1766852799200 20327.2 4
1766852800207 20327.2 5
1766852801211 20334.9 6
1766852802215 20323.6 7
1766852803219 20324.3 8
1766852804223 20376.1 9
1766852805231 20391.1 10
1766852806236 20376.8 11
1766852807239 20417.4 12
1766852808243 20389.4 13
1766852809247 20435.2 14
1766852810250 20429.6 15
1766852811254 20448.6 16
1766852812258 20504.8 17
1766852813261 20422.8 18
1766852814265 20423.1 19
1766852815268 20424.3 20
1766852816272 20427.9 21
1766852817275 20428.9 22
1766852818281 20383.4 23
1766852819290 20370.1 24
1766852820294 20374.0 25
1766852821298 20376.5 26
1766852822307 20377.5 27
1766852823311 20380.3 28
1766852824315 20350.4 29
1766852825319 20379.0 30
1766852826323 20355.5 31
1766852830655 20351.2 32
1766852831659 20304.3 33
1766852832665 20299.8 34
1766852833669 20484.2 35
1766852834675 20434.5 36
1766852835686 20526.3 37
1766852836697 20581.2 38
1766852837712 20593.4 39
1766852838724 20580.4 40
1766852839730 20576.9 41
1766852840735 20579.0 42
1766852841748 20564.2 43
1766852842884 20576.0 44
1766852843898 20514.4 45
1766852844914 20566.4 46
1766852845925 20564.8 47
1766852846941 20568.6 48
1766852847956 20581.7 49
1766852848963 20579.1 50
1766852849989 20470.2 51
1766852851003 20424.2 52
1766852852011 20468.0 53
1766852853017 20456.3 54
1766852854026 20446.5 55
1766852855036 20473.3 56
1766852856051 20479.8 57
1766852857066 20481.9 58
1766852858073 20477.1 59
1766852859078 20363.5 60
1766852860083 20462.6 61
1766852861088 20479.3 62
1766852862099 20425.7 63
1766852866450 20463.6 64
1766852867464 20474.8 65
1766852868483 20468.1 66
1766852869494 20470.6 67
1766852870505 20480.2 68
1766852871512 20485.1 69
1766852872522 20449.4 70
1766852873583 20485.1 71
1766852874591 20399.8 72
1766852875601 20457.8 73
1766852876615 20462.1 74
1766852877627 20464.8 75
1766852878644 20486.0 76
1766852879653 20479.7 77
1766852880660 20483.8 78
1766852881670 20442.2 79
1766852882681 20482.7 80
1766852883688 20480.8 81
1766852884697 20456.4 82
1766852885709 20472.7 83
1766852886725 20477.8 84
1766852887735 20480.8 85
1766852888750 20484.0 86
1766852889758 20486.7 87
1766852890771 20382.1 88
1766852891788 20468.2 89
1766852892798 20479.9 90
1766852893812 20429.0 91
1766852894831 20483.5 92
1766852895849 20487.9 93
