1767280925145 0.0 9
1767280925455 0.0 19
1767280925760 0.0 29
1767280926066 0.0 39
1767280926371 0.0 49
1767280926677 0.0 59
1767280926982 0.0 69
1767280927287 0.0 79
1767280927592 0.0 89
1767280927898 0.0 99
1767280928204 0.0 109
1767280928510 0.0 119
1767280928816 0.0 129
1767280929121 0.0 139
1767280929427 0.0 149
1767280929733 0.0 159
1767280930038 0.0 169
1767280930344 0.0 179
1767280930650 0.0 189
1767280930955 0.0 199
1767280931260 0.0 209
1767280931565 0.0 219
1767280931871 0.0 229
1767280932176 0.0 239
1767280932483 0.0 249
1767280932788 0.0 259
1767280933093 0.0 269
1767280933399 0.0 279
1767280933704 0.0 289
1767280934011 0.0 299
1767280934317 0.0 309
1767280934622 0.0 319
1767280934927 0.0 329
1767280936542 0.0 334
1767280936954 1.0 339
1767280937266 1.0 349
1767280937571 1.0 359
1767280937878 1.0 369
1767280938182 1.0 379
1767280938488 1.0 389
1767280938794 1.0 399
1767280939099 1.0 409
1767280939405 1.0 419
1767280939710 1.0 429
1767280940016 1.0 439
1767280940321 1.0 449
1767280940627 1.0 459
1767280940933 1.0 469
1767280941239 1.0 479
1767280941543 1.0 489
1767280941850 1.0 499
1767280942155 1.0 509
1767280945385 1.0 519
1767280945692 1.0 529
1767280945997 1.0 539
1767280946302 1.0 549
1767280946608 1.0 559
1767280946914 1.0 569
1767280947219 1.0 579
1767280947525 1.0 589
1767280947831 1.0 599
1767280948137 1.0 609
1767280948443 1.0 619
1767280948747 1.0 629
1767280949053 1.0 639
1767280949358 1.0 649
1767280949665 1.0 659
1767280949966 1.0 669
1767280951154 1.0 669
1767280951684 2.0 679
1767280951987 2.0 689
1767280952293 2.0 699
1767280952598 2.0 709
1767280952903 2.0 719
1767280953214 2.0 729
1767280953515 2.0 739
1767280953820 2.0 749
1767280954127 2.0 759
1767280954432 2.0 769
1767280954737 2.0 779
1767280955044 2.0 789
1767280955350 2.0 799
1767280955654 2.0 809
1767280955960 2.0 819
1767280956265 2.0 829
1767280956571 2.0 839
1767280956877 2.0 849
1767280957183 2.0 859
1767280957487 2.0 869
1767280957794 2.0 879
1767280958099 2.0 889
1767280958404 2.0 899
1767280958710 2.0 909
1767280959016 2.0 919
1767280959322 2.0 929
1767280959627 2.0 939
1767280959933 2.0 949
1767280960238 2.0 959
1767280960544 2.0 969
1767280960849 2.0 979
1767280961155 2.0 989
1767280961461 2.0 999
1767280962780 2.0 1004
1767280963157 3.0 1009
1767280963463 3.0 1019
1767280963768 3.0 1029
1767280964074 3.0 1039
1767280964379 3.0 1049
1767280964684 3.0 1059
1767280964991 3.0 1069
1767280965296 3.0 1079
1767280965601 3.0 1089
1767280965920 3.0 1099
1767280966228 3.0 1109
1767280966533 3.0 1119
1767280966839 3.0 1129
1767280967145 3.0 1139
1767280967451 3.0 1149
1767280967755 3.0 1159
1767280968061 3.0 1169
1767280968367 3.0 1179
1767280968673 3.0 1189
1767280968978 3.0 1199
1767280969283 3.0 1209
1767280969590 3.0 1219
1767280969896 3.0 1229
1767280970200 3.0 1239
1767280970507 3.0 1249
1767280970812 3.0 1259
1767280971116 3.0 1269
1767280971423 3.0 1279
1767280971729 3.0 1289
1767280972033 3.0 1299
1767280972340 3.0 1309
1767280972645 3.0 1319
1767280972951 3.0 1329
1767280973253 3.0 1339
1767280974428 3.0 1339
1767280974964 4.0 1349
1767280975273 4.0 1359
1767280975578 4.0 1369
1767280975884 4.0 1379
1767280976191 4.0 1389
1767280976495 4.0 1399
1767280976802 4.0 1409
1767280977107 4.0 1419
1767280977413 4.0 1429
1767280980649 4.0 1439
1767280980954 4.0 1449
1767280981260 4.0 1459
1767280981565 4.0 1469
1767280981871 4.0 1479
1767280982177 4.0 1489
1767280982482 4.0 1499
1767280982788 4.0 1509
1767280983093 4.0 1519
1767280983399 4.0 1529
1767280983705 4.0 1539
1767280984010 4.0 1549
1767280984316 4.0 1559
1767280984622 4.0 1569
1767280984926 4.0 1579
1767280985246 4.0 1589
1767280985554 4.0 1599
1767280985859 4.0 1609
1767280986164 4.0 1619
1767280986470 4.0 1629
1767280986777 4.0 1639
1767280987081 4.0 1649
1767280987386 4.0 1659
1767280987692 4.0 1669
1767280989016 4.0 1674
1767280989377 5.0 1679
1767280989682 5.0 1689
1767280989985 5.0 1699
1767280990290 5.0 1709
1767280990596 5.0 1719
1767280990901 5.0 1729
1767280991207 5.0 1739
1767280991513 5.0 1749
1767280991819 5.0 1759
1767280992124 5.0 1769
1767280992429 5.0 1779
1767280992736 5.0 1789
1767280993041 5.0 1799
1767280993346 5.0 1809
1767280993652 5.0 1819
1767280993958 5.0 1829
1767280994263 5.0 1839
1767280994569 5.0 1849
1767280994875 5.0 1859
1767280995180 5.0 1869
1767280995485 5.0 1879
1767280995791 5.0 1889
1767280996096 5.0 1899
1767280996402 5.0 1909
1767280996707 5.0 1919
1767280997015 5.0 1929
1767280997319 5.0 1939
1767280997625 5.0 1949
1767280997929 5.0 1959
1767280998236 5.0 1969
1767280998541 5.0 1979
1767280998847 5.0 1989
1767280999154 5.0 1999
1767280999454 5.0 2009
1767281000645 5.0 2009
1767281001170 6.0 2019
1767281001475 6.0 2029
1767281001780 6.0 2039
1767281002086 6.0 2049
1767281002392 6.0 2059
1767281002702 6.0 2069
1767281003007 6.0 2079
1767281003309 6.0 2089
1767281003614 6.0 2099
1767281003920 6.0 2109
1767281004225 6.0 2119
1767281004530 6.0 2129
1767281004836 6.0 2139
1767281005142 6.0 2149
1767281005448 6.0 2159
1767281005753 6.0 2169
1767281006059 6.0 2179
1767281006366 6.0 2189
1767281006669 6.0 2199
1767281006975 6.0 2209
1767281007281 6.0 2219
1767281007586 6.0 2229
1767281007892 6.0 2239
1767281008199 6.0 2249
1767281008504 6.0 2259
1767281008809 6.0 2269
1767281009115 6.0 2279
1767281009420 6.0 2289
1767281009726 6.0 2299
1767281010031 6.0 2309
1767281010337 6.0 2319
1767281010643 6.0 2329
1767281010948 6.0 2339
1767281012286 6.0 2344
1767281012663 7.0 2349
1767281015899 7.0 2359
1767281016202 7.0 2369
1767281016508 7.0 2379
1767281016813 7.0 2389
1767281017126 7.0 2399
1767281017440 7.0 2409
1767281017745 7.0 2419
1767281018051 7.0 2429
1767281018357 7.0 2439
1767281018662 7.0 2449
1767281018968 7.0 2459
1767281019274 7.0 2469
1767281019579 7.0 2479
1767281019885 7.0 2489
1767281020190 7.0 2499
1767281020496 7.0 2509
1767281020802 7.0 2519
1767281021107 7.0 2529
1767281021414 7.0 2539
1767281021719 7.0 2549
1767281022024 7.0 2559
1767281022330 7.0 2569
1767281022635 7.0 2579
1767281022941 7.0 2589
1767281023247 7.0 2599
1767281023552 7.0 2609
1767281023857 7.0 2619
1767281024163 7.0 2629
1767281024468 7.0 2639
1767281024774 7.0 2649
1767281025080 7.0 2659
1767281025386 7.0 2669
1767281025687 7.0 2679
1767281026902 7.0 2679
1767281027437 8.0 2689
1767281027742 8.0 2699
1767281028044 8.0 2709
1767281028349 8.0 2719
1767281028655 8.0 2729
1767281028960 8.0 2739
1767281029266 8.0 2749
1767281029572 8.0 2759
1767281029878 8.0 2769
1767281030183 8.0 2779
1767281030488 8.0 2789
1767281030795 8.0 2799
1767281031100 8.0 2809
1767281031405 8.0 2819
1767281031711 8.0 2829
1767281032016 8.0 2839
1767281032322 8.0 2849
1767281032629 8.0 2859
1767281032934 8.0 2869
1767281033239 8.0 2879
1767281033544 8.0 2889
1767281033850 8.0 2899
1767281034157 8.0 2909
1767281034462 8.0 2919
1767281034767 8.0 2929
1767281035073 8.0 2939
1767281035378 8.0 2949
1767281035684 8.0 2959
1767281035989 8.0 2969
1767281036295 8.0 2979
1767281036601 8.0 2989
1767281036906 8.0 2999
1767281037212 8.0 3009
1767281038565 8.0 3014
1767281038941 9.0 3019
1767281039244 9.0 3029
1767281039549 9.0 3039
1767281039855 9.0 3049
1767281040161 9.0 3059
1767281040466 9.0 3069
1767281040771 9.0 3079
1767281041078 9.0 3089
1767281041383 9.0 3099
1767281041689 9.0 3109
1767281041995 9.0 3119
1767281042300 9.0 3129
1767281042606 9.0 3139
1767281042912 9.0 3149
1767281043217 9.0 3159
1767281043522 9.0 3169
1767281043828 9.0 3179
1767281044133 9.0 3189
1767281044439 9.0 3199
1767281044746 9.0 3209
1767281045050 9.0 3219
1767281045356 9.0 3229
1767281045661 9.0 3239
1767281045967 9.0 3249
1767281046272 9.0 3259
1767281046578 9.0 3269
1767281046883 9.0 3279
1767281047190 9.0 3289
1767281047495 9.0 3299
1767281047801 9.0 3309
1767281051039 9.0 3319
1767281051344 9.0 3329
1767281051649 9.0 3339
1767281051952 9.0 3349
1767281053145 9.0 3349
1767281053666 10.0 3359
1767281053972 10.0 3369
1767281054277 10.0 3379
1767281054584 10.0 3389
1767281054889 10.0 3399
1767281055194 10.0 3409
1767281055501 10.0 3419
1767281055805 10.0 3429
1767281056112 10.0 3439
1767281056416 10.0 3449
1767281056723 10.0 3459
1767281057028 10.0 3469
1767281057334 10.0 3479
1767281057639 10.0 3489
1767281057945 10.0 3499
1767281058251 10.0 3509
1767281058557 10.0 3519
1767281058863 10.0 3529
1767281059168 10.0 3539
1767281059472 10.0 3549
1767281059779 10.0 3559
1767281060083 10.0 3569
1767281060389 10.0 3579
1767281060696 10.0 3589
1767281061001 10.0 3599
1767281061306 10.0 3609
1767281061612 10.0 3619
1767281061918 10.0 3629
1767281062224 10.0 3639
1767281062528 10.0 3649
1767281062835 10.0 3659
1767281063140 10.0 3669
1767281063445 10.0 3679
1767281064782 10.0 3684
1767281065151 11.0 3689
1767281065462 11.0 3699
1767281065770 11.0 3709
1767281066086 11.0 3719
1767281066394 11.0 3729
1767281066700 11.0 3739
1767281067006 11.0 3749
1767281067311 11.0 3759
1767281067617 11.0 3769
1767281067923 11.0 3779
1767281068228 11.0 3789
1767281068534 11.0 3799
1767281068839 11.0 3809
1767281069146 11.0 3819
1767281069450 11.0 3829
1767281069757 11.0 3839
1767281070062 11.0 3849
1767281070368 11.0 3859
1767281070673 11.0 3869
1767281070978 11.0 3879
1767281071284 11.0 3889
1767281071589 11.0 3899
1767281071895 11.0 3909
1767281072200 11.0 3919
1767281072506 11.0 3929
1767281072815 11.0 3939
1767281073118 11.0 3949
1767281073423 11.0 3959
1767281073730 11.0 3969
1767281074037 11.0 3979
1767281074341 11.0 3989
1767281074646 11.0 3999
1767281074950 11.0 4009
1767281075253 11.0 4019
1767281076441 11.0 4019
1767281076983 12.0 4029
1767281077289 12.0 4039
1767281077594 12.0 4049
1767281077900 12.0 4059
1767281078205 12.0 4069
1767281078511 12.0 4079
1767281078816 12.0 4089
1767281079122 12.0 4099
1767281079428 12.0 4109
1767281079734 12.0 4119
1767281080039 12.0 4129
1767281080345 12.0 4139
1767281080653 12.0 4149
1767281080956 12.0 4159
1767281081262 12.0 4169
1767281081568 12.0 4179
1767281081872 12.0 4189
1767281082178 12.0 4199
1767281082484 12.0 4209
1767281082789 12.0 4219
1767281083095 12.0 4229
1767281086331 12.0 4239
1767281086636 12.0 4249
1767281086942 12.0 4259
1767281087249 12.0 4269
1767281087558 12.0 4279
1767281087862 12.0 4289
1767281088167 12.0 4299
1767281088472 12.0 4309
1767281088775 12.0 4319
1767281089081 12.0 4329
1767281089386 12.0 4339
1767281089692 12.0 4349
1767281091036 12.0 4354
1767281091421 13.0 4359
1767281091725 13.0 4369
1767281092033 13.0 4379
1767281092335 13.0 4389
1767281092641 13.0 4399
1767281092946 13.0 4409
1767281093252 13.0 4419
1767281093558 13.0 4429
1767281093863 13.0 4439
1767281094169 13.0 4449
1767281094474 13.0 4459
1767281094781 13.0 4469
1767281095086 13.0 4479
1767281095391 13.0 4489
1767281095697 13.0 4499
1767281096002 13.0 4509
1767281096308 13.0 4519
1767281096614 13.0 4529
1767281096919 13.0 4539
1767281097225 13.0 4549
1767281097536 13.0 4559
1767281097840 13.0 4569
1767281098146 13.0 4579
1767281098448 13.0 4589
1767281098752 13.0 4599
1767281099058 13.0 4609
1767281099364 13.0 4619
1767281099670 13.0 4629
1767281099976 13.0 4639
1767281100280 13.0 4649
1767281100587 13.0 4659
1767281100897 13.0 4669
1767281101203 13.0 4679
1767281101503 13.0 4689
1767281102688 13.0 4689
1767281103219 14.0 4699
1767281103523 14.0 4709
1767281103826 14.0 4719
1767281104136 14.0 4729
1767281104453 14.0 4739
1767281104758 14.0 4749
1767281105063 14.0 4759
1767281105369 14.0 4769
1767281105675 14.0 4779
1767281105979 14.0 4789
1767281106286 14.0 4799
1767281106591 14.0 4809
1767281106897 14.0 4819
1767281107203 14.0 4829
1767281107508 14.0 4839
1767281107814 14.0 4849
1767281108120 14.0 4859
1767281108426 14.0 4869
1767281108731 14.0 4879
1767281109036 14.0 4889
1767281109342 14.0 4899
1767281109647 14.0 4909
1767281109953 14.0 4919
1767281110258 14.0 4929
1767281110564 14.0 4939
1767281110869 14.0 4949
1767281111175 14.0 4959
1767281111480 14.0 4969
1767281111786 14.0 4979
1767281112092 14.0 4989
1767281112398 14.0 4999
1767281112703 14.0 5009
1767281113009 14.0 5019
1767281114339 14.0 5024
1767281114732 15.0 5029
1767281115040 15.0 5039
1767281115346 15.0 5049
1767281115652 15.0 5059
1767281115957 15.0 5069
1767281116264 15.0 5079
1767281116568 15.0 5089
1767281116874 15.0 5099
1767281117180 15.0 5109
1767281117485 15.0 5119
1767281117790 15.0 5129
1767281118097 15.0 5139
1767281121329 15.0 5149
1767281121633 15.0 5159
1767281121940 15.0 5169
1767281122248 15.0 5179
1767281122551 15.0 5189
1767281122861 15.0 5199
1767281123164 15.0 5209
1767281123468 15.0 5219
1767281123774 15.0 5229
1767281124079 15.0 5239
1767281124385 15.0 5249
1767281124690 15.0 5259
1767281124996 15.0 5269
1767281125303 15.0 5279
1767281125607 15.0 5289
1767281125913 15.0 5299
1767281126218 15.0 5309
1767281126524 15.0 5319
1767281126830 15.0 5329
1767281127135 15.0 5339
1767281127442 15.0 5349
1767281127743 15.0 5359
1767281128908 15.0 5359
1767281129427 16.0 5369
1767281129732 16.0 5379
1767281130038 16.0 5389
1767281130344 16.0 5399
1767281130649 16.0 5409
1767281130954 16.0 5419
1767281131261 16.0 5429
1767281131566 16.0 5439
1767281131872 16.0 5449
1767281132177 16.0 5459
1767281132483 16.0 5469
1767281132788 16.0 5479
1767281133097 16.0 5489
1767281133400 16.0 5499
1767281133705 16.0 5509
1767281134010 16.0 5519
1767281134316 16.0 5529
1767281134622 16.0 5539
1767281134928 16.0 5549
1767281135237 16.0 5559
1767281135540 16.0 5569
1767281135844 16.0 5579
1767281136150 16.0 5589
1767281136456 16.0 5599
1767281136761 16.0 5609
1767281137067 16.0 5619
1767281137372 16.0 5629
1767281137678 16.0 5639
1767281137984 16.0 5649
1767281138290 16.0 5659
1767281138607 16.0 5669
1767281138917 16.0 5679
1767281139223 16.0 5689
1767281140648 16.0 5694
1767281141041 17.0 5699
1767281141359 17.0 5709
1767281141667 17.0 5719
1767281141973 17.0 5729
1767281142279 17.0 5739
1767281142584 17.0 5749
1767281142889 17.0 5759
1767281143194 17.0 5769
1767281143503 17.0 5779
1767281143808 17.0 5789
1767281144112 17.0 5799
1767281144418 17.0 5809
1767281144735 17.0 5819
1767281145058 17.0 5829
1767281145378 17.0 5839
1767281145688 17.0 5849
1767281145994 17.0 5859
1767281146305 17.0 5869
1767281146616 17.0 5879
1767281146923 17.0 5889
1767281147231 17.0 5899
1767281147533 17.0 5909
1767281147841 17.0 5919
1767281148145 17.0 5929
1767281148451 17.0 5939
1767281148760 17.0 5949
1767281149064 17.0 5959
1767281149368 17.0 5969
1767281149672 17.0 5979
1767281149981 17.0 5989
1767281150284 17.0 5999
1767281150589 17.0 6009
1767281150897 17.0 6019
1767281151197 17.0 6029
1767281152396 17.0 6029
1767281152929 18.0 6039
1767281153233 18.0 6049
1767281156472 18.0 6059
1767281156776 18.0 6069
1767281157083 18.0 6079
1767281157388 18.0 6089
1767281157698 18.0 6099
1767281158002 18.0 6109
1767281158305 18.0 6119
1767281158611 18.0 6129
1767281158917 18.0 6139
1767281159222 18.0 6149
1767281159527 18.0 6159
1767281159833 18.0 6169
1767281160138 18.0 6179
1767281160444 18.0 6189
1767281160750 18.0 6199
1767281161056 18.0 6209
1767281161361 18.0 6219
1767281161666 18.0 6229
1767281161972 18.0 6239
1767281162278 18.0 6249
1767281162583 18.0 6259
1767281162889 18.0 6269
1767281163195 18.0 6279
1767281163501 18.0 6289
1767281163806 18.0 6299
1767281164111 18.0 6309
1767281164417 18.0 6319
1767281164722 18.0 6329
1767281165029 18.0 6339
1767281165333 18.0 6349
1767281165639 18.0 6359
1767281166983 18.0 6364
1767281167390 19.0 6369
1767281167700 19.0 6379
1767281168008 19.0 6389
1767281168313 19.0 6399
1767281168619 19.0 6409
1767281168925 19.0 6419
1767281169231 19.0 6429
1767281169536 19.0 6439
1767281169842 19.0 6449
1767281170147 19.0 6459
1767281170452 19.0 6469
1767281170758 19.0 6479
1767281171064 19.0 6489
1767281171370 19.0 6499
1767281171675 19.0 6509
1767281171980 19.0 6519
1767281172286 19.0 6529
1767281172591 19.0 6539
1767281172902 19.0 6549
1767281173203 19.0 6559
1767281173509 19.0 6569
1767281173814 19.0 6579
1767281174119 19.0 6589
1767281174423 19.0 6599
1767281174729 19.0 6609
1767281175036 19.0 6619
1767281175343 19.0 6629
1767281175645 19.0 6639
1767281175952 19.0 6649
1767281176259 19.0 6659
1767281176563 19.0 6669
1767281176868 19.0 6679
1767281177174 19.0 6689
1767281177476 19.0 6699
1767281178683 19.0 6699
1767281179210 20.0 6709
1767281179527 20.0 6719
1767281179833 20.0 6729
1767281180139 20.0 6739
1767281180444 20.0 6749
1767281180750 20.0 6759
1767281181054 20.0 6769
1767281181360 20.0 6779
1767281181666 20.0 6789
1767281181972 20.0 6799
1767281182279 20.0 6809
1767281182585 20.0 6819
1767281182888 20.0 6829
1767281183195 20.0 6839
1767281183501 20.0 6849
1767281183806 20.0 6859
1767281184113 20.0 6869
1767281184421 20.0 6879
1767281184734 20.0 6889
1767281185042 20.0 6899
1767281185351 20.0 6909
1767281185661 20.0 6919
1767281185967 20.0 6929
1767281186284 20.0 6939
1767281186588 20.0 6949
1767281186893 20.0 6959
1767281187201 20.0 6969
1767281187505 20.0 6979
1767281187811 20.0 6989
1767281188115 20.0 6999
1767281188421 20.0 7009
1767281191654 20.0 7019
1767281191968 20.0 7029
1767281193442 20.0 7034
1767281193833 21.0 7039
1767281194191 21.0 7049
1767281194527 21.0 7059
1767281194844 21.0 7069
1767281195152 21.0 7079
1767281195460 21.0 7089
1767281195765 21.0 7099
1767281196073 21.0 7109
1767281196379 21.0 7119
1767281196684 21.0 7129
1767281196991 21.0 7139
1767281197295 21.0 7149
1767281197598 21.0 7159
1767281197907 21.0 7169
1767281198215 21.0 7179
1767281198527 21.0 7189
1767281198835 21.0 7199
1767281199160 21.0 7209
1767281199476 21.0 7219
1767281199794 21.0 7229
1767281200105 21.0 7239
1767281200418 21.0 7249
1767281200733 21.0 7259
1767281201069 21.0 7269
1767281201385 21.0 7279
1767281201704 21.0 7289
1767281202029 21.0 7299
1767281202334 21.0 7309
1767281202640 21.0 7319
1767281202954 21.0 7329
1767281203266 21.0 7339
1767281203572 21.0 7349
1767281203879 21.0 7359
1767281204184 21.0 7369
1767281205390 21.0 7369
1767281205925 22.0 7379
1767281206239 22.0 7389
1767281206554 22.0 7399
1767281206867 22.0 7409
1767281207189 22.0 7419
1767281207505 22.0 7429
1767281207820 22.0 7439
1767281208128 22.0 7449
1767281208432 22.0 7459
1767281208736 22.0 7469
1767281209044 22.0 7479
1767281209347 22.0 7489
1767281209654 22.0 7499
1767281209962 22.0 7509
1767281210266 22.0 7519
1767281210573 22.0 7529
1767281210892 22.0 7539
1767281211197 22.0 7549
1767281211502 22.0 7559
1767281211814 22.0 7569
1767281212129 22.0 7579
1767281212435 22.0 7589
1767281212753 22.0 7599
1767281213060 22.0 7609
1767281213366 22.0 7619
1767281213672 22.0 7629
1767281213977 22.0 7639
1767281214285 22.0 7649
1767281214592 22.0 7659
1767281214896 22.0 7669
1767281215200 22.0 7679
1767281215506 22.0 7689
1767281215811 22.0 7699
1767281217194 22.0 7704
1767281217581 23.0 7709
1767281217889 23.0 7719
1767281218195 23.0 7729
1767281218500 23.0 7739
1767281218805 23.0 7749
1767281219111 23.0 7759
1767281219418 23.0 7769
1767281219723 23.0 7779
1767281220028 23.0 7789
1767281220334 23.0 7799
1767281220640 23.0 7809
1767281220946 23.0 7819
1767281221250 23.0 7829
1767281221556 23.0 7839
1767281221861 23.0 7849
1767281222167 23.0 7859
1767281222475 23.0 7869
1767281222791 23.0 7879
1767281223105 23.0 7889
1767281223423 23.0 7899
1767281223726 23.0 7909
1767281226962 23.0 7919
1767281227273 23.0 7929
1767281227577 23.0 7939
1767281227908 23.0 7949
1767281228216 23.0 7959
1767281228526 23.0 7969
1767281228838 23.0 7979
1767281229147 23.0 7989
1767281229453 23.0 7999
1767281229758 23.0 8009
1767281230064 23.0 8019
1767281230370 23.0 8029
1767281230671 23.0 8039
1767281231880 23.0 8039
1767281232430 24.0 8049
1767281232743 24.0 8059
1767281233045 24.0 8069
1767281233349 24.0 8079
1767281233655 24.0 8089
1767281233964 24.0 8099
1767281234270 24.0 8109
1767281234586 24.0 8119
1767281234892 24.0 8129
1767281235198 24.0 8139
1767281235503 24.0 8149
1767281235809 24.0 8159
1767281236116 24.0 8169
1767281236422 24.0 8179
1767281236732 24.0 8189
1767281237046 24.0 8199
1767281237352 24.0 8209
1767281237657 24.0 8219
1767281237964 24.0 8229
1767281238269 24.0 8239
1767281238576 24.0 8249
1767281238880 24.0 8259
1767281239185 24.0 8269
1767281239493 24.0 8279
1767281239796 24.0 8289
1767281240103 24.0 8299
1767281240421 24.0 8309
1767281240746 24.0 8319
1767281241049 24.0 8329
1767281241366 24.0 8339
1767281241677 24.0 8349
1767281241983 24.0 8359
1767281242287 24.0 8369
1767281243631 24.0 8374
1767281243997 25.0 8379
1767281244303 25.0 8389
1767281244609 25.0 8399
1767281244915 25.0 8409
1767281245221 25.0 8419
1767281245527 25.0 8429
1767281245831 25.0 8439
1767281246137 25.0 8449
1767281246442 25.0 8459
1767281246748 25.0 8469
1767281247054 25.0 8479
1767281247359 25.0 8489
1767281247666 25.0 8499
1767281247970 25.0 8509
1767281248281 25.0 8519
1767281248589 25.0 8529
1767281248899 25.0 8539
1767281249208 25.0 8549
1767281249515 25.0 8559
1767281249820 25.0 8569
1767281250126 25.0 8579
1767281250431 25.0 8589
1767281250737 25.0 8599
1767281251043 25.0 8609
1767281251348 25.0 8619
1767281251653 25.0 8629
1767281251959 25.0 8639
1767281252265 25.0 8649
1767281252570 25.0 8659
1767281252877 25.0 8669
1767281253181 25.0 8679
1767281253487 25.0 8689
1767281253795 25.0 8699
1767281254097 25.0 8709
1767281255331 25.0 8709
1767281255855 26.0 8719
1767281256161 26.0 8729
1767281256467 26.0 8739
1767281256773 26.0 8749
1767281257091 26.0 8759
1767281257413 26.0 8769
1767281257730 26.0 8779
1767281258058 26.0 8789
1767281258383 26.0 8799
1767281258719 26.0 8809
1767281261997 26.0 8819
1767281262306 26.0 8829
1767281262622 26.0 8839
1767281262934 26.0 8849
1767281263252 26.0 8859
1767281263555 26.0 8869
1767281263870 26.0 8879
1767281264181 26.0 8889
1767281264487 26.0 8899
1767281264793 26.0 8909
1767281265098 26.0 8919
1767281265405 26.0 8929
1767281265709 26.0 8939
1767281266017 26.0 8949
1767281266320 26.0 8959
1767281266634 26.0 8969
1767281266950 26.0 8979
1767281267287 26.0 8989
1767281267600 26.0 8999
1767281267971 26.0 9009
1767281268309 26.0 9019
1767281268630 26.0 9029
1767281268963 26.0 9039
1767281270429 26.0 9044
1767281270865 27.0 9049
1767281271183 27.0 9059
1767281271490 27.0 9069
1767281271806 27.0 9079
1767281272115 27.0 9089
1767281272423 27.0 9099
1767281272774 27.0 9109
1767281273080 27.0 9119
1767281273410 27.0 9129
1767281273722 27.0 9139
1767281274040 27.0 9149
1767281274379 27.0 9159
1767281274694 27.0 9169
1767281275043 27.0 9179
1767281275383 27.0 9189
1767281275688 27.0 9199
1767281275994 27.0 9209
1767281276301 27.0 9219
1767281276607 27.0 9229
1767281276925 27.0 9239
1767281277230 27.0 9249
1767281277536 27.0 9259
1767281277841 27.0 9269
1767281278147 27.0 9279
1767281278453 27.0 9289
1767281278758 27.0 9299
1767281279064 27.0 9309
1767281279371 27.0 9319
1767281279676 27.0 9329
1767281279981 27.0 9339
1767281280287 27.0 9349
1767281280592 27.0 9359
1767281280897 27.0 9369
1767281281199 27.0 9379
1767281282390 27.0 9379
