1767280925145 2.6510066986083984 9
1767280925455 2.43699049949646 19
1767280925760 2.331064224243164 29
1767280926066 2.211069107055664 39
1767280926371 2.035421848297119 49
1767280926677 1.9076285362243652 59
1767280926982 1.8860598802566528 69
1767280927287 1.9898314476013184 79
1767280927592 1.9279885292053223 89
1767280927898 1.9013481140136719 99
1767280928204 1.8135669231414795 109
1767280928510 1.740239143371582 119
1767280928816 1.8416106700897217 129
1767280929121 1.823129653930664 139
1767280929427 1.7809925079345703 149
1767280929733 1.5895018577575684 159
1767280930038 1.841974139213562 169
1767280930344 1.798022747039795 179
1767280930650 1.7896084785461426 189
1767280930955 1.7722902297973633 199
1767280931260 1.790865182876587 209
1767280931565 1.5968225002288818 219
1767280931871 1.5746188163757324 229
1767280932176 1.6658124923706055 239
1767280932483 1.5799401998519897 249
1767280932788 1.5626916885375977 259
1767280933093 1.6682767868041992 269
1767280933399 1.582465410232544 279
1767280933704 1.7084994316101074 289
1767280934011 1.6994390487670898 299
1767280934317 1.5634474754333496 309
1767280934622 1.6075048446655273 319
1767280934927 1.5827922821044922 329
1767280936954 1.6638959646224976 339
1767280937266 1.6092472076416016 349
1767280937571 1.4441741704940796 359
1767280937878 1.461303949356079 369
1767280938182 1.523303508758545 379
1767280938488 1.5845003128051758 389
1767280938794 1.5974042415618896 399
1767280939099 1.5412743091583252 409
1767280939405 1.491487741470337 419
1767280939710 1.5558022260665894 429
1767280940016 1.4561340808868408 439
1767280940321 1.6403026580810547 449
1767280940627 1.479604959487915 459
1767280940933 1.577885627746582 469
1767280941239 1.5446367263793945 479
1767280941543 1.606136679649353 489
1767280941850 1.548745036125183 499
1767280942155 1.5186119079589844 509
1767280945385 1.4429796934127808 519
1767280945692 1.589184284210205 529
1767280945997 1.5527548789978027 539
1767280946302 1.4536058902740479 549
1767280946608 1.6055346727371216 559
1767280946914 1.4833093881607056 569
1767280947219 1.623746395111084 579
1767280947525 1.4362329244613647 589
1767280947831 1.5707907676696777 599
1767280948137 1.535211205482483 609
1767280948443 1.3415906429290771 619
1767280948747 1.5232290029525757 629
1767280949053 1.4191997051239014 639
1767280949358 1.397462010383606 649
1767280949665 1.5447492599487305 659
1767280949966 1.5610102415084839 669
1767280951684 1.5625364780426025 679
1767280951987 1.5814059972763062 689
1767280952293 1.4322408437728882 699
1767280952598 1.5044713020324707 709
1767280952903 1.5123627185821533 719
1767280953214 1.6170753240585327 729
1767280953515 1.4711050987243652 739
1767280953820 1.4868123531341553 749
1767280954127 1.4716566801071167 759
1767280954432 1.4314095973968506 769
1767280954737 1.3165888786315918 779
1767280955044 1.433281660079956 789
1767280955350 1.3955835103988647 799
1767280955654 1.3635103702545166 809
1767280955960 1.433172583580017 819
1767280956265 1.3615808486938477 829
1767280956571 1.407885193824768 839
1767280956877 1.32100248336792 849
1767280957183 1.4909253120422363 859
1767280957487 1.488250970840454 869
1767280957794 1.4593663215637207 879
1767280958099 1.3410708904266357 889
1767280958404 1.5171818733215332 899
1767280958710 1.4838495254516602 909
1767280959016 1.5103257894515991 919
1767280959322 1.55332612991333 929
1767280959627 1.2890124320983887 939
1767280959933 1.336219310760498 949
1767280960238 1.354401707649231 959
1767280960544 1.2638285160064697 969
1767280960849 1.3209738731384277 979
1767280961155 1.3952126502990723 989
1767280961461 1.3516652584075928 999
1767280963157 1.398938536643982 1009
1767280963463 1.4942580461502075 1019
1767280963768 1.4132428169250488 1029
1767280964074 1.2852438688278198 1039
1767280964379 1.3651783466339111 1049
1767280964684 1.4431174993515015 1059
1767280964991 1.3782724142074585 1069
1767280965296 1.44527268409729 1079
1767280965601 1.3432202339172363 1089
1767280965920 1.3964667320251465 1099
1767280966228 1.2564741373062134 1109
1767280966533 1.5148084163665771 1119
1767280966839 1.3831713199615479 1129
1767280967145 1.408202886581421 1139
1767280967451 1.4554332494735718 1149
1767280967755 1.502307653427124 1159
1767280968061 1.3744876384735107 1169
1767280968367 1.4418435096740723 1179
1767280968673 1.331577181816101 1189
1767280968978 1.3906571865081787 1199
1767280969283 1.2050058841705322 1209
1767280969590 1.4817228317260742 1219
1767280969896 1.339516520500183 1229
1767280970200 1.3063781261444092 1239
1767280970507 1.3914101123809814 1249
1767280970812 1.4167038202285767 1259
1767280971116 1.3776557445526123 1269
1767280971423 1.261936068534851 1279
1767280971729 1.2019654512405396 1289
1767280972033 1.4111295938491821 1299
1767280972340 1.2346752882003784 1309
1767280972645 1.3521206378936768 1319
1767280972951 1.4077744483947754 1329
1767280973253 1.390490174293518 1339
1767280974964 1.454684853553772 1349
1767280975273 1.370140552520752 1359
1767280975578 1.1977767944335938 1369
1767280975884 1.567935824394226 1379
1767280976191 1.4301468133926392 1389
1767280976495 1.3453965187072754 1399
1767280976802 1.426411509513855 1409
1767280977107 1.4331482648849487 1419
1767280977413 1.2495982646942139 1429
1767280980649 1.4178292751312256 1439
1767280980954 1.262541651725769 1449
1767280981260 1.31637442111969 1459
1767280981565 1.310206651687622 1469
1767280981871 1.1868351697921753 1479
1767280982177 1.505598783493042 1489
1767280982482 1.4241564273834229 1499
1767280982788 1.3063149452209473 1509
1767280983093 1.4751397371292114 1519
1767280983399 1.3246346712112427 1529
1767280983705 1.2785933017730713 1539
1767280984010 1.401518702507019 1549
1767280984316 1.3250210285186768 1559
1767280984622 1.3185322284698486 1569
1767280984926 1.3232868909835815 1579
1767280985246 1.3902239799499512 1589
1767280985554 1.2906216382980347 1599
1767280985859 1.222152829170227 1609
1767280986164 1.3856408596038818 1619
1767280986470 1.280121922492981 1629
1767280986777 1.4112454652786255 1639
1767280987081 1.470293641090393 1649
1767280987386 1.3551223278045654 1659
1767280987692 1.442643165588379 1669
1767280989377 1.1842014789581299 1679
1767280989682 1.3490562438964844 1689
1767280989985 1.4231669902801514 1699
1767280990290 1.347121238708496 1709
1767280990596 1.336977243423462 1719
1767280990901 1.3995535373687744 1729
1767280991207 1.1896533966064453 1739
1767280991513 1.372720718383789 1749
1767280991819 1.4140758514404297 1759
1767280992124 1.277356743812561 1769
1767280992429 1.224511981010437 1779
1767280992736 1.2665913105010986 1789
1767280993041 1.305537223815918 1799
1767280993346 1.469630241394043 1809
1767280993652 1.2520328760147095 1819
1767280993958 1.3521735668182373 1829
1767280994263 1.3344424962997437 1839
1767280994569 1.4570839405059814 1849
1767280994875 1.2581608295440674 1859
1767280995180 1.3315222263336182 1869
1767280995485 1.3569430112838745 1879
1767280995791 1.216220498085022 1889
1767280996096 1.2576162815093994 1899
1767280996402 1.2120457887649536 1909
1767280996707 1.3080024719238281 1919
1767280997015 1.376375675201416 1929
1767280997319 1.2213637828826904 1939
1767280997625 1.1742832660675049 1949
1767280997929 1.2430540323257446 1959
1767280998236 1.1938101053237915 1969
1767280998541 1.1818606853485107 1979
1767280998847 1.3644983768463135 1989
1767280999154 1.3265657424926758 1999
1767280999454 1.25771164894104 2009
1767281001170 1.403092622756958 2019
1767281001475 1.4423404932022095 2029
1767281001780 1.3036646842956543 2039
1767281002086 1.2340312004089355 2049
1767281002392 1.168587565422058 2059
1767281002702 1.3789894580841064 2069
1767281003007 1.3354166746139526 2079
1767281003309 1.177455186843872 2089
1767281003614 1.2087504863739014 2099
1767281003920 1.2115178108215332 2109
1767281004225 1.285980224609375 2119
1767281004530 1.3677034378051758 2129
1767281004836 1.367163062095642 2139
1767281005142 1.3169411420822144 2149
1767281005448 1.2983744144439697 2159
1767281005753 1.3318957090377808 2169
1767281006059 1.2318025827407837 2179
1767281006366 1.1955742835998535 2189
1767281006669 1.421964406967163 2199
1767281006975 1.2253974676132202 2209
1767281007281 1.2838629484176636 2219
1767281007586 1.2694439888000488 2229
1767281007892 1.2408086061477661 2239
1767281008199 1.5468027591705322 2249
1767281008504 1.302818775177002 2259
1767281008809 1.3170300722122192 2269
1767281009115 1.263694405555725 2279
1767281009420 1.2120789289474487 2289
1767281009726 1.2053171396255493 2299
1767281010031 1.215606689453125 2309
1767281010337 1.3571101427078247 2319
1767281010643 1.358124017715454 2329
1767281010948 1.2101075649261475 2339
1767281012663 1.1788896322250366 2349
1767281015899 1.3737664222717285 2359
1767281016202 1.2738621234893799 2369
1767281016508 1.2749180793762207 2379
1767281016813 1.2493926286697388 2389
1767281017126 1.2284365892410278 2399
1767281017440 1.4287967681884766 2409
1767281017745 1.373290777206421 2419
1767281018051 1.040520191192627 2429
1767281018357 1.1570892333984375 2439
1767281018662 1.3567792177200317 2449
1767281018968 1.1495404243469238 2459
1767281019274 1.287621021270752 2469
1767281019579 1.1948646306991577 2479
1767281019885 1.3712761402130127 2489
1767281020190 1.39548921585083 2499
1767281020496 1.340341567993164 2509
1767281020802 1.1380703449249268 2519
1767281021107 1.1793029308319092 2529
1767281021414 1.3372937440872192 2539
1767281021719 1.1896154880523682 2549
1767281022024 1.3374584913253784 2559
1767281022330 1.2654508352279663 2569
1767281022635 1.139244794845581 2579
1767281022941 1.290179967880249 2589
1767281023247 1.2100715637207031 2599
1767281023552 1.3588474988937378 2609
1767281023857 1.1655850410461426 2619
1767281024163 1.28407621383667 2629
1767281024468 1.1999437808990479 2639
1767281024774 1.302380919456482 2649
1767281025080 1.3421299457550049 2659
1767281025386 1.3005528450012207 2669
1767281025687 1.1474441289901733 2679
1767281027437 1.2495415210723877 2689
1767281027742 1.3490774631500244 2699
1767281028044 1.1613268852233887 2709
1767281028349 1.0926814079284668 2719
1767281028655 1.3243883848190308 2729
1767281028960 1.3362575769424438 2739
1767281029266 1.2630536556243896 2749
1767281029572 1.3392152786254883 2759
1767281029878 1.324631690979004 2769
1767281030183 1.195505976676941 2779
1767281030488 1.192686915397644 2789
1767281030795 1.1718456745147705 2799
1767281031100 1.1493109464645386 2809
1767281031405 1.278071403503418 2819
1767281031711 1.1545610427856445 2829
1767281032016 1.1523600816726685 2839
1767281032322 1.2594646215438843 2849
1767281032629 1.1677881479263306 2859
1767281032934 1.2908412218093872 2869
1767281033239 1.2339247465133667 2879
1767281033544 1.4335888624191284 2889
1767281033850 1.2910945415496826 2899
1767281034157 1.3879233598709106 2909
1767281034462 1.400425910949707 2919
1767281034767 1.3085081577301025 2929
1767281035073 1.1966593265533447 2939
1767281035378 1.280764102935791 2949
1767281035684 1.4350121021270752 2959
1767281035989 1.2810136079788208 2969
1767281036295 1.1890380382537842 2979
1767281036601 1.20009183883667 2989
1767281036906 1.3260165452957153 2999
1767281037212 1.2171865701675415 3009
1767281038941 1.0787044763565063 3019
1767281039244 1.364501953125 3029
1767281039549 1.2448956966400146 3039
1767281039855 1.250933051109314 3049
1767281040161 1.188969612121582 3059
1767281040466 1.1454179286956787 3069
1767281040771 1.394801378250122 3079
1767281041078 1.1639999151229858 3089
1767281041383 1.3615186214447021 3099
1767281041689 1.1892236471176147 3109
1767281041995 1.1225206851959229 3119
1767281042300 1.3453097343444824 3129
1767281042606 1.2754987478256226 3139
1767281042912 1.3407354354858398 3149
1767281043217 1.2436296939849854 3159
1767281043522 1.2863564491271973 3169
1767281043828 1.1691536903381348 3179
1767281044133 1.1356163024902344 3189
1767281044439 1.2061104774475098 3199
1767281044746 1.267480731010437 3209
1767281045050 1.1620270013809204 3219
1767281045356 1.2163559198379517 3229
1767281045661 1.361997127532959 3239
1767281045967 1.3581948280334473 3249
1767281046272 1.3690516948699951 3259
1767281046578 1.291900634765625 3269
1767281046883 1.2701491117477417 3279
1767281047190 1.092893123626709 3289
1767281047495 1.3019312620162964 3299
1767281047801 1.1840205192565918 3309
1767281051039 1.2417443990707397 3319
1767281051344 1.2019164562225342 3329
1767281051649 1.3731489181518555 3339
1767281051952 1.3189023733139038 3349
1767281053666 1.3205595016479492 3359
1767281053972 1.114808440208435 3369
1767281054277 1.2939889430999756 3379
1767281054584 1.315359354019165 3389
1767281054889 1.2295724153518677 3399
1767281055194 1.3328778743743896 3409
1767281055501 1.2879256010055542 3419
1767281055805 1.3293356895446777 3429
1767281056112 1.1924712657928467 3439
1767281056416 1.292567253112793 3449
1767281056723 1.324590802192688 3459
1767281057028 1.0542523860931396 3469
1767281057334 1.1871051788330078 3479
1767281057639 1.0973252058029175 3489
1767281057945 1.2413426637649536 3499
1767281058251 1.1690961122512817 3509
1767281058557 1.3302581310272217 3519
1767281058863 1.3945837020874023 3529
1767281059168 1.2436898946762085 3539
1767281059472 1.353489875793457 3549
1767281059779 1.2733911275863647 3559
1767281060083 1.1707638502120972 3569
1767281060389 1.238943099975586 3579
1767281060696 1.2928037643432617 3589
1767281061001 1.268877625465393 3599
1767281061306 1.1427738666534424 3609
1767281061612 1.2444519996643066 3619
1767281061918 1.198993444442749 3629
1767281062224 1.1233503818511963 3639
1767281062528 1.2145671844482422 3649
1767281062835 1.0416618585586548 3659
1767281063140 1.2796857357025146 3669
1767281063445 1.2322274446487427 3679
1767281065151 1.2345974445343018 3689
1767281065462 1.2269446849822998 3699
1767281065770 1.1039676666259766 3709
1767281066086 0.980373203754425 3719
1767281066394 1.1562883853912354 3729
1767281066700 1.1780593395233154 3739
1767281067006 1.0951908826828003 3749
1767281067311 1.214078664779663 3759
1767281067617 1.2182939052581787 3769
1767281067923 1.217787504196167 3779
1767281068228 0.9479364156723022 3789
1767281068534 1.335935115814209 3799
1767281068839 1.3028223514556885 3809
1767281069146 1.27305269241333 3819
1767281069450 1.1040289402008057 3829
1767281069757 1.1214600801467896 3839
1767281070062 1.169419288635254 3849
1767281070368 1.2115317583084106 3859
1767281070673 1.3398840427398682 3869
1767281070978 1.191696286201477 3879
1767281071284 1.1447011232376099 3889
1767281071589 1.2568659782409668 3899
1767281071895 1.1626338958740234 3909
1767281072200 1.2619802951812744 3919
1767281072506 1.2333054542541504 3929
1767281072815 1.3595669269561768 3939
1767281073118 1.3080260753631592 3949
1767281073423 1.1914907693862915 3959
1767281073730 1.4527168273925781 3969
1767281074037 1.339956283569336 3979
1767281074341 1.2084860801696777 3989
1767281074646 1.178586483001709 3999
1767281074950 1.2683273553848267 4009
1767281075253 1.2128355503082275 4019
1767281076983 1.2513117790222168 4029
1767281077289 1.163545846939087 4039
1767281077594 1.1540385484695435 4049
1767281077900 1.1905807256698608 4059
1767281078205 1.0360130071640015 4069
1767281078511 1.2134664058685303 4079
1767281078816 1.25274658203125 4089
1767281079122 1.3679959774017334 4099
1767281079428 1.1641664505004883 4109
1767281079734 1.4024622440338135 4119
1767281080039 1.1202350854873657 4129
1767281080345 1.3486742973327637 4139
1767281080653 1.1892253160476685 4149
1767281080956 1.2654521465301514 4159
1767281081262 1.1959457397460938 4169
1767281081568 1.0431318283081055 4179
1767281081872 1.1855370998382568 4189
1767281082178 1.3150033950805664 4199
1767281082484 1.1608166694641113 4209
1767281082789 1.3209813833236694 4219
1767281083095 1.1075332164764404 4229
1767281086331 1.1406162977218628 4239
1767281086636 1.0585060119628906 4249
1767281086942 1.1477041244506836 4259
1767281087249 1.1306085586547852 4269
1767281087558 1.2166258096694946 4279
1767281087862 1.1808645725250244 4289
1767281088167 1.2436254024505615 4299
1767281088472 1.1128871440887451 4309
1767281088775 1.2026360034942627 4319
1767281089081 0.9932213425636292 4329
1767281089386 1.25712251663208 4339
1767281089692 1.320919394493103 4349
1767281091421 1.3188074827194214 4359
1767281091725 1.1650524139404297 4369
1767281092033 1.3080376386642456 4379
1767281092335 1.1750032901763916 4389
1767281092641 1.2075529098510742 4399
1767281092946 1.1126134395599365 4409
1767281093252 1.2384247779846191 4419
1767281093558 1.2093652486801147 4429
1767281093863 1.0625287294387817 4439
1767281094169 1.154609203338623 4449
1767281094474 1.0722942352294922 4459
1767281094781 1.341781497001648 4469
1767281095086 1.1471542119979858 4479
1767281095391 1.0967891216278076 4489
1767281095697 1.1968979835510254 4499
1767281096002 1.153781771659851 4509
1767281096308 1.126352071762085 4519
1767281096614 1.2304491996765137 4529
1767281096919 1.2801284790039062 4539
1767281097225 1.051023244857788 4549
1767281097536 1.183716058731079 4559
1767281097840 1.4551870822906494 4569
1767281098146 1.1965341567993164 4579
1767281098448 1.291129231452942 4589
1767281098752 1.4139646291732788 4599
1767281099058 1.2460983991622925 4609
1767281099364 1.2228422164916992 4619
1767281099670 1.3438341617584229 4629
1767281099976 1.1964621543884277 4639
1767281100280 1.097844123840332 4649
1767281100587 1.0990989208221436 4659
1767281100897 1.1890865564346313 4669
1767281101203 1.1672329902648926 4679
1767281101503 1.4720730781555176 4689
1767281103219 1.2437913417816162 4699
1767281103523 1.0705262422561646 4709
1767281103826 1.157546043395996 4719
1767281104136 1.0867650508880615 4729
1767281104453 1.2826272249221802 4739
1767281104758 1.132269024848938 4749
1767281105063 1.1586763858795166 4759
1767281105369 1.2807880640029907 4769
1767281105675 1.1947109699249268 4779
1767281105979 1.2626911401748657 4789
1767281106286 1.1483123302459717 4799
1767281106591 1.2012709379196167 4809
1767281106897 1.202322244644165 4819
1767281107203 1.18956458568573 4829
1767281107508 1.1351842880249023 4839
1767281107814 1.1069567203521729 4849
1767281108120 1.26646089553833 4859
1767281108426 1.2036391496658325 4869
1767281108731 1.2390499114990234 4879
1767281109036 1.1471887826919556 4889
1767281109342 1.3519115447998047 4899
1767281109647 1.292079210281372 4909
1767281109953 1.2067439556121826 4919
1767281110258 1.3075069189071655 4929
1767281110564 1.04889976978302 4939
1767281110869 1.1584845781326294 4949
1767281111175 1.0957411527633667 4959
1767281111480 1.186022400856018 4969
1767281111786 1.2698376178741455 4979
1767281112092 1.1468926668167114 4989
1767281112398 1.1786572933197021 4999
1767281112703 1.2548000812530518 5009
1767281113009 1.1805450916290283 5019
1767281114732 1.0815030336380005 5029
1767281115040 1.1618045568466187 5039
1767281115346 1.2127611637115479 5049
1767281115652 1.234584927558899 5059
1767281115957 1.2938868999481201 5069
1767281116264 1.2569189071655273 5079
1767281116568 1.2709839344024658 5089
1767281116874 1.184929609298706 5099
1767281117180 1.089905858039856 5109
1767281117485 1.0797923803329468 5119
1767281117790 1.3390181064605713 5129
1767281118097 1.1425617933273315 5139
1767281121329 1.2466399669647217 5149
1767281121633 1.2277287244796753 5159
1767281121940 1.3195918798446655 5169
1767281122248 1.1956230401992798 5179
1767281122551 1.1320209503173828 5189
1767281122861 1.268118977546692 5199
1767281123164 1.3346784114837646 5209
1767281123468 1.14116370677948 5219
1767281123774 1.236768126487732 5229
1767281124079 1.3379021883010864 5239
1767281124385 1.1736690998077393 5249
1767281124690 1.1401511430740356 5259
1767281124996 1.2468962669372559 5269
1767281125303 1.1749684810638428 5279
1767281125607 1.1001570224761963 5289
1767281125913 1.2028324604034424 5299
1767281126218 1.2071033716201782 5309
1767281126524 1.3981744050979614 5319
1767281126830 1.2019085884094238 5329
1767281127135 1.2961680889129639 5339
1767281127442 1.1642825603485107 5349
1767281127743 1.162197232246399 5359
1767281129427 1.3041688203811646 5369
1767281129732 1.2673039436340332 5379
1767281130038 1.2007452249526978 5389
1767281130344 1.1339004039764404 5399
1767281130649 1.2221581935882568 5409
1767281130954 1.22333562374115 5419
1767281131261 1.2408291101455688 5429
1767281131566 1.2147901058197021 5439
1767281131872 1.2938075065612793 5449
1767281132177 1.0829721689224243 5459
1767281132483 1.0909262895584106 5469
1767281132788 1.1539156436920166 5479
1767281133097 1.2071006298065186 5489
1767281133400 1.1037843227386475 5499
1767281133705 1.2612528800964355 5509
1767281134010 1.2989243268966675 5519
1767281134316 1.179657220840454 5529
1767281134622 1.1529003381729126 5539
1767281134928 1.2503762245178223 5549
1767281135237 1.1731306314468384 5559
1767281135540 1.2150204181671143 5569
1767281135844 1.1936115026474 5579
1767281136150 1.1332249641418457 5589
1767281136456 1.051526665687561 5599
1767281136761 1.1540464162826538 5609
1767281137067 1.1115598678588867 5619
1767281137372 1.2620258331298828 5629
1767281137678 1.259753942489624 5639
1767281137984 1.1090588569641113 5649
1767281138290 1.2468199729919434 5659
1767281138607 1.1611040830612183 5669
1767281138917 1.1796181201934814 5679
1767281139223 1.4004794359207153 5689
1767281141041 1.1076891422271729 5699
1767281141359 1.1400318145751953 5709
1767281141667 1.1296424865722656 5719
1767281141973 1.1951006650924683 5729
1767281142279 1.277813196182251 5739
1767281142584 1.1455475091934204 5749
1767281142889 1.0415164232254028 5759
1767281143194 1.2408974170684814 5769
1767281143503 1.1848585605621338 5779
1767281143808 1.2905293703079224 5789
1767281144112 1.1879397630691528 5799
1767281144418 1.1423767805099487 5809
1767281144735 1.1466405391693115 5819
1767281145058 1.2076420783996582 5829
1767281145378 1.1467294692993164 5839
1767281145688 1.194504737854004 5849
1767281145994 1.2064361572265625 5859
1767281146305 1.2863882780075073 5869
1767281146616 1.0623306035995483 5879
1767281146923 1.2021228075027466 5889
1767281147231 1.1856083869934082 5899
1767281147533 1.1993417739868164 5909
1767281147841 1.2430411577224731 5919
1767281148145 1.1251285076141357 5929
1767281148451 1.1506798267364502 5939
1767281148760 1.1279507875442505 5949
1767281149064 1.1267337799072266 5959
1767281149368 1.1938421726226807 5969
1767281149672 1.1314222812652588 5979
1767281149981 1.258791446685791 5989
1767281150284 1.2779933214187622 5999
1767281150589 1.2030712366104126 6009
1767281150897 1.1376571655273438 6019
1767281151197 1.1679829359054565 6029
1767281152929 1.31423819065094 6039
1767281153233 1.2462961673736572 6049
1767281156472 1.2149600982666016 6059
1767281156776 1.2247507572174072 6069
1767281157083 1.0175979137420654 6079
1767281157388 1.2792481184005737 6089
1767281157698 1.149251937866211 6099
1767281158002 1.0134574174880981 6109
1767281158305 1.2475374937057495 6119
1767281158611 1.1057825088500977 6129
1767281158917 1.2303510904312134 6139
1767281159222 1.254628300666809 6149
1767281159527 1.2305731773376465 6159
1767281159833 1.1525440216064453 6169
1767281160138 1.1579277515411377 6179
1767281160444 1.23824143409729 6189
1767281160750 1.1036770343780518 6199
1767281161056 1.2721526622772217 6209
1767281161361 1.1571543216705322 6219
1767281161666 1.3030271530151367 6229
1767281161972 1.15337336063385 6239
1767281162278 1.2522034645080566 6249
1767281162583 1.1278756856918335 6259
1767281162889 1.0669243335723877 6269
1767281163195 1.04384183883667 6279
1767281163501 1.2079143524169922 6289
1767281163806 1.225250482559204 6299
1767281164111 1.1536955833435059 6309
1767281164417 1.080121397972107 6319
1767281164722 1.1503046751022339 6329
1767281165029 1.2557414770126343 6339
1767281165333 1.092865228652954 6349
1767281165639 1.1191294193267822 6359
1767281167390 0.9433121085166931 6369
1767281167700 1.2061784267425537 6379
1767281168008 1.2074460983276367 6389
1767281168313 0.8958188891410828 6399
1767281168619 1.0695881843566895 6409
1767281168925 1.2155520915985107 6419
1767281169231 1.2028764486312866 6429
1767281169536 1.289869785308838 6439
1767281169842 1.1844370365142822 6449
1767281170147 1.1715121269226074 6459
1767281170452 1.2132681608200073 6469
1767281170758 1.2833086252212524 6479
1767281171064 1.212017297744751 6489
1767281171370 1.3358848094940186 6499
1767281171675 1.1711950302124023 6509
1767281171980 1.2902748584747314 6519
1767281172286 1.190804123878479 6529
1767281172591 1.0547573566436768 6539
1767281172902 1.1034756898880005 6549
1767281173203 1.1105278730392456 6559
1767281173509 1.1259573698043823 6569
1767281173814 1.1095635890960693 6579
1767281174119 1.0681742429733276 6589
1767281174423 1.0976839065551758 6599
1767281174729 1.1645228862762451 6609
1767281175036 1.2035616636276245 6619
1767281175343 1.2007691860198975 6629
1767281175645 1.285874843597412 6639
1767281175952 1.0346285104751587 6649
1767281176259 1.1185460090637207 6659
1767281176563 1.1695729494094849 6669
1767281176868 1.2625890970230103 6679
1767281177174 1.2403061389923096 6689
1767281177476 1.3227096796035767 6699
1767281179210 1.171060562133789 6709
1767281179527 1.1734012365341187 6719
1767281179833 0.9890358448028564 6729
1767281180139 1.1306065320968628 6739
1767281180444 1.128817081451416 6749
1767281180750 1.302567958831787 6759
1767281181054 1.115329384803772 6769
1767281181360 1.1062217950820923 6779
1767281181666 1.2286734580993652 6789
1767281181972 1.2754460573196411 6799
1767281182279 1.0310615301132202 6809
1767281182585 1.0828628540039062 6819
1767281182888 1.0311847925186157 6829
1767281183195 1.2628834247589111 6839
1767281183501 1.1273282766342163 6849
1767281183806 1.111864447593689 6859
1767281184113 1.1219583749771118 6869
1767281184421 1.1954667568206787 6879
1767281184734 1.313950777053833 6889
1767281185042 1.3247897624969482 6899
1767281185351 1.1981450319290161 6909
1767281185661 1.2362245321273804 6919
1767281185967 1.1771293878555298 6929
1767281186284 1.1760272979736328 6939
1767281186588 1.1226357221603394 6949
1767281186893 1.155785322189331 6959
1767281187201 1.031158685684204 6969
1767281187505 0.9778599739074707 6979
1767281187811 1.136208415031433 6989
1767281188115 1.0143892765045166 6999
1767281188421 1.183730125427246 7009
1767281191654 1.1505683660507202 7019
1767281191968 1.1607468128204346 7029
1767281193833 1.0773289203643799 7039
1767281194191 1.127943754196167 7049
1767281194527 1.1029764413833618 7059
1767281194844 1.0671213865280151 7069
1767281195152 1.2849446535110474 7079
1767281195460 1.2636687755584717 7089
1767281195765 1.1037249565124512 7099
1767281196073 1.0523419380187988 7109
1767281196379 1.164516806602478 7119
1767281196684 0.9961372017860413 7129
1767281196991 1.172437071800232 7139
1767281197295 1.110361099243164 7149
1767281197598 1.31024169921875 7159
1767281197907 1.1403061151504517 7169
1767281198215 1.2226829528808594 7179
1767281198527 1.0309858322143555 7189
1767281198835 1.1660597324371338 7199
1767281199160 1.1967148780822754 7209
1767281199476 0.9493383765220642 7219
1767281199794 1.2104071378707886 7229
1767281200105 1.0562266111373901 7239
1767281200418 1.2360321283340454 7249
1767281200733 1.173539400100708 7259
1767281201069 1.335754632949829 7269
1767281201385 1.206709623336792 7279
1767281201704 1.2641899585723877 7289
1767281202029 1.2076447010040283 7299
1767281202334 1.0453064441680908 7309
1767281202640 1.0376043319702148 7319
1767281202954 1.0456416606903076 7329
1767281203266 1.1669883728027344 7339
1767281203572 1.1515074968338013 7349
1767281203879 1.1445521116256714 7359
1767281204184 1.2860591411590576 7369
1767281205925 1.1994314193725586 7379
1767281206239 1.0772509574890137 7389
1767281206554 1.2451839447021484 7399
1767281206867 1.1206086874008179 7409
1767281207189 1.243985891342163 7419
1767281207505 1.1754206418991089 7429
1767281207820 1.209334135055542 7439
1767281208128 1.1097052097320557 7449
1767281208432 0.9569802284240723 7459
1767281208736 1.0692052841186523 7469
1767281209044 1.154331088066101 7479
1767281209347 1.0208134651184082 7489
1767281209654 1.1222680807113647 7499
1767281209962 1.2392728328704834 7509
1767281210266 1.195651888847351 7519
1767281210573 1.2113709449768066 7529
1767281210892 1.1675965785980225 7539
1767281211197 1.1959813833236694 7549
1767281211502 1.2334121465682983 7559
1767281211814 1.1740224361419678 7569
1767281212129 1.161031723022461 7579
1767281212435 1.3160178661346436 7589
1767281212753 1.1494026184082031 7599
1767281213060 1.3523297309875488 7609
1767281213366 1.2839934825897217 7619
1767281213672 1.1848268508911133 7629
1767281213977 1.0953688621520996 7639
1767281214285 1.1476141214370728 7649
1767281214592 1.0782654285430908 7659
1767281214896 1.3035237789154053 7669
1767281215200 1.027418851852417 7679
1767281215506 1.2039439678192139 7689
1767281215811 1.281304121017456 7699
1767281217581 1.1622027158737183 7709
1767281217889 1.2900598049163818 7719
1767281218195 1.3514074087142944 7729
1767281218500 1.1854462623596191 7739
1767281218805 1.1467009782791138 7749
1767281219111 1.3241426944732666 7759
1767281219418 1.1091305017471313 7769
1767281219723 1.2099502086639404 7779
1767281220028 1.280575156211853 7789
1767281220334 1.0027251243591309 7799
1767281220640 1.175123691558838 7809
1767281220946 1.0490845441818237 7819
1767281221250 1.176522135734558 7829
1767281221556 1.0974825620651245 7839
1767281221861 1.1608734130859375 7849
1767281222167 1.0694572925567627 7859
1767281222475 1.2984899282455444 7869
1767281222791 1.260254144668579 7879
1767281223105 1.0610501766204834 7889
1767281223423 1.0444507598876953 7899
1767281223726 1.0420708656311035 7909
1767281226962 1.1162638664245605 7919
1767281227273 1.034278392791748 7929
1767281227577 1.2586190700531006 7939
1767281227908 1.2561296224594116 7949
1767281228216 1.2775113582611084 7959
1767281228526 1.1803011894226074 7969
1767281228838 1.0833430290222168 7979
1767281229147 1.1698168516159058 7989
1767281229453 1.069880723953247 7999
1767281229758 1.0184013843536377 8009
1767281230064 1.1866973638534546 8019
1767281230370 1.291717767715454 8029
1767281230671 1.270689845085144 8039
1767281232430 1.0921952724456787 8049
1767281232743 1.102978229522705 8059
1767281233045 1.1489744186401367 8069
1767281233349 1.0512851476669312 8079
1767281233655 1.0396018028259277 8089
1767281233964 1.3694554567337036 8099
1767281234270 1.0363736152648926 8109
1767281234586 1.0696263313293457 8119
1767281234892 1.1144475936889648 8129
1767281235198 1.1640450954437256 8139
1767281235503 1.2559517621994019 8149
1767281235809 1.1073392629623413 8159
1767281236116 1.2469894886016846 8169
1767281236422 1.1693357229232788 8179
1767281236732 1.073839783668518 8189
1767281237046 1.2080562114715576 8199
1767281237352 1.0354467630386353 8209
1767281237657 1.3211355209350586 8219
1767281237964 1.2809804677963257 8229
1767281238269 1.266373634338379 8239
1767281238576 1.3127942085266113 8249
1767281238880 1.2999844551086426 8259
1767281239185 1.1436845064163208 8269
1767281239493 1.338655948638916 8279
1767281239796 1.071229338645935 8289
1767281240103 1.2110464572906494 8299
1767281240421 1.2735944986343384 8309
1767281240746 1.0242750644683838 8319
1767281241049 1.2070276737213135 8329
1767281241366 1.1919853687286377 8339
1767281241677 1.4481838941574097 8349
1767281241983 1.1436408758163452 8359
1767281242287 1.0159716606140137 8369
1767281243997 1.249489665031433 8379
1767281244303 1.0272154808044434 8389
1767281244609 1.0496538877487183 8399
1767281244915 1.0923707485198975 8409
1767281245221 1.1345330476760864 8419
1767281245527 1.0779030323028564 8429
1767281245831 1.2670563459396362 8439
1767281246137 1.0426359176635742 8449
1767281246442 1.0628271102905273 8459
1767281246748 1.1914823055267334 8469
1767281247054 1.1911309957504272 8479
1767281247359 1.0738784074783325 8489
1767281247666 1.0129891633987427 8499
1767281247970 1.1371870040893555 8509
1767281248281 1.0969171524047852 8519
1767281248589 0.9830188155174255 8529
1767281248899 1.202487826347351 8539
1767281249208 1.2252905368804932 8549
1767281249515 1.0338865518569946 8559
1767281249820 1.2719582319259644 8569
1767281250126 1.09733247756958 8579
1767281250431 1.197432279586792 8589
1767281250737 1.1325676441192627 8599
1767281251043 1.1895606517791748 8609
1767281251348 1.1638365983963013 8619
1767281251653 1.0420130491256714 8629
1767281251959 1.1202762126922607 8639
1767281252265 1.0996861457824707 8649
1767281252570 1.0906298160552979 8659
1767281252877 1.1193203926086426 8669
1767281253181 1.1236590147018433 8679
1767281253487 1.3365678787231445 8689
1767281253795 1.2722536325454712 8699
1767281254097 0.9040354490280151 8709
1767281255855 1.1457237005233765 8719
1767281256161 0.9627160429954529 8729
1767281256467 1.1567132472991943 8739
1767281256773 1.1738094091415405 8749
1767281257091 1.0201928615570068 8759
1767281257413 1.155056118965149 8769
1767281257730 1.0337448120117188 8779
1767281258058 1.1325753927230835 8789
1767281258383 1.0517581701278687 8799
1767281258719 1.0820488929748535 8809
1767281261997 1.0992636680603027 8819
1767281262306 1.222843050956726 8829
1767281262622 1.1847994327545166 8839
1767281262934 0.9723043441772461 8849
1767281263252 1.0456925630569458 8859
1767281263555 1.2835819721221924 8869
1767281263870 1.1775635480880737 8879
1767281264181 1.0103617906570435 8889
1767281264487 1.0411717891693115 8899
1767281264793 1.212583303451538 8909
1767281265098 1.198527216911316 8919
1767281265405 1.0417072772979736 8929
1767281265709 1.1841740608215332 8939
1767281266017 1.337188482284546 8949
1767281266320 1.0492479801177979 8959
1767281266634 1.0325028896331787 8969
1767281266950 1.0607409477233887 8979
1767281267287 1.2070133686065674 8989
1767281267600 1.1641453504562378 8999
1767281267971 1.0804579257965088 9009
1767281268309 1.1509952545166016 9019
1767281268630 1.2271757125854492 9029
1767281268963 1.1759498119354248 9039
1767281270865 1.2723666429519653 9049
1767281271183 1.1315319538116455 9059
1767281271490 1.1473695039749146 9069
1767281271806 1.006683349609375 9079
1767281272115 1.0724035501480103 9089
1767281272423 1.1823378801345825 9099
1767281272774 1.1611467599868774 9109
1767281273080 1.1787153482437134 9119
1767281273410 0.9882110357284546 9129
1767281273722 0.9674580097198486 9139
1767281274040 1.0577571392059326 9149
1767281274379 1.1088175773620605 9159
1767281274694 1.225380778312683 9169
1767281275043 1.103567123413086 9179
1767281275383 1.2588539123535156 9189
1767281275688 1.1188061237335205 9199
1767281275994 1.1821503639221191 9209
1767281276301 1.154921054840088 9219
1767281276607 1.1141554117202759 9229
1767281276925 1.0416876077651978 9239
1767281277230 1.192988634109497 9249
1767281277536 1.1543962955474854 9259
1767281277841 1.1695553064346313 9269
1767281278147 1.0530821084976196 9279
1767281278453 1.14958655834198 9289
1767281278758 1.1883065700531006 9299
1767281279064 1.048315167427063 9309
1767281279371 1.084340214729309 9319
1767281279676 1.1370514631271362 9329
1767281279981 1.288482666015625 9339
1767281280287 1.2588509321212769 9349
1767281280592 1.2323944568634033 9359
1767281280897 1.0479536056518555 9369
1767281281199 1.1296111345291138 9379
