1766846406308 0.0 9
1766846406624 0.0 19
1766846406931 0.0 29
1766846407239 0.0 39
1766846407548 0.0 49
1766846407854 0.0 59
1766846408163 0.0 69
1766846408468 0.0 79
1766846408773 0.0 89
1766846409075 0.0 99
1766846409386 0.0 109
1766846409694 0.0 119
1766846410001 0.0 129
1766846410313 0.0 139
1766846410626 0.0 149
1766846410932 0.0 159
1766846411237 0.0 169
1766846411539 0.0 179
1766846411840 0.0 189
1766846412143 0.0 199
1766846412444 0.0 209
1766846412749 0.0 219
1766846413054 0.0 229
1766846413364 0.0 239
1766846413666 0.0 249
1766846413975 0.0 259
1766846414277 0.0 269
1766846414583 0.0 279
1766846414889 0.0 289
1766846415194 0.0 299
1766846415509 0.0 309
1766846415813 0.0 319
1766846416115 0.0 329
1766846418241 0.0 334
1766846419397 1.0 339
1766846419734 1.0 349
1766846420046 1.0 359
1766846420360 1.0 369
1766846420667 1.0 379
1766846420977 1.0 389
1766846421285 1.0 399
1766846421591 1.0 409
1766846421904 1.0 419
1766846422212 1.0 429
1766846425849 1.0 439
1766846426153 1.0 449
1766846426456 1.0 459
1766846426768 1.0 469
1766846427071 1.0 479
1766846427375 1.0 489
1766846427680 1.0 499
1766846427992 1.0 509
1766846428297 1.0 519
1766846428606 1.0 529
1766846428913 1.0 539
1766846429217 1.0 549
1766846429527 1.0 559
1766846429836 1.0 569
1766846430142 1.0 579
1766846430451 1.0 589
1766846430756 1.0 599
1766846431062 1.0 609
1766846431374 1.0 619
1766846431692 1.0 629
1766846432000 1.0 639
1766846432310 1.0 649
1766846432616 1.0 659
1766846432918 1.0 669
1766846434960 1.0 669
1766846436256 2.0 679
1766846436570 2.0 689
1766846436879 2.0 699
1766846437192 2.0 709
1766846437500 2.0 719
1766846437811 2.0 729
1766846438142 2.0 739
1766846438448 2.0 749
1766846438753 2.0 759
1766846439056 2.0 769
1766846439366 2.0 779
1766846439674 2.0 789
1766846439981 2.0 799
1766846440295 2.0 809
1766846440596 2.0 819
1766846440910 2.0 829
1766846441221 2.0 839
1766846441528 2.0 849
1766846441834 2.0 859
1766846442148 2.0 869
1766846442457 2.0 879
1766846442767 2.0 889
1766846443083 2.0 899
1766846443386 2.0 909
1766846443692 2.0 919
1766846444007 2.0 929
1766846444316 2.0 939
1766846444627 2.0 949
1766846444941 2.0 959
1766846445247 2.0 969
1766846445551 2.0 979
1766846445866 2.0 989
1766846446179 2.0 999
1766846448344 2.0 1004
1766846449481 3.0 1009
1766846449796 3.0 1019
1766846450114 3.0 1029
1766846450429 3.0 1039
1766846450738 3.0 1049
1766846451048 3.0 1059
1766846451357 3.0 1069
1766846451666 3.0 1079
1766846451973 3.0 1089
1766846452287 3.0 1099
1766846452594 3.0 1109
1766846452904 3.0 1119
1766846453213 3.0 1129
1766846453525 3.0 1139
1766846453830 3.0 1149
1766846454139 3.0 1159
1766846454451 3.0 1169
1766846454761 3.0 1179
1766846455068 3.0 1189
1766846455372 3.0 1199
1766846455686 3.0 1209
1766846455995 3.0 1219
1766846456306 3.0 1229
1766846456622 3.0 1239
1766846456927 3.0 1249
1766846457234 3.0 1259
1766846457547 3.0 1269
1766846457857 3.0 1279
1766846461493 3.0 1289
1766846461802 3.0 1299
1766846462112 3.0 1309
1766846462416 3.0 1319
1766846462724 3.0 1329
1766846463029 3.0 1339
1766846465007 3.0 1339
1766846466287 4.0 1349
1766846466604 4.0 1359
1766846466916 4.0 1369
1766846467220 4.0 1379
1766846467531 4.0 1389
1766846467838 4.0 1399
1766846468143 4.0 1409
1766846468450 4.0 1419
1766846468759 4.0 1429
1766846469066 4.0 1439
1766846469373 4.0 1449
1766846469681 4.0 1459
1766846469992 4.0 1469
1766846470301 4.0 1479
1766846470603 4.0 1489
1766846470906 4.0 1499
1766846471212 4.0 1509
1766846471523 4.0 1519
1766846471830 4.0 1529
1766846472133 4.0 1539
1766846472446 4.0 1549
1766846472751 4.0 1559
1766846473058 4.0 1569
1766846473367 4.0 1579
1766846473672 4.0 1589
1766846473981 4.0 1599
1766846474299 4.0 1609
1766846474607 4.0 1619
1766846474910 4.0 1629
1766846475219 4.0 1639
1766846475554 4.0 1649
1766846475869 4.0 1659
1766846476179 4.0 1669
1766846478382 4.0 1674
1766846479546 5.0 1679
1766846479866 5.0 1689
1766846480181 5.0 1699
1766846480489 5.0 1709
1766846480802 5.0 1719
1766846481116 5.0 1729
1766846481428 5.0 1739
1766846481724 5.0 1749
1766846482023 5.0 1759
1766846482319 5.0 1769
1766846482619 5.0 1779
1766846482920 5.0 1789
1766846483218 5.0 1799
1766846483514 5.0 1809
1766846483815 5.0 1819
1766846484113 5.0 1829
1766846484408 5.0 1839
1766846484705 5.0 1849
1766846485003 5.0 1859
1766846485300 5.0 1869
1766846485600 5.0 1879
1766846485895 5.0 1889
1766846486192 5.0 1899
1766846486490 5.0 1909
1766846486793 5.0 1919
1766846487100 5.0 1929
1766846487399 5.0 1939
1766846487696 5.0 1949
1766846487995 5.0 1959
1766846488295 5.0 1969
1766846488594 5.0 1979
1766846488888 5.0 1989
1766846489194 5.0 1999
1766846489484 5.0 2009
1766846491496 5.0 2009
1766846492756 6.0 2019
1766846493057 6.0 2029
1766846493351 6.0 2039
1766846496982 6.0 2049
1766846497288 6.0 2059
1766846497591 6.0 2069
1766846497889 6.0 2079
1766846498187 6.0 2089
1766846498480 6.0 2099
1766846498778 6.0 2109
1766846499077 6.0 2119
1766846499368 6.0 2129
1766846499668 6.0 2139
1766846499964 6.0 2149
1766846500260 6.0 2159
1766846500555 6.0 2169
1766846500851 6.0 2179
1766846501147 6.0 2189
1766846501443 6.0 2199
1766846501742 6.0 2209
1766846502036 6.0 2219
1766846502333 6.0 2229
1766846502633 6.0 2239
1766846502929 6.0 2249
1766846503227 6.0 2259
1766846503530 6.0 2269
1766846503829 6.0 2279
1766846504126 6.0 2289
1766846504450 6.0 2299
1766846504752 6.0 2309
1766846505051 6.0 2319
1766846505345 6.0 2329
1766846505647 6.0 2339
1766846507756 6.0 2344
1766846508903 7.0 2349
1766846509206 7.0 2359
1766846509503 7.0 2369
1766846509802 7.0 2379
1766846510102 7.0 2389
1766846510397 7.0 2399
1766846510694 7.0 2409
1766846510993 7.0 2419
1766846511289 7.0 2429
1766846511587 7.0 2439
1766846511882 7.0 2449
1766846512178 7.0 2459
1766846512480 7.0 2469
1766846512777 7.0 2479
1766846513074 7.0 2489
1766846513368 7.0 2499
1766846513665 7.0 2509
1766846513971 7.0 2519
1766846514275 7.0 2529
1766846514571 7.0 2539
1766846514870 7.0 2549
1766846515164 7.0 2559
1766846515463 7.0 2569
1766846515762 7.0 2579
1766846516056 7.0 2589
1766846516354 7.0 2599
1766846516648 7.0 2609
1766846516945 7.0 2619
1766846517242 7.0 2629
1766846517538 7.0 2639
1766846517836 7.0 2649
1766846518131 7.0 2659
1766846518428 7.0 2669
1766846518716 7.0 2679
1766846520703 7.0 2679
1766846521983 8.0 2689
1766846522280 8.0 2699
1766846522581 8.0 2709
1766846522881 8.0 2719
1766846523178 8.0 2729
1766846523476 8.0 2739
1766846523778 8.0 2749
1766846524072 8.0 2759
1766846524369 8.0 2769
1766846524664 8.0 2779
1766846524964 8.0 2789
1766846525262 8.0 2799
1766846525560 8.0 2809
1766846525863 8.0 2819
1766846526161 8.0 2829
1766846526456 8.0 2839
1766846526752 8.0 2849
1766846527049 8.0 2859
1766846527345 8.0 2869
1766846527642 8.0 2879
1766846527942 8.0 2889
1766846528237 8.0 2899
1766846528532 8.0 2909
1766846528838 8.0 2919
1766846529134 8.0 2929
1766846532760 8.0 2939
1766846533057 8.0 2949
1766846533356 8.0 2959
1766846533651 8.0 2969
1766846533948 8.0 2979
1766846534247 8.0 2989
1766846534543 8.0 2999
1766846534841 8.0 3009
1766846536976 8.0 3014
1766846538096 9.0 3019
1766846538399 9.0 3029
1766846538697 9.0 3039
1766846538992 9.0 3049
1766846539294 9.0 3059
1766846539595 9.0 3069
1766846539888 9.0 3079
1766846540185 9.0 3089
1766846540486 9.0 3099
1766846540781 9.0 3109
1766846541077 9.0 3119
1766846541378 9.0 3129
1766846541673 9.0 3139
1766846541971 9.0 3149
1766846542268 9.0 3159
1766846542562 9.0 3169
1766846542856 9.0 3179
1766846543154 9.0 3189
1766846543452 9.0 3199
1766846543749 9.0 3209
1766846544049 9.0 3219
1766846544342 9.0 3229
1766846544639 9.0 3239
1766846544940 9.0 3249
1766846545239 9.0 3259
1766846545536 9.0 3269
1766846545833 9.0 3279
1766846546130 9.0 3289
1766846546427 9.0 3299
1766846546724 9.0 3309
1766846547025 9.0 3319
1766846547324 9.0 3329
1766846547661 9.0 3339
1766846547958 9.0 3349
1766846550014 9.0 3349
1766846551325 10.0 3359
1766846551649 10.0 3369
1766846551969 10.0 3379
1766846552282 10.0 3389
1766846552593 10.0 3399
1766846552901 10.0 3409
1766846553233 10.0 3419
1766846553561 10.0 3429
1766846553877 10.0 3439
1766846554184 10.0 3449
1766846554498 10.0 3459
1766846554816 10.0 3469
1766846555127 10.0 3479
1766846555444 10.0 3489
1766846555771 10.0 3499
1766846556086 10.0 3509
1766846556401 10.0 3519
1766846556716 10.0 3529
1766846557019 10.0 3539
1766846557330 10.0 3549
1766846557653 10.0 3559
1766846557962 10.0 3569
1766846558271 10.0 3579
1766846558581 10.0 3589
1766846558899 10.0 3599
1766846559226 10.0 3609
1766846559550 10.0 3619
1766846559873 10.0 3629
1766846560196 10.0 3639
1766846560535 10.0 3649
1766846560864 10.0 3659
1766846561197 10.0 3669
1766846561530 10.0 3679
1766846563815 10.0 3684
1766846568292 11.0 3689
1766846568627 11.0 3699
1766846568957 11.0 3709
1766846569285 11.0 3719
1766846569614 11.0 3729
1766846569953 11.0 3739
1766846570284 11.0 3749
1766846570614 11.0 3759
1766846570942 11.0 3769
1766846571282 11.0 3779
1766846571609 11.0 3789
1766846571949 11.0 3799
1766846572284 11.0 3809
1766846572620 11.0 3819
1766846572946 11.0 3829
1766846573277 11.0 3839
1766846573605 11.0 3849
1766846573932 11.0 3859
1766846574258 11.0 3869
1766846574591 11.0 3879
1766846574911 11.0 3889
1766846575243 11.0 3899
1766846575577 11.0 3909
1766846575897 11.0 3919
1766846576222 11.0 3929
1766846576547 11.0 3939
1766846576868 11.0 3949
1766846577192 11.0 3959
1766846577519 11.0 3969
1766846577845 11.0 3979
1766846578177 11.0 3989
1766846578507 11.0 3999
1766846578844 11.0 4009
1766846579181 11.0 4019
1766846581194 11.0 4019
1766846582479 12.0 4029
1766846582792 12.0 4039
1766846583087 12.0 4049
1766846583388 12.0 4059
1766846583687 12.0 4069
1766846583982 12.0 4079
1766846584280 12.0 4089
1766846584581 12.0 4099
1766846584880 12.0 4109
1766846585176 12.0 4119
1766846585474 12.0 4129
1766846585778 12.0 4139
1766846586077 12.0 4149
1766846586375 12.0 4159
1766846586671 12.0 4169
1766846586969 12.0 4179
1766846587268 12.0 4189
1766846587563 12.0 4199
1766846587858 12.0 4209
1766846588153 12.0 4219
1766846588450 12.0 4229
1766846588748 12.0 4239
1766846589044 12.0 4249
1766846589345 12.0 4259
1766846589641 12.0 4269
1766846589934 12.0 4279
1766846590235 12.0 4289
1766846590532 12.0 4299
1766846590827 12.0 4309
1766846591124 12.0 4319
1766846591426 12.0 4329
1766846591722 12.0 4339
1766846592029 12.0 4349
1766846594374 12.0 4354
1766846595529 13.0 4359
1766846595852 13.0 4369
1766846596171 13.0 4379
1766846596486 13.0 4389
1766846596809 13.0 4399
1766846597127 13.0 4409
1766846597438 13.0 4419
1766846597784 13.0 4429
1766846598113 13.0 4439
1766846598460 13.0 4449
1766846598774 13.0 4459
1766846599081 13.0 4469
1766846599403 13.0 4479
1766846599736 13.0 4489
1766846600046 13.0 4499
1766846603693 13.0 4509
1766846604012 13.0 4519
1766846604320 13.0 4529
1766846604628 13.0 4539
1766846604936 13.0 4549
1766846605246 13.0 4559
1766846605554 13.0 4569
1766846605858 13.0 4579
1766846606168 13.0 4589
1766846606471 13.0 4599
1766846606776 13.0 4609
1766846607087 13.0 4619
1766846607406 13.0 4629
1766846607727 13.0 4639
1766846608048 13.0 4649
1766846608368 13.0 4659
1766846608684 13.0 4669
1766846609006 13.0 4679
1766846609321 13.0 4689
1766846611372 13.0 4689
1766846612675 14.0 4699
1766846612988 14.0 4709
1766846613303 14.0 4719
1766846613611 14.0 4729
1766846613924 14.0 4739
1766846614238 14.0 4749
1766846614553 14.0 4759
1766846614866 14.0 4769
1766846615184 14.0 4779
1766846615494 14.0 4789
1766846615813 14.0 4799
1766846616125 14.0 4809
1766846616442 14.0 4819
1766846616759 14.0 4829
1766846617068 14.0 4839
1766846617380 14.0 4849
1766846617690 14.0 4859
1766846618007 14.0 4869
1766846618322 14.0 4879
1766846618638 14.0 4889
1766846618948 14.0 4899
1766846619260 14.0 4909
1766846619575 14.0 4919
1766846619888 14.0 4929
1766846620202 14.0 4939
1766846620515 14.0 4949
1766846620827 14.0 4959
1766846621142 14.0 4969
1766846621452 14.0 4979
1766846621764 14.0 4989
1766846622079 14.0 4999
1766846622398 14.0 5009
1766846622713 14.0 5019
1766846624891 14.0 5024
1766846626057 15.0 5029
1766846626385 15.0 5039
1766846626709 15.0 5049
1766846627020 15.0 5059
1766846627344 15.0 5069
1766846627658 15.0 5079
1766846627977 15.0 5089
1766846628290 15.0 5099
1766846628604 15.0 5109
1766846628913 15.0 5119
1766846629239 15.0 5129
1766846629541 15.0 5139
1766846629841 15.0 5149
1766846630137 15.0 5159
1766846630433 15.0 5169
1766846630730 15.0 5179
1766846631027 15.0 5189
1766846631329 15.0 5199
1766846631626 15.0 5209
1766846631924 15.0 5219
1766846632227 15.0 5229
1766846632527 15.0 5239
1766846632824 15.0 5249
1766846633124 15.0 5259
1766846633423 15.0 5269
1766846633724 15.0 5279
1766846634020 15.0 5289
1766846634323 15.0 5299
1766846634621 15.0 5309
1766846634919 15.0 5319
1766846635225 15.0 5329
1766846635536 15.0 5339
1766846635833 15.0 5349
1766846639451 15.0 5359
1766846641482 15.0 5359
1766846642762 16.0 5369
1766846643065 16.0 5379
1766846643364 16.0 5389
1766846643662 16.0 5399
1766846643961 16.0 5409
1766846644285 16.0 5419
1766846644602 16.0 5429
1766846644911 16.0 5439
1766846645227 16.0 5449
1766846645561 16.0 5459
1766846645875 16.0 5469
1766846646181 16.0 5479
1766846646493 16.0 5489
1766846646802 16.0 5499
1766846647114 16.0 5509
1766846647417 16.0 5519
1766846647722 16.0 5529
1766846648031 16.0 5539
1766846648338 16.0 5549
1766846648643 16.0 5559
1766846648951 16.0 5569
1766846649261 16.0 5579
1766846649567 16.0 5589
1766846649878 16.0 5599
1766846650186 16.0 5609
1766846650501 16.0 5619
1766846650818 16.0 5629
1766846651133 16.0 5639
1766846651448 16.0 5649
1766846651753 16.0 5659
1766846652061 16.0 5669
1766846652373 16.0 5679
1766846652685 16.0 5689
1766846654833 16.0 5694
1766846655963 17.0 5699
1766846656277 17.0 5709
1766846656601 17.0 5719
1766846656909 17.0 5729
1766846657225 17.0 5739
1766846657525 17.0 5749
1766846657846 17.0 5759
1766846658157 17.0 5769
1766846658476 17.0 5779
1766846658796 17.0 5789
1766846659112 17.0 5799
1766846659431 17.0 5809
1766846659753 17.0 5819
1766846660078 17.0 5829
1766846660398 17.0 5839
1766846660716 17.0 5849
1766846661035 17.0 5859
1766846661360 17.0 5869
1766846661678 17.0 5879
1766846661992 17.0 5889
1766846662311 17.0 5899
1766846662631 17.0 5909
1766846662949 17.0 5919
1766846663268 17.0 5929
1766846663586 17.0 5939
1766846663907 17.0 5949
1766846664231 17.0 5959
1766846664550 17.0 5969
1766846664870 17.0 5979
1766846665234 17.0 5989
1766846665587 17.0 5999
1766846665908 17.0 6009
1766846666221 17.0 6019
1766846666523 17.0 6029
1766846668511 17.0 6029
1766846669799 18.0 6039
1766846670129 18.0 6049
1766846670479 18.0 6059
1766846670792 18.0 6069
1766846671109 18.0 6079
1766846671421 18.0 6089
1766846675065 18.0 6099
1766846675376 18.0 6109
1766846675687 18.0 6119
1766846675993 18.0 6129
1766846676300 18.0 6139
1766846676624 18.0 6149
1766846676935 18.0 6159
1766846677244 18.0 6169
1766846677559 18.0 6179
1766846677877 18.0 6189
1766846678187 18.0 6199
1766846678490 18.0 6209
1766846678803 18.0 6219
1766846679110 18.0 6229
1766846679419 18.0 6239
1766846679725 18.0 6249
1766846680030 18.0 6259
1766846680333 18.0 6269
1766846680636 18.0 6279
1766846680950 18.0 6289
1766846681264 18.0 6299
1766846681573 18.0 6309
1766846681890 18.0 6319
1766846682201 18.0 6329
1766846682508 18.0 6339
1766846682837 18.0 6349
1766846683146 18.0 6359
1766846685328 18.0 6364
1766846686480 19.0 6369
1766846686810 19.0 6379
1766846687130 19.0 6389
1766846687443 19.0 6399
1766846687757 19.0 6409
1766846688086 19.0 6419
1766846688425 19.0 6429
1766846688752 19.0 6439
1766846689062 19.0 6449
1766846689369 19.0 6459
1766846689680 19.0 6469
1766846689993 19.0 6479
1766846690310 19.0 6489
1766846690619 19.0 6499
1766846690933 19.0 6509
1766846691251 19.0 6519
1766846691559 19.0 6529
1766846691870 19.0 6539
1766846692203 19.0 6549
1766846692526 19.0 6559
1766846692847 19.0 6569
1766846693166 19.0 6579
1766846693496 19.0 6589
1766846693809 19.0 6599
1766846694144 19.0 6609
1766846694458 19.0 6619
1766846694768 19.0 6629
1766846695099 19.0 6639
1766846695425 19.0 6649
1766846695750 19.0 6659
1766846696064 19.0 6669
1766846696377 19.0 6679
1766846696690 19.0 6689
1766846697001 19.0 6699
1766846699029 19.0 6699
1766846700312 20.0 6709
1766846700622 20.0 6719
1766846700938 20.0 6729
1766846701251 20.0 6739
1766846701556 20.0 6749
1766846701863 20.0 6759
1766846702176 20.0 6769
1766846702487 20.0 6779
1766846702796 20.0 6789
1766846703103 20.0 6799
1766846703414 20.0 6809
1766846703740 20.0 6819
1766846704049 20.0 6829
1766846704357 20.0 6839
1766846704670 20.0 6849
1766846704980 20.0 6859
1766846705306 20.0 6869
1766846705615 20.0 6879
1766846705937 20.0 6889
1766846706243 20.0 6899
1766846706554 20.0 6909
1766846706861 20.0 6919
1766846710499 20.0 6929
1766846710808 20.0 6939
1766846711115 20.0 6949
1766846711428 20.0 6959
1766846711740 20.0 6969
1766846712047 20.0 6979
1766846712355 20.0 6989
1766846712668 20.0 6999
1766846712976 20.0 7009
1766846713285 20.0 7019
1766846713598 20.0 7029
1766846715761 20.0 7034
1766846716884 21.0 7039
1766846717202 21.0 7049
1766846717512 21.0 7059
1766846717819 21.0 7069
1766846718131 21.0 7079
1766846718438 21.0 7089
1766846718754 21.0 7099
1766846719060 21.0 7109
1766846719371 21.0 7119
1766846719675 21.0 7129
1766846719984 21.0 7139
1766846720293 21.0 7149
1766846720601 21.0 7159
1766846720913 21.0 7169
1766846721230 21.0 7179
1766846721558 21.0 7189
1766846721864 21.0 7199
1766846722174 21.0 7209
1766846722489 21.0 7219
1766846722801 21.0 7229
1766846723108 21.0 7239
1766846723416 21.0 7249
1766846723723 21.0 7259
1766846724029 21.0 7269
1766846724341 21.0 7279
1766846724650 21.0 7289
1766846724960 21.0 7299
1766846725280 21.0 7309
1766846725598 21.0 7319
1766846725912 21.0 7329
1766846726228 21.0 7339
1766846726541 21.0 7349
1766846726851 21.0 7359
1766846727158 21.0 7369
1766846729174 21.0 7369
1766846730436 22.0 7379
1766846730749 22.0 7389
1766846731062 22.0 7399
1766846731374 22.0 7409
1766846731686 22.0 7419
1766846732001 22.0 7429
1766846732311 22.0 7439
1766846732625 22.0 7449
1766846732936 22.0 7459
1766846733248 22.0 7469
1766846733557 22.0 7479
1766846733865 22.0 7489
1766846734174 22.0 7499
1766846734485 22.0 7509
1766846734797 22.0 7519
1766846735105 22.0 7529
1766846735416 22.0 7539
1766846735723 22.0 7549
1766846736033 22.0 7559
1766846736352 22.0 7569
1766846736659 22.0 7579
1766846736975 22.0 7589
1766846737285 22.0 7599
1766846737593 22.0 7609
1766846737902 22.0 7619
1766846738214 22.0 7629
1766846738521 22.0 7639
1766846738836 22.0 7649
1766846739149 22.0 7659
1766846739457 22.0 7669
1766846739770 22.0 7679
1766846740082 22.0 7689
1766846740393 22.0 7699
1766846742584 22.0 7704
1766846747062 23.0 7709
1766846747375 23.0 7719
1766846747681 23.0 7729
1766846747990 23.0 7739
1766846748301 23.0 7749
1766846748611 23.0 7759
1766846748919 23.0 7769
1766846749224 23.0 7779
1766846749534 23.0 7789
1766846749840 23.0 7799
1766846750150 23.0 7809
1766846750461 23.0 7819
1766846750772 23.0 7829
1766846751083 23.0 7839
1766846751397 23.0 7849
1766846751707 23.0 7859
1766846752017 23.0 7869
1766846752328 23.0 7879
1766846752635 23.0 7889
1766846752946 23.0 7899
1766846753253 23.0 7909
1766846753559 23.0 7919
1766846753872 23.0 7929
1766846754200 23.0 7939
1766846754510 23.0 7949
1766846754823 23.0 7959
1766846755132 23.0 7969
1766846755440 23.0 7979
1766846755751 23.0 7989
1766846756062 23.0 7999
1766846756370 23.0 8009
1766846756682 23.0 8019
1766846756994 23.0 8029
1766846757300 23.0 8039
1766846759320 23.0 8039
1766846760624 24.0 8049
1766846760931 24.0 8059
1766846761243 24.0 8069
1766846761549 24.0 8079
1766846761860 24.0 8089
1766846762168 24.0 8099
1766846762482 24.0 8109
1766846762788 24.0 8119
1766846763099 24.0 8129
1766846763408 24.0 8139
1766846763718 24.0 8149
1766846764026 24.0 8159
1766846764329 24.0 8169
1766846764642 24.0 8179
1766846764951 24.0 8189
1766846765261 24.0 8199
1766846765568 24.0 8209
1766846765883 24.0 8219
1766846766191 24.0 8229
1766846766506 24.0 8239
1766846766817 24.0 8249
1766846767125 24.0 8259
1766846767435 24.0 8269
1766846767743 24.0 8279
1766846768056 24.0 8289
1766846768370 24.0 8299
1766846768681 24.0 8309
1766846768992 24.0 8319
1766846769306 24.0 8329
1766846769637 24.0 8339
1766846769946 24.0 8349
1766846770256 24.0 8359
1766846770568 24.0 8369
1766846772728 24.0 8374
