1766846406308 2.549636125564575 9
1766846406624 2.3539247512817383 19
1766846406931 2.3186607360839844 29
1766846407239 2.2716574668884277 39
1766846407548 2.2956252098083496 49
1766846407854 2.0839486122131348 59
1766846408163 2.0705440044403076 69
1766846408468 2.2490158081054688 79
1766846408773 1.9167356491088867 89
1766846409075 1.937939167022705 99
1766846409386 1.9358224868774414 109
1766846409694 1.8716344833374023 119
1766846410001 1.9040157794952393 129
1766846410313 1.714707374572754 139
1766846410626 1.8201940059661865 149
1766846410932 1.805490493774414 159
1766846411237 1.708597183227539 169
1766846411539 1.6260058879852295 179
1766846411840 1.820298671722412 189
1766846412143 1.940858006477356 199
1766846412444 1.7650701999664307 209
1766846412749 1.616034746170044 219
1766846413054 1.563816785812378 229
1766846413364 1.686654806137085 239
1766846413666 1.7308483123779297 249
1766846413975 1.6462268829345703 259
1766846414277 1.7144126892089844 269
1766846414583 1.75831937789917 279
1766846414889 1.7161256074905396 289
1766846415194 1.6889662742614746 299
1766846415509 1.5923857688903809 309
1766846415813 1.5900144577026367 319
1766846416115 1.5690369606018066 329
1766846419397 1.574333667755127 339
1766846419734 1.5170807838439941 349
1766846420046 1.646374225616455 359
1766846420360 1.5646241903305054 369
1766846420667 1.5350797176361084 379
1766846420977 1.7867918014526367 389
1766846421285 1.6538972854614258 399
1766846421591 1.7167421579360962 409
1766846421904 1.5058149099349976 419
1766846422212 1.4877259731292725 429
1766846425849 1.590571403503418 439
1766846426153 1.6091279983520508 449
1766846426456 1.5464004278182983 459
1766846426768 1.5793588161468506 469
1766846427071 1.3752918243408203 479
1766846427375 1.8224222660064697 489
1766846427680 1.710608720779419 499
1766846427992 1.57352876663208 509
1766846428297 1.5122261047363281 519
1766846428606 1.3334730863571167 529
1766846428913 1.5020270347595215 539
1766846429217 1.542616844177246 549
1766846429527 1.3112902641296387 559
1766846429836 1.5589725971221924 569
1766846430142 1.6191518306732178 579
1766846430451 1.5779390335083008 589
1766846430756 1.4752223491668701 599
1766846431062 1.5963902473449707 609
1766846431374 1.4061599969863892 619
1766846431692 1.5425996780395508 629
1766846432000 1.502784013748169 639
1766846432310 1.676078200340271 649
1766846432616 1.3873111009597778 659
1766846432918 1.438979983329773 669
1766846436256 1.522070288658142 679
1766846436570 1.3547390699386597 689
1766846436879 1.485640287399292 699
1766846437192 1.3876789808273315 709
1766846437500 1.5013266801834106 719
1766846437811 1.5935518741607666 729
1766846438142 1.4023140668869019 739
1766846438448 1.5829354524612427 749
1766846438753 1.5623822212219238 759
1766846439056 1.4148037433624268 769
1766846439366 1.5802462100982666 779
1766846439674 1.4764219522476196 789
1766846439981 1.4975091218948364 799
1766846440295 1.4266613721847534 809
1766846440596 1.5847736597061157 819
1766846440910 1.5444992780685425 829
1766846441221 1.4366183280944824 839
1766846441528 1.4924407005310059 849
1766846441834 1.5402847528457642 859
1766846442148 1.3429707288742065 869
1766846442457 1.4578720331192017 879
1766846442767 1.3497847318649292 889
1766846443083 1.332109808921814 899
1766846443386 1.3894132375717163 909
1766846443692 1.4556602239608765 919
1766846444007 1.4466887712478638 929
1766846444316 1.466707706451416 939
1766846444627 1.401715874671936 949
1766846444941 1.382225751876831 959
1766846445247 1.4101276397705078 969
1766846445551 1.3983128070831299 979
1766846445866 1.6096975803375244 989
1766846446179 1.3941463232040405 999
1766846449481 1.424731969833374 1009
1766846449796 1.4194989204406738 1019
1766846450114 1.4122333526611328 1029
1766846450429 1.4183645248413086 1039
1766846450738 1.4152281284332275 1049
1766846451048 1.6437771320343018 1059
1766846451357 1.3773902654647827 1069
1766846451666 1.4631142616271973 1079
1766846451973 1.4171125888824463 1089
1766846452287 1.3230561017990112 1099
1766846452594 1.2909969091415405 1109
1766846452904 1.423913598060608 1119
1766846453213 1.4996047019958496 1129
1766846453525 1.3161412477493286 1139
1766846453830 1.3076026439666748 1149
1766846454139 1.499489426612854 1159
1766846454451 1.3759326934814453 1169
1766846454761 1.394345760345459 1179
1766846455068 1.582629919052124 1189
1766846455372 1.4199405908584595 1199
1766846455686 1.5270801782608032 1209
1766846455995 1.2896385192871094 1219
1766846456306 1.3983230590820312 1229
1766846456622 1.375255823135376 1239
1766846456927 1.4064892530441284 1249
1766846457234 1.490471601486206 1259
1766846457547 1.3410221338272095 1269
1766846457857 1.3657081127166748 1279
1766846461493 1.413395881652832 1289
1766846461802 1.3370814323425293 1299
1766846462112 1.3077759742736816 1309
1766846462416 1.4544563293457031 1319
1766846462724 1.2079060077667236 1329
1766846463029 1.3366105556488037 1339
1766846466287 1.27168869972229 1349
1766846466604 1.380836009979248 1359
1766846466916 1.2061285972595215 1369
1766846467220 1.3896253108978271 1379
1766846467531 1.3213415145874023 1389
1766846467838 1.4003827571868896 1399
1766846468143 1.5148792266845703 1409
1766846468450 1.2050518989562988 1419
1766846468759 1.3500628471374512 1429
1766846469066 1.3729703426361084 1439
1766846469373 1.2207647562026978 1449
1766846469681 1.3222622871398926 1459
1766846469992 1.2241573333740234 1469
1766846470301 1.360756516456604 1479
1766846470603 1.3353042602539062 1489
1766846470906 1.411325454711914 1499
1766846471212 1.394789695739746 1509
1766846471523 1.3572916984558105 1519
1766846471830 1.3499572277069092 1529
1766846472133 1.4232807159423828 1539
1766846472446 1.407351016998291 1549
1766846472751 1.4155231714248657 1559
1766846473058 1.3155410289764404 1569
1766846473367 1.1484990119934082 1579
1766846473672 1.326364278793335 1589
1766846473981 1.2661408185958862 1599
1766846474299 1.4583866596221924 1609
1766846474607 1.4154623746871948 1619
1766846474910 1.38742196559906 1629
1766846475219 1.530750036239624 1639
1766846475554 1.4917941093444824 1649
1766846475869 1.3326176404953003 1659
1766846476179 1.4325547218322754 1669
1766846479546 1.3658013343811035 1679
1766846479866 1.3142198324203491 1689
1766846480181 1.4240155220031738 1699
1766846480489 1.240935206413269 1709
1766846480802 1.2812423706054688 1719
1766846481116 1.396397352218628 1729
1766846481428 1.4005804061889648 1739
1766846481724 1.275153398513794 1749
1766846482023 1.303602695465088 1759
1766846482319 1.353989601135254 1769
1766846482619 1.3336029052734375 1779
1766846482920 1.1929913759231567 1789
1766846483218 1.3873043060302734 1799
1766846483514 1.408545732498169 1809
1766846483815 1.5225359201431274 1819
1766846484113 1.294421911239624 1829
1766846484408 1.4879343509674072 1839
1766846484705 1.2755804061889648 1849
1766846485003 1.410712718963623 1859
1766846485300 1.298369288444519 1869
1766846485600 1.3407492637634277 1879
1766846485895 1.4655410051345825 1889
1766846486192 1.358352780342102 1899
1766846486490 1.3001500368118286 1909
1766846486793 1.3341610431671143 1919
1766846487100 1.2151341438293457 1929
1766846487399 1.4195153713226318 1939
1766846487696 1.372879147529602 1949
1766846487995 1.264599084854126 1959
1766846488295 1.2648694515228271 1969
1766846488594 1.3512922525405884 1979
1766846488888 1.3391540050506592 1989
1766846489194 1.279632806777954 1999
1766846489484 1.303497076034546 2009
1766846492756 1.1319118738174438 2019
1766846493057 1.363875150680542 2029
1766846493351 1.4342124462127686 2039
1766846496982 1.242951512336731 2049
1766846497288 1.2337357997894287 2059
1766846497591 1.3096237182617188 2069
1766846497889 1.2732429504394531 2079
1766846498187 1.185935616493225 2089
1766846498480 1.230851411819458 2099
1766846498778 1.3490426540374756 2109
1766846499077 1.2496978044509888 2119
1766846499368 1.293915033340454 2129
1766846499668 1.3436193466186523 2139
1766846499964 1.3522149324417114 2149
1766846500260 1.2756835222244263 2159
1766846500555 1.217730164527893 2169
1766846500851 1.2035475969314575 2179
1766846501147 1.3251526355743408 2189
1766846501443 1.2457704544067383 2199
1766846501742 1.310670256614685 2209
1766846502036 1.444534420967102 2219
1766846502333 1.3784565925598145 2229
1766846502633 1.4214317798614502 2239
1766846502929 1.1850035190582275 2249
1766846503227 1.2488707304000854 2259
1766846503530 1.428581714630127 2269
1766846503829 1.2392891645431519 2279
1766846504126 1.3959031105041504 2289
1766846504450 1.2967009544372559 2299
1766846504752 1.3802539110183716 2309
1766846505051 1.2215758562088013 2319
1766846505345 1.3280751705169678 2329
1766846505647 1.2638752460479736 2339
1766846508903 1.4563884735107422 2349
1766846509206 1.1896512508392334 2359
1766846509503 1.4466780424118042 2369
1766846509802 1.2916613817214966 2379
1766846510102 1.3872894048690796 2389
1766846510397 1.222242832183838 2399
1766846510694 1.2794359922409058 2409
1766846510993 1.2816309928894043 2419
1766846511289 1.3851101398468018 2429
1766846511587 1.2926579713821411 2439
1766846511882 1.2908515930175781 2449
1766846512178 1.2778944969177246 2459
1766846512480 1.0856291055679321 2469
1766846512777 1.3785381317138672 2479
1766846513074 1.3201848268508911 2489
1766846513368 1.3702654838562012 2499
1766846513665 1.28537917137146 2509
1766846513971 1.3984135389328003 2519
1766846514275 1.228090524673462 2529
1766846514571 1.266850233078003 2539
1766846514870 1.3429224491119385 2549
1766846515164 1.2154759168624878 2559
1766846515463 1.3011176586151123 2569
1766846515762 1.256488561630249 2579
1766846516056 1.3995939493179321 2589
1766846516354 1.2251298427581787 2599
1766846516648 1.2914392948150635 2609
1766846516945 1.2803761959075928 2619
1766846517242 1.4390777349472046 2629
1766846517538 1.3152153491973877 2639
1766846517836 1.411316990852356 2649
1766846518131 1.2027465105056763 2659
1766846518428 1.3984596729278564 2669
1766846518716 1.244784951210022 2679
1766846521983 1.2659916877746582 2689
1766846522280 1.3123670816421509 2699
1766846522581 1.287107229232788 2709
1766846522881 1.3912029266357422 2719
1766846523178 1.3768895864486694 2729
1766846523476 1.3424878120422363 2739
1766846523778 1.1267865896224976 2749
1766846524072 1.3155431747436523 2759
1766846524369 1.3544397354125977 2769
1766846524664 1.2993552684783936 2779
1766846524964 1.306765079498291 2789
1766846525262 1.3247711658477783 2799
1766846525560 1.3072071075439453 2809
1766846525863 1.1748679876327515 2819
1766846526161 1.185091495513916 2829
1766846526456 1.250457525253296 2839
1766846526752 1.3146971464157104 2849
1766846527049 1.2497279644012451 2859
1766846527345 1.2176597118377686 2869
1766846527642 1.199753761291504 2879
1766846527942 1.3203628063201904 2889
1766846528237 1.411081314086914 2899
1766846528532 1.3753451108932495 2909
1766846528838 1.1992707252502441 2919
1766846529134 1.3739937543869019 2929
1766846532760 1.1960971355438232 2939
1766846533057 1.388667106628418 2949
1766846533356 1.1783859729766846 2959
1766846533651 1.1676386594772339 2969
1766846533948 1.3985223770141602 2979
1766846534247 1.3894541263580322 2989
1766846534543 1.3777885437011719 2999
1766846534841 1.2153055667877197 3009
1766846538096 1.354588270187378 3019
1766846538399 1.339491605758667 3029
1766846538697 1.4295969009399414 3039
1766846538992 1.3134995698928833 3049
1766846539294 1.3459808826446533 3059
1766846539595 1.3956438302993774 3069
1766846539888 1.2459852695465088 3079
1766846540185 1.3211337327957153 3089
1766846540486 1.2721199989318848 3099
1766846540781 1.154710054397583 3109
1766846541077 1.3553487062454224 3119
1766846541378 1.2155265808105469 3129
1766846541673 1.238539695739746 3139
1766846541971 1.1773653030395508 3149
1766846542268 1.2745193243026733 3159
1766846542562 1.3090670108795166 3169
1766846542856 1.3639657497406006 3179
1766846543154 1.2317540645599365 3189
1766846543452 1.2303248643875122 3199
1766846543749 1.293371319770813 3209
1766846544049 1.1210269927978516 3219
1766846544342 1.1414951086044312 3229
1766846544639 1.315521001815796 3239
1766846544940 1.137023687362671 3249
1766846545239 1.2103321552276611 3259
1766846545536 1.2202069759368896 3269
1766846545833 1.2578657865524292 3279
1766846546130 1.3159515857696533 3289
1766846546427 1.1142997741699219 3299
1766846546724 1.1845965385437012 3309
1766846547025 1.3504959344863892 3319
1766846547324 1.3077893257141113 3329
1766846547661 1.2209081649780273 3339
1766846547958 1.315154790878296 3349
1766846551325 1.1245228052139282 3359
1766846551649 1.399699330329895 3369
1766846551969 1.0296525955200195 3379
1766846552282 1.2685264348983765 3389
1766846552593 1.1836662292480469 3399
1766846552901 1.202185869216919 3409
1766846553233 1.1622943878173828 3419
1766846553561 1.1826918125152588 3429
1766846553877 1.1524674892425537 3439
1766846554184 1.1967576742172241 3449
1766846554498 1.2313270568847656 3459
1766846554816 1.2236045598983765 3469
1766846555127 1.2035338878631592 3479
1766846555444 1.3190020322799683 3489
1766846555771 1.2688006162643433 3499
1766846556086 1.140967845916748 3509
1766846556401 1.1568857431411743 3519
1766846556716 1.2824854850769043 3529
1766846557019 1.316702127456665 3539
1766846557330 1.2816073894500732 3549
1766846557653 1.3384729623794556 3559
1766846557962 1.2230030298233032 3569
1766846558271 1.147485613822937 3579
1766846558581 1.2983176708221436 3589
1766846558899 1.161623239517212 3599
1766846559226 1.2631293535232544 3609
1766846559550 1.2167139053344727 3619
1766846559873 1.2789514064788818 3629
1766846560196 1.2624971866607666 3639
1766846560535 1.3336588144302368 3649
1766846560864 1.216430902481079 3659
1766846561197 1.1875420808792114 3669
1766846561530 1.3252842426300049 3679
1766846568292 1.2636682987213135 3689
1766846568627 1.2949628829956055 3699
1766846568957 1.2953208684921265 3709
1766846569285 1.2866275310516357 3719
1766846569614 1.1792140007019043 3729
1766846569953 1.2553706169128418 3739
1766846570284 1.0164119005203247 3749
1766846570614 1.2201470136642456 3759
1766846570942 1.199412226676941 3769
1766846571282 1.2067910432815552 3779
1766846571609 1.1846390962600708 3789
1766846571949 1.1363109350204468 3799
1766846572284 1.1202607154846191 3809
1766846572620 1.157801628112793 3819
1766846572946 1.2477301359176636 3829
1766846573277 1.2042490243911743 3839
1766846573605 1.281481146812439 3849
1766846573932 1.1907439231872559 3859
1766846574258 1.1782195568084717 3869
1766846574591 1.4995882511138916 3879
1766846574911 1.1716055870056152 3889
1766846575243 1.3106249570846558 3899
1766846575577 1.3299243450164795 3909
1766846575897 1.1308807134628296 3919
1766846576222 1.2424068450927734 3929
1766846576547 1.273813247680664 3939
1766846576868 1.2048635482788086 3949
1766846577192 1.2759559154510498 3959
1766846577519 1.3697688579559326 3969
1766846577845 1.3005638122558594 3979
1766846578177 1.0742241144180298 3989
1766846578507 1.2622023820877075 3999
1766846578844 1.146291732788086 4009
1766846579181 1.2752810716629028 4019
1766846582479 1.230255126953125 4029
1766846582792 1.1956478357315063 4039
1766846583087 1.2979836463928223 4049
1766846583388 1.2523385286331177 4059
1766846583687 1.0656070709228516 4069
1766846583982 1.1390349864959717 4079
1766846584280 1.2075327634811401 4089
1766846584581 1.2558586597442627 4099
1766846584880 1.2476056814193726 4109
1766846585176 1.3607813119888306 4119
1766846585474 1.0698790550231934 4129
1766846585778 1.124382734298706 4139
1766846586077 1.1663763523101807 4149
1766846586375 1.1659409999847412 4159
1766846586671 1.2540544271469116 4169
1766846586969 1.2077412605285645 4179
1766846587268 1.2300459146499634 4189
1766846587563 1.1662051677703857 4199
1766846587858 1.274832844734192 4209
1766846588153 1.3203338384628296 4219
1766846588450 1.2730121612548828 4229
1766846588748 1.1945533752441406 4239
1766846589044 1.2457373142242432 4249
1766846589345 1.3829231262207031 4259
1766846589641 1.1220895051956177 4269
1766846589934 1.2978439331054688 4279
1766846590235 1.1938494443893433 4289
1766846590532 1.1364985704421997 4299
1766846590827 1.4307732582092285 4309
1766846591124 1.1370055675506592 4319
1766846591426 1.3359326124191284 4329
1766846591722 1.118962287902832 4339
1766846592029 1.181603193283081 4349
1766846595529 1.1879082918167114 4359
1766846595852 1.3802694082260132 4369
1766846596171 1.1666852235794067 4379
1766846596486 1.2409207820892334 4389
1766846596809 1.2730127573013306 4399
1766846597127 1.1313822269439697 4409
1766846597438 1.272900938987732 4419
1766846597784 1.0846889019012451 4429
1766846598113 1.3257840871810913 4439
1766846598460 1.0900541543960571 4449
1766846598774 1.1237443685531616 4459
1766846599081 1.109769582748413 4469
1766846599403 1.126388430595398 4479
1766846599736 1.1199183464050293 4489
1766846600046 1.0597214698791504 4499
1766846603693 1.17360258102417 4509
1766846604012 1.3250914812088013 4519
1766846604320 1.2036514282226562 4529
1766846604628 1.219150185585022 4539
1766846604936 1.1503609418869019 4549
1766846605246 1.3156764507293701 4559
1766846605554 1.1553372144699097 4569
1766846605858 1.2703161239624023 4579
1766846606168 1.2760684490203857 4589
1766846606471 1.1405185461044312 4599
1766846606776 1.2801768779754639 4609
1766846607087 1.4646224975585938 4619
1766846607406 1.2098805904388428 4629
1766846607727 1.246282696723938 4639
1766846608048 1.1728427410125732 4649
1766846608368 1.1917750835418701 4659
1766846608684 1.0855042934417725 4669
1766846609006 1.2275059223175049 4679
1766846609321 1.24542236328125 4689
1766846612675 1.0981816053390503 4699
1766846612988 1.1530927419662476 4709
1766846613303 1.2535221576690674 4719
1766846613611 1.2202295064926147 4729
1766846613924 1.1183295249938965 4739
1766846614238 1.3433942794799805 4749
1766846614553 1.2060940265655518 4759
1766846614866 1.1602082252502441 4769
1766846615184 1.1613118648529053 4779
1766846615494 1.266916036605835 4789
1766846615813 1.2458813190460205 4799
1766846616125 1.2608630657196045 4809
1766846616442 1.306227445602417 4819
1766846616759 1.3093113899230957 4829
1766846617068 1.2277967929840088 4839
1766846617380 1.1370915174484253 4849
1766846617690 1.273396611213684 4859
1766846618007 1.2016470432281494 4869
1766846618322 1.0812087059020996 4879
1766846618638 1.1510372161865234 4889
1766846618948 1.2942774295806885 4899
1766846619260 1.3249437808990479 4909
1766846619575 1.1780751943588257 4919
1766846619888 1.503894567489624 4929
1766846620202 1.2320321798324585 4939
1766846620515 1.2288976907730103 4949
1766846620827 1.0761176347732544 4959
1766846621142 1.4427130222320557 4969
1766846621452 1.0905132293701172 4979
1766846621764 1.4196096658706665 4989
1766846622079 1.2616139650344849 4999
1766846622398 1.0745251178741455 5009
1766846622713 1.1665129661560059 5019
1766846626057 1.0995025634765625 5029
1766846626385 1.1418509483337402 5039
1766846626709 1.1397209167480469 5049
1766846627020 1.2196904420852661 5059
1766846627344 1.2274150848388672 5069
1766846627658 1.1460785865783691 5079
1766846627977 1.1957422494888306 5089
1766846628290 1.2069251537322998 5099
1766846628604 1.221769094467163 5109
1766846628913 1.0364587306976318 5119
1766846629239 1.1921411752700806 5129
1766846629541 1.3623217344284058 5139
1766846629841 1.191908597946167 5149
1766846630137 1.1031785011291504 5159
1766846630433 1.2302972078323364 5169
1766846630730 1.1251169443130493 5179
1766846631027 1.132188320159912 5189
1766846631329 1.2359867095947266 5199
1766846631626 1.2644234895706177 5209
1766846631924 1.1451425552368164 5219
1766846632227 1.1949108839035034 5229
1766846632527 1.1873959302902222 5239
1766846632824 1.187299370765686 5249
1766846633124 1.2421683073043823 5259
1766846633423 1.1995787620544434 5269
1766846633724 1.1634857654571533 5279
1766846634020 1.097659945487976 5289
1766846634323 1.0789072513580322 5299
1766846634621 1.1773202419281006 5309
1766846634919 1.2044243812561035 5319
1766846635225 1.34767746925354 5329
1766846635536 1.2841627597808838 5339
1766846635833 1.0805466175079346 5349
1766846639451 1.0450290441513062 5359
1766846642762 1.1069532632827759 5369
1766846643065 1.2027738094329834 5379
1766846643364 1.2762813568115234 5389
1766846643662 1.2986360788345337 5399
1766846643961 1.1481853723526 5409
1766846644285 1.234000325202942 5419
1766846644602 1.1824536323547363 5429
1766846644911 1.1768302917480469 5439
1766846645227 1.0897855758666992 5449
1766846645561 1.464998483657837 5459
1766846645875 1.261285662651062 5469
1766846646181 1.192194938659668 5479
1766846646493 1.139665961265564 5489
1766846646802 1.285109043121338 5499
1766846647114 1.2739275693893433 5509
1766846647417 1.2624475955963135 5519
1766846647722 1.170170783996582 5529
1766846648031 1.2027719020843506 5539
1766846648338 1.177329421043396 5549
1766846648643 1.2754335403442383 5559
1766846648951 1.2671653032302856 5569
1766846649261 1.2183010578155518 5579
1766846649567 1.1965285539627075 5589
1766846649878 1.1960999965667725 5599
1766846650186 1.2840237617492676 5609
1766846650501 1.3646249771118164 5619
1766846650818 1.1153337955474854 5629
1766846651133 1.181068778038025 5639
1766846651448 1.0631753206253052 5649
1766846651753 1.2223807573318481 5659
1766846652061 1.3512898683547974 5669
1766846652373 1.1989712715148926 5679
1766846652685 1.0566344261169434 5689
1766846655963 1.3501931428909302 5699
1766846656277 1.1132423877716064 5709
1766846656601 1.2452718019485474 5719
1766846656909 1.1132208108901978 5729
1766846657225 1.171114444732666 5739
1766846657525 1.1260712146759033 5749
1766846657846 1.2031385898590088 5759
1766846658157 1.1391857862472534 5769
1766846658476 1.184281587600708 5779
1766846658796 1.108350396156311 5789
1766846659112 1.2202727794647217 5799
1766846659431 1.2326035499572754 5809
1766846659753 1.217227578163147 5819
1766846660078 1.1864550113677979 5829
1766846660398 1.1028428077697754 5839
1766846660716 1.2833683490753174 5849
1766846661035 1.3092188835144043 5859
1766846661360 1.0685797929763794 5869
1766846661678 1.1812539100646973 5879
1766846661992 1.1725908517837524 5889
1766846662311 1.1348176002502441 5899
1766846662631 1.2129251956939697 5909
1766846662949 1.2535589933395386 5919
1766846663268 1.2172420024871826 5929
1766846663586 1.249290943145752 5939
1766846663907 1.1425608396530151 5949
1766846664231 1.1583662033081055 5959
1766846664550 1.0094828605651855 5969
1766846664870 1.1808850765228271 5979
1766846665234 1.2551796436309814 5989
1766846665587 1.2895561456680298 5999
1766846665908 1.297741174697876 6009
1766846666221 1.2048434019088745 6019
1766846666523 1.1706377267837524 6029
1766846669799 1.0778635740280151 6039
1766846670129 1.2247620820999146 6049
1766846670479 1.2318294048309326 6059
1766846670792 1.1330121755599976 6069
1766846671109 1.106008529663086 6079
1766846671421 1.2811616659164429 6089
1766846675065 1.1803473234176636 6099
1766846675376 1.2550643682479858 6109
1766846675687 1.143869400024414 6119
1766846675993 1.3053950071334839 6129
1766846676300 1.1798306703567505 6139
1766846676624 1.1365755796432495 6149
1766846676935 1.1207611560821533 6159
1766846677244 1.0458805561065674 6169
1766846677559 1.268754005432129 6179
1766846677877 1.3150521516799927 6189
1766846678187 1.1451199054718018 6199
1766846678490 1.3918575048446655 6209
1766846678803 1.3100029230117798 6219
1766846679110 1.2471035718917847 6229
1766846679419 1.199312686920166 6239
1766846679725 1.14937424659729 6249
1766846680030 1.194117546081543 6259
1766846680333 1.177606463432312 6269
1766846680636 1.100083351135254 6279
1766846680950 1.1609206199645996 6289
1766846681264 1.1327491998672485 6299
1766846681573 1.1553938388824463 6309
1766846681890 1.1659742593765259 6319
1766846682201 1.3328953981399536 6329
1766846682508 1.110825538635254 6339
1766846682837 1.1793190240859985 6349
1766846683146 1.220064401626587 6359
1766846686480 1.240512490272522 6369
1766846686810 1.0154972076416016 6379
1766846687130 1.175595998764038 6389
1766846687443 1.2098039388656616 6399
1766846687757 1.109772801399231 6409
1766846688086 1.2373900413513184 6419
1766846688425 1.1245768070220947 6429
1766846688752 1.0476350784301758 6439
1766846689062 1.2236433029174805 6449
1766846689369 1.0647482872009277 6459
1766846689680 1.2759455442428589 6469
1766846689993 1.340836763381958 6479
1766846690310 1.3336347341537476 6489
1766846690619 1.1652640104293823 6499
1766846690933 1.079529881477356 6509
1766846691251 1.230002760887146 6519
1766846691559 1.3436094522476196 6529
1766846691870 1.1351587772369385 6539
1766846692203 1.0896673202514648 6549
1766846692526 1.1072931289672852 6559
1766846692847 1.20380699634552 6569
1766846693166 1.2509006261825562 6579
1766846693496 1.2500526905059814 6589
1766846693809 1.1985723972320557 6599
1766846694144 1.2606935501098633 6609
1766846694458 1.2580209970474243 6619
1766846694768 1.0656282901763916 6629
1766846695099 1.2337340116500854 6639
1766846695425 0.9979204535484314 6649
1766846695750 1.389445185661316 6659
1766846696064 1.0748164653778076 6669
1766846696377 1.1214966773986816 6679
1766846696690 1.1006574630737305 6689
1766846697001 1.1366454362869263 6699
1766846700312 1.154458999633789 6709
1766846700622 0.9953879714012146 6719
1766846700938 1.1032764911651611 6729
1766846701251 1.3091926574707031 6739
1766846701556 1.159010887145996 6749
1766846701863 1.1025192737579346 6759
1766846702176 1.284111738204956 6769
1766846702487 1.1471501588821411 6779
1766846702796 1.107339859008789 6789
1766846703103 1.1002047061920166 6799
1766846703414 1.1588356494903564 6809
1766846703740 1.2039179801940918 6819
1766846704049 1.1092982292175293 6829
1766846704357 1.1258009672164917 6839
1766846704670 1.1657463312149048 6849
1766846704980 1.128998875617981 6859
1766846705306 1.0659536123275757 6869
1766846705615 1.0253245830535889 6879
1766846705937 1.258641004562378 6889
1766846706243 1.1623138189315796 6899
1766846706554 1.2558856010437012 6909
1766846706861 1.146399736404419 6919
1766846710499 1.243035912513733 6929
1766846710808 1.4021776914596558 6939
1766846711115 1.2026408910751343 6949
1766846711428 1.1867679357528687 6959
1766846711740 1.2784069776535034 6969
1766846712047 1.1366544961929321 6979
1766846712355 1.173663854598999 6989
1766846712668 1.274872064590454 6999
1766846712976 1.0863691568374634 7009
1766846713285 1.1389249563217163 7019
1766846713598 1.209494948387146 7029
1766846716884 1.189371109008789 7039
1766846717202 1.1344584226608276 7049
1766846717512 0.8323533535003662 7059
1766846717819 1.2114802598953247 7069
1766846718131 1.1521146297454834 7079
1766846718438 1.1039105653762817 7089
1766846718754 1.1415417194366455 7099
1766846719060 1.0292669534683228 7109
1766846719371 1.018471598625183 7119
1766846719675 1.2714054584503174 7129
1766846719984 1.0745972394943237 7139
1766846720293 1.1367230415344238 7149
1766846720601 1.1808933019638062 7159
1766846720913 1.2345426082611084 7169
1766846721230 1.3055862188339233 7179
1766846721558 1.1816041469573975 7189
1766846721864 1.3454698324203491 7199
1766846722174 1.1021993160247803 7209
1766846722489 1.036658763885498 7219
1766846722801 1.1350128650665283 7229
1766846723108 1.1461126804351807 7239
1766846723416 1.3596718311309814 7249
1766846723723 1.2852736711502075 7259
1766846724029 1.1720572710037231 7269
1766846724341 1.1499131917953491 7279
1766846724650 1.2927169799804688 7289
1766846724960 1.024773120880127 7299
1766846725280 1.2377817630767822 7309
1766846725598 1.0818860530853271 7319
1766846725912 1.1496849060058594 7329
1766846726228 1.1833274364471436 7339
1766846726541 1.126753807067871 7349
1766846726851 1.2004938125610352 7359
1766846727158 1.1499056816101074 7369
1766846730436 1.1772092580795288 7379
1766846730749 1.2769205570220947 7389
1766846731062 0.9740286469459534 7399
1766846731374 0.9996157288551331 7409
1766846731686 1.2178328037261963 7419
1766846732001 1.1692662239074707 7429
1766846732311 1.144344687461853 7439
1766846732625 1.1443686485290527 7449
1766846732936 1.049331784248352 7459
1766846733248 1.1585869789123535 7469
1766846733557 1.1052446365356445 7479
1766846733865 1.104246973991394 7489
1766846734174 1.1594617366790771 7499
1766846734485 1.0099443197250366 7509
1766846734797 1.1917784214019775 7519
1766846735105 1.2796112298965454 7529
1766846735416 1.1352121829986572 7539
1766846735723 1.129582166671753 7549
1766846736033 1.2872110605239868 7559
1766846736352 1.0853064060211182 7569
1766846736659 1.2086538076400757 7579
1766846736975 1.2289353609085083 7589
1766846737285 1.0194222927093506 7599
1766846737593 1.049701452255249 7609
1766846737902 1.0437417030334473 7619
1766846738214 1.2410595417022705 7629
1766846738521 1.2458828687667847 7639
1766846738836 1.142812728881836 7649
1766846739149 1.0874475240707397 7659
1766846739457 1.0455318689346313 7669
1766846739770 1.1818921566009521 7679
1766846740082 1.1489958763122559 7689
1766846740393 1.2018070220947266 7699
1766846747062 1.1258419752120972 7709
1766846747375 1.0988519191741943 7719
1766846747681 0.9633110761642456 7729
1766846747990 1.3929980993270874 7739
1766846748301 1.0727102756500244 7749
1766846748611 1.0136504173278809 7759
1766846748919 1.094083547592163 7769
1766846749224 1.2096824645996094 7779
1766846749534 1.3624815940856934 7789
1766846749840 1.102292537689209 7799
1766846750150 1.1348981857299805 7809
1766846750461 1.132313847541809 7819
1766846750772 1.1338459253311157 7829
1766846751083 1.0834941864013672 7839
1766846751397 1.244593858718872 7849
1766846751707 0.9591256380081177 7859
1766846752017 1.2331562042236328 7869
1766846752328 1.1707664728164673 7879
1766846752635 1.1567474603652954 7889
1766846752946 1.1863422393798828 7899
1766846753253 1.2094855308532715 7909
1766846753559 1.1076661348342896 7919
1766846753872 1.1735045909881592 7929
1766846754200 1.0865195989608765 7939
1766846754510 1.0753148794174194 7949
1766846754823 1.373172402381897 7959
1766846755132 1.114753007888794 7969
1766846755440 1.1192306280136108 7979
1766846755751 1.0247948169708252 7989
1766846756062 1.0078673362731934 7999
1766846756370 1.2137928009033203 8009
1766846756682 1.1047121286392212 8019
1766846756994 1.2888497114181519 8029
1766846757300 1.244141936302185 8039
1766846760624 1.0569517612457275 8049
1766846760931 1.1166448593139648 8059
1766846761243 1.0407692193984985 8069
1766846761549 1.279397964477539 8079
1766846761860 1.105794906616211 8089
1766846762168 1.122194528579712 8099
1766846762482 0.9597824811935425 8109
1766846762788 1.1162816286087036 8119
1766846763099 1.0972734689712524 8129
1766846763408 1.2219560146331787 8139
1766846763718 1.3117667436599731 8149
1766846764026 1.2220057249069214 8159
1766846764329 1.20728600025177 8169
1766846764642 1.1829760074615479 8179
1766846764951 1.1677037477493286 8189
1766846765261 1.1153385639190674 8199
1766846765568 1.3672475814819336 8209
1766846765883 1.2728959321975708 8219
1766846766191 1.1808207035064697 8229
1766846766506 1.1486765146255493 8239
1766846766817 1.291221261024475 8249
1766846767125 1.3323239088058472 8259
1766846767435 1.2086061239242554 8269
1766846767743 1.2985467910766602 8279
1766846768056 1.1321825981140137 8289
1766846768370 1.140255331993103 8299
1766846768681 1.3693385124206543 8309
1766846768992 1.1489787101745605 8319
1766846769306 1.0942788124084473 8329
1766846769637 1.0543842315673828 8339
1766846769946 1.0035549402236938 8349
1766846770256 1.0467619895935059 8359
1766846770568 1.1531805992126465 8369
