1766869216785 0.01209000000017113 0
1766869217788 4.307904999997845 1
1766869218791 15.69437100000141 2
1766869219794 15.858501999999135 3
1766869220797 15.871375999999145 4
1766869225384 15.917394000000058 5
1766869226387 15.935859000001074 6
1766869227401 15.949458999999479 7
1766869216785 0.01209000000017113 0
1766869228418 16.097356999998738 8
1766869229421 16.179032000000007 9
1766869230424 31.789511999999377 10
1766869231428 31.79483700000128 11
1766869232431 31.80082499999844 12
1766869233434 31.99124899999879 13
1766869234437 31.998155999997834 14
1766869235457 32.04712899999868 15
