1766869216785 0.01209000000017113 0
1766869217788 4.307905000001483 1
1766869218791 15.69437100000141 2
1766869219794 15.85857599999872 3
1766869220797 15.871524000001955 4
1766869225384 15.917349999999715 5
1766869226387 15.940091000000393 6
1766869227401 15.953690999998798 7
1766869216785 0.01209000000017113 0
1766869228418 16.101589000001695 8
1766869229421 16.183263999999326 9
1766869230424 31.793743999998696 10
1766869231428 31.799143000000186 11
1766869232431 31.80558799999926 12
1766869233434 31.99779000000126 13
1766869234437 32.004697000000306 14
1766869235457 32.05367000000115 15
